"term","estimate","std.error","statistic","p.value","conf.low","conf.high","bootstrap_rep"
"(Intercept)",-2.92312675912522,0.123174038971502,-23.7316790415676,0,-3.1645434393397,-2.68171007891074,1
"ch_central.slope.difference",-0.184957910909248,0.096157091388175,-1.92349735457986,0.0544176184083405,-0.373422346888198,0.00350652506970145,1
"ch_curvature.median",0.41914511405265,0.133475623201911,3.14023717588193,0.00168811104652566,0.157537699762866,0.680752528342435,1
"ch_stream.power",0.304388385291108,0.14225713754578,2.13970553985843,0.0323785710713831,0.0255695191576186,0.583207251424598,1
"ch_valley_width",-0.00110376134328785,0.157180061320014,-0.00702227327065752,0.994397082624452,-0.309171020618313,0.306963497931738,1
"hs_area",0.137975370091634,0.115650219847562,1.19304027500768,0.232853600181234,-0.0886948956137276,0.364645635796995,1
"hs_bare.earth.mean",-0.146310561506934,0.0364153092580647,-4.0178310849998,5.87362757193954e-05,-0.217683256138628,-0.0749378668752387,1
"hs_curvature.median",-0.0250632285579918,0.0389736929509043,-0.643080669557393,0.520171756816974,-0.101450263086287,0.0513238059703032,1
"hs_eastness.median",-0.329056552271016,0.120580899679669,-2.728927658901,0.00635406411670414,-0.565390772866604,-0.0927223316754273,1
"hs_extended.dnbr.median",-0.105297117712868,0.137712390946659,-0.764616146659263,0.444500151426377,-0.37520844419322,0.164614208767483,1
"hs_flow.accumulation.max",-0.470798920147006,0.146238777977531,-3.21938494466456,0.00128465902238273,-0.757421658126115,-0.184176182167897,1
"hs_ndvi.min",0.204152060844546,0.108039698486856,1.88960228234423,0.0588111717029516,-0.0076018570902584,0.41590597877935,1
"hs_ndvi.range",0.115525687948236,0.168818849675843,0.68431746911001,0.493774718252816,-0.215353177327897,0.446404553224369,1
"hs_northness.median",-0.323192496129939,0.125925618984008,-2.56653490161508,0.0102720287329017,-0.570002174069508,-0.0763828181903703,1
"hs_slope.median",0.148561924112838,0.112306185632244,1.32282939961398,0.185892117914409,-0.0715541549674304,0.368678003193107,1
"ws_bare.earth_mean",0.283829865139429,0.230511977894669,1.23130202487405,0.21820992485678,-0.167965309539215,0.735625039818073,1
"ws_dnbr.extended_mean",0.672387173696858,0.216436021299264,3.10663248040008,0.00189231496577946,0.248180366993157,1.09659398040056,1
"ws_Kw",0.11085461737004,0.200278368005023,0.553502699638833,0.579919232512627,-0.281683770802264,0.503393005542343,1
"ws_ndvi.mean_mean",-0.136680866110985,0.0910278877648637,-1.50152738316909,0.133219209581188,-0.315092247718872,0.0417305154969019,1
"(Intercept)",-2.86015756242081,0.490685250123341,-5.82890470357906,5.57923507393809e-09,-3.82188298040759,-1.89843214443403,2
"ch_central.slope.difference",-0.110500250603694,0.103654739104527,-1.06604147150729,0.286404895254671,-0.313659806075463,0.0926593048680742,2
"ch_curvature.median",0.349951163964506,0.128521198914404,2.72290615805395,0.00647104361414774,0.0980542428423669,0.601848085086645,2
"ch_stream.power",0.214853413257422,0.1583006264871,1.35724929221888,0.174702013329425,-0.0954101133874214,0.525116939902266,2
"ch_valley_width",-0.0588716003767727,0.164275704130594,-0.358370707880039,0.720065909629341,-0.380846064007694,0.263102863254149,2
"hs_area",0.025362186098346,0.114031205193982,0.222414435199572,0.823991275563225,-0.198134869195555,0.248859241392247,2
"hs_bare.earth.mean",-0.212875563581315,0.043754806887596,-4.8651926205087,1.14345390866966e-06,-0.298633409231508,-0.127117717931122,2
"hs_curvature.median",-0.0484406267825234,0.0563394342743605,-0.859799666191683,0.389899483322556,-0.158863888869631,0.0619826353045846,2
"hs_eastness.median",-0.0746118666230663,0.101170791855786,-0.737484260570206,0.460827911265941,-0.272902974947805,0.123679241701672,2
"hs_extended.dnbr.median",0.157473419012986,0.135075593233183,1.16581697139866,0.243688453964176,-0.107269878914434,0.422216716940406,2
"hs_flow.accumulation.max",-0.410608995769029,0.138036228049309,-2.97464659511234,0.00293326264228511,-0.681155031307433,-0.140062960230625,2
"hs_ndvi.min",-0.00689485972245531,0.119012988593401,-0.0579336743320603,0.953801459919333,-0.240156031057998,0.226366311613087,2
"hs_ndvi.range",0.0320350872284856,0.17352619410463,0.184612400414716,0.853533059007734,-0.308070003590895,0.372140178047866,2
"hs_northness.median",-0.0522288825970833,0.117537059303544,-0.444360977776381,0.656781621368471,-0.282597285680778,0.178139520486611,2
"hs_slope.median",-0.128646104804148,0.112543961239324,-1.14307425638398,0.253007761761108,-0.349228215510695,0.0919360059023988,2
"ws_bare.earth_mean",-0.473152926007565,0.457647831537237,-1.03387996927298,0.301192280327296,-1.3701261934234,0.423820341408274,2
"ws_dnbr.extended_mean",-0.655393581119645,0.424346977238374,-1.54447566796613,0.122473141407237,-1.4870983734553,0.176311211216007,2
"ws_Kw",0.304084566427094,0.18302984998743,1.66139329977038,0.09663448258893,-0.0546473476440382,0.662816480498225,2
"ws_ndvi.mean_mean",0.164509326090525,0.183210444545969,0.897925478529409,0.369225280291551,-0.194576546811147,0.523595198992196,2
"(Intercept)",-2.95589699683743,0.566468379330214,-5.21811473454608,1.80753489287255e-07,-4.06615461870542,-1.84563937496943,3
"ch_central.slope.difference",0.14694558938018,0.0893591705946582,1.64443770462843,0.100085822181267,-0.0281951666737204,0.322086345434081,3
"ch_curvature.median",0.273036619002472,0.12347879225289,2.21120253948776,0.0270218146161929,0.0310226333323041,0.51505060467264,3
"ch_stream.power",0.267573184873099,0.148934702878235,1.79658051281614,0.0724022403725002,-0.0243334688164157,0.559479838562614,3
"ch_valley_width",-0.104362621167133,0.136445824944675,-0.764864892051107,0.444352001546095,-0.371791523899554,0.163066281565287,3
"hs_area",0.0935112846328387,0.112014974841474,0.834810566758398,0.403824375390188,-0.126034031785611,0.313056601051288,3
"hs_bare.earth.mean",-0.188809748513873,0.0414216367277332,-4.55823968895606,5.15841479864498e-06,-0.269994664680932,-0.107624832346815,3
"hs_curvature.median",0.129241923150263,0.054871499045713,2.35535615753075,0.018504959878094,0.0216957612429415,0.236788085057584,3
"hs_eastness.median",-0.24191743345003,0.146114380573241,-1.65567162178652,0.097788337219292,-0.528296356996961,0.0444614900969012,3
"hs_extended.dnbr.median",-0.0843539395294571,0.137309189727729,-0.614335717053775,0.538993504981056,-0.353475006142183,0.184767127083269,3
"hs_flow.accumulation.max",-0.0968225655750344,0.130921054520697,-0.739549233921945,0.459573555138322,-0.353423117253605,0.159777986103536,3
"hs_ndvi.min",0.14670391657725,0.112498254285617,1.30405504964362,0.192214813493451,-0.0737886101461868,0.367196443300688,3
"hs_ndvi.range",-0.314008581231649,0.150521670971303,-2.08613536645839,0.036966362900875,-0.609025635228192,-0.0189915272351067,3
"hs_northness.median",0.0915321811032791,0.136104468695733,0.672514150199599,0.501256434902346,-0.175227675675318,0.358292037881876,3
"hs_slope.median",0.090709796212846,0.119220672374765,0.760856271030778,0.44674291987695,-0.142958427854343,0.324378020280035,3
"ws_bare.earth_mean",1.20533299615271,0.513125442136244,2.34900259697641,0.0188237755204048,0.199625610014475,2.21104038229094,3
"ws_dnbr.extended_mean",-0.107601371924107,0.453069254297411,-0.237494314397845,0.812273329503829,-0.995600792849451,0.780398049001238,3
"ws_Kw",0.408819899114039,0.21532805875065,1.89859092905051,0.0576182819985931,-0.0132153408981593,0.830855139126238,3
"ws_ndvi.mean_mean",0.490383099461878,0.183546275224083,2.67171370741897,0.00754650024075088,0.130639010526199,0.850127188397558,3
"(Intercept)",-2.99839512074495,0.536547228525343,-5.58831536412144,2.29282981489831e-08,-4.05000836465941,-1.9467818768305,4
"ch_central.slope.difference",0.0193646325676911,0.100586004320752,0.192518160935596,0.847336343611836,-0.177780313249773,0.216509578385156,4
"ch_curvature.median",-0.0898038125838872,0.140936444619045,-0.637193685612185,0.523998690183486,-0.36603416814634,0.186426542978566,4
"ch_stream.power",-0.285184373350619,0.149976593894023,-1.90152587111117,0.0572331671439401,-0.579133095906894,0.00876434920565622,4
"ch_valley_width",0.101416204499667,0.140970940247068,0.719412130769101,0.471887024716984,-0.174881761251335,0.377714170250669,4
"hs_area",0.209222472598472,0.112935591060931,1.85258226067629,0.0639422569943955,-0.0121272184536958,0.43057216365064,4
"hs_bare.earth.mean",-0.07094167951134,0.042814136978355,-1.65696857435676,0.0975258287748706,-0.15485584601808,0.0129724869954004,4
"hs_curvature.median",0.00535833197666028,0.0440090643569045,0.121755189640146,0.903092903317594,-0.0808978491561779,0.0916145131094984,4
"hs_eastness.median",-0.344588583844264,0.152575589561809,-2.25847781308864,0.0239158862890687,-0.643631244305374,-0.0455459233831537,4
"hs_extended.dnbr.median",-0.14680211888003,0.158308184691958,-0.927318566413248,0.353761157326732,-0.457080459334182,0.163476221574122,4
"hs_flow.accumulation.max",-0.111012973824577,0.148599835273372,-0.747059871367637,0.455027421561734,-0.40226329906897,0.180237351419816,4
"hs_ndvi.min",0.464893782533973,0.125648468257039,3.6999558290113,0.000215636995950508,0.218627310037552,0.711160255030395,4
"hs_ndvi.range",0.201284803093715,0.179112308051281,1.12379101851608,0.261101692587335,-0.14976886987464,0.55233847606207,4
"hs_northness.median",-0.036337567512388,0.136737983164864,-0.26574596663881,0.790434859546235,-0.304339089834165,0.231663954809389,4
"hs_slope.median",0.154261385667301,0.119538426270274,1.29047529301181,0.196885684816065,-0.0800296245910314,0.388552395925634,4
"ws_bare.earth_mean",1.19669017201684,0.485599782927736,2.46435483311351,0.0137260152054555,0.244932086578008,2.14844825745567,4
"ws_dnbr.extended_mean",0.90152846529564,0.480511849232592,1.87618362946811,0.060630069198949,-0.0402574533449805,1.84331438393626,4
"ws_Kw",0.33933209104321,0.16696264536335,2.03238329330938,0.0421148680700267,0.0120913193675112,0.666572862718909,4
"ws_ndvi.mean_mean",0.185378547207592,0.178953751651231,1.035901988626,0.300247869791659,-0.165364360927145,0.536121455342329,4
"(Intercept)",-2.88359494001615,0.537227422072975,-5.36754979648909,7.98134762725056e-08,-3.93654133878648,-1.83064854124583,5
"ch_central.slope.difference",0.0180608559568533,0.0975031843379095,0.185233498572325,0.853045895643778,-0.173041873723419,0.209163585637126,5
"ch_curvature.median",0.145131056590049,0.172831988952637,0.839723349071804,0.401063519294591,-0.193613417133543,0.483875530313641,5
"ch_stream.power",0.108373352139246,0.161669327879989,0.670339597253072,0.502641330307934,-0.208492707910328,0.425239412188821,5
"ch_valley_width",0.323914120289117,0.199500328586077,1.62362700144306,0.104455439119705,-0.0670993386434995,0.714927579221734,5
"hs_area",0.072217447544328,0.114916876580657,0.62843204317027,0.529720951427863,-0.153015491769594,0.29745038685825,5
"hs_bare.earth.mean",-0.153539221602875,0.0397946961020805,-3.8582835564071,0.000114186126391802,-0.231535392738669,-0.0755430504670807,5
"hs_curvature.median",-0.0296086477240422,0.0429054568649902,-0.690090489356894,0.490137283688317,-0.11370179791966,0.0544845024715754,5
"hs_eastness.median",-0.3769774699133,0.144307120849894,-2.61232756701886,0.00899280440966255,-0.65981422949176,-0.0941407103348388,5
"hs_extended.dnbr.median",0.138670961018685,0.132597454861112,1.04580409302679,0.295651491056583,-0.121215274950769,0.398557196988139,5
"hs_flow.accumulation.max",-0.12688686427523,0.129763149617652,-0.97783434394975,0.328156261956176,-0.381217964046309,0.12744423549585,5
"hs_ndvi.min",0.327710111632003,0.109850236028063,2.98324449251328,0.00285210060730989,0.112407605323775,0.54301261794023,5
"hs_ndvi.range",-0.290713554250494,0.157267454487349,-1.84852966049552,0.0645257576637845,-0.598952100985989,0.0175249924850022,5
"hs_northness.median",-0.203516359182268,0.140908916221967,-1.4443114363443,0.148651390253164,-0.479692760077896,0.0726600417133595,5
"hs_slope.median",0.117221006550866,0.10799049993568,1.08547517254466,0.277711254037226,-0.0944364839955415,0.328878497097274,5
"ws_bare.earth_mean",0.860058040513393,0.509482138513737,1.68810243872799,0.0913915664064355,-0.138508601739978,1.85862468276676,5
"ws_dnbr.extended_mean",-0.0257108897396399,0.465381572187296,-0.0552469012015206,0.955941764210414,-0.937842010295366,0.886420230816087,5
"ws_Kw",0.361320934741184,0.183026409736759,1.97414643745054,0.0483650943720511,0.00259576343746643,0.720046106044902,5
"ws_ndvi.mean_mean",0.42006459844447,0.188650723779933,2.2266789653799,0.0259687372216271,0.0503159741783873,0.789813222710552,5
"(Intercept)",-2.78938202237708,0.108469955160081,-25.7157110303999,0,-3.00197922789551,-2.57678481685864,6
"ch_central.slope.difference",-0.174106778071353,0.086674622533759,-2.00873996311366,0.0445647182031796,-0.343985916611125,-0.00422763953158198,6
"ch_curvature.median",0.202811619959968,0.134521293534782,1.50765439902293,0.131643002198714,-0.0608452705219451,0.466468510441882,6
"ch_stream.power",-0.102809380881099,0.130653566953637,-0.786885373880233,0.431348970246687,-0.358885666561921,0.153266904799723,6
"ch_valley_width",0.642582349564459,0.1337073053204,4.80588811527279,1.54066045121581e-06,0.380520846666575,0.904643852462343,6
"hs_area",0.30464411423668,0.109691618163055,2.77727796652457,0.00548162777412498,0.0896524932311715,0.519635735242188,6
"hs_bare.earth.mean",-0.0985065077954856,0.0328164355948312,-3.00174305984045,0.00268438644205338,-0.162825539662333,-0.0341874759286383,6
"hs_curvature.median",0.123824905839102,0.0439841200191668,2.81521844213647,0.00487440887907753,0.0376176147098484,0.210032196968357,6
"hs_eastness.median",-0.243968071324138,0.0942340455666333,-2.58895890394122,0.00962665824155917,-0.428663406752246,-0.0592727358960305,6
"hs_extended.dnbr.median",0.155945901917127,0.142882666697334,1.09142631168457,0.275085339936537,-0.124098978824689,0.435990782658943,6
"hs_flow.accumulation.max",0.206956842667382,0.120747138561664,1.7139689199483,0.0865344340658043,-0.0297032001497457,0.44361688548451,6
"hs_ndvi.min",0.285061982900929,0.0893656944591034,3.18983682302589,0.00142353146329066,0.109908440307675,0.460215525494182,6
"hs_ndvi.range",-0.242549467806519,0.143905121349816,-1.68548183366532,0.0918956468320899,-0.524598322843024,0.0394993872299864,6
"hs_northness.median",0.168096312406502,0.100713140293562,1.6690603819574,0.0951054138261864,-0.0292978153388095,0.365490440151813,6
"hs_slope.median",0.11016801755144,0.104837658000718,1.0508439395955,0.293330271381789,-0.0953100163534944,0.315646051456374,6
"ws_bare.earth_mean",0.234386435529616,0.201041877752046,1.16585876609597,0.243671552687667,-0.159648404248698,0.62842127530793,6
"ws_dnbr.extended_mean",0.68449557207749,0.193269712576157,3.54165980252994,0.000397617928074911,0.305693896125814,1.06329724802917,6
"ws_Kw",0.521429671581613,0.190397439352231,2.7386380476314,0.0061694253450435,0.14825754770259,0.894601795460635,6
"ws_ndvi.mean_mean",-0.112030146780669,0.0732486150733723,-1.52945071614596,0.126152747872597,-0.255594794241916,0.0315345006805787,6
"(Intercept)",-2.83906016685644,0.108965910902594,-26.0545719605311,0,-3.05262942776812,-2.62549090594476,7
"ch_central.slope.difference",-0.0808769988686725,0.0885187265448032,-0.913671061769479,0.360889714157584,-0.254370514853836,0.0926165171164913,7
"ch_curvature.median",0.149230486046185,0.134888543447482,1.10632439369684,0.268586137113435,-0.115146201037946,0.413607173130316,7
"ch_stream.power",-0.134195957251426,0.118354710772926,-1.13384550876807,0.256859357727135,-0.366166927767015,0.0977750132641629,7
"ch_valley_width",0.585948736473133,0.129783801544632,4.5148063895449,6.33746371336841e-06,0.33157715966896,0.840320313277305,7
"hs_area",0.200941513176106,0.11470957442536,1.75174142335308,0.0798182806100025,-0.0238851213795168,0.425768147731729,7
"hs_bare.earth.mean",-0.162179235873698,0.0409338284015156,-3.96198553145089,7.43290456848289e-05,-0.242408065290012,-0.0819504064573849,7
"hs_curvature.median",0.115173238238238,0.036024770316034,3.19705683694468,0.00138837566871541,0.0445659858674842,0.185780490608993,7
"hs_eastness.median",-0.103160002021027,0.10460904027858,-0.986148058966087,0.32406046323019,-0.308189953424343,0.10186994938229,7
"hs_extended.dnbr.median",0.0551065180058704,0.123699979644435,0.445485263330433,0.655969107190917,-0.18734098698556,0.297554022997301,7
"hs_flow.accumulation.max",0.128026860270794,0.120384081094401,1.06348662636217,0.287561326854737,-0.107921602986181,0.363975323527769,7
"hs_ndvi.min",0.279638440844794,0.089184731977838,3.1354967901264,0.00171563305858324,0.104839578197374,0.454437303492214,7
"hs_ndvi.range",-0.208601509911048,0.132465041043658,-1.57476650644978,0.115310350158021,-0.468228219567238,0.0510251997451422,7
"hs_northness.median",0.16753908117667,0.0925653621517911,1.80995436394377,0.0703028645075672,-0.0138856948567477,0.348963857210088,7
"hs_slope.median",-0.153364317454679,0.104974110305948,-1.4609727770752,0.144022912419187,-0.359109792963472,0.0523811580541141,7
"ws_bare.earth_mean",0.337582976940465,0.182239090043389,1.85241803424331,0.0639658176083202,-0.0195990761199302,0.69476503000086,7
"ws_dnbr.extended_mean",0.427210021207493,0.186077053453268,2.29587696752078,0.021682917027263,0.0625056980897524,0.791914344325234,7
"ws_Kw",0.479595329082787,0.164209698985443,2.92062729574398,0.00349327454153614,0.157750233159156,0.801440425006417,7
"ws_ndvi.mean_mean",-0.216021203544891,0.0757355621362023,-2.85230871009316,0.0043402926611662,-0.364460177680743,-0.0675822294090394,7
"(Intercept)",-3.055592423236,0.779838519539213,-3.91823736155208,8.91988483131545e-05,-4.5840478352899,-1.52713701118211,8
"ch_central.slope.difference",-0.135714719372447,0.0949676754711409,-1.42906224353874,0.152986344214031,-0.321847942991372,0.0504185042464766,8
"ch_curvature.median",0.364691952997366,0.138318479383398,2.63661048489765,0.00837389254575527,0.0935927150095602,0.635791190985171,8
"ch_stream.power",0.218249052483977,0.168028058111758,1.29888457283019,0.193983544770019,-0.111079889807273,0.547577994775227,8
"ch_valley_width",0.231486107162062,0.150641620744069,1.53666766208884,0.124374713973412,-0.0637660440690552,0.526738258393179,8
"hs_area",0.125960945571895,0.130600778774949,0.96447315822634,0.334808759377021,-0.130011877179889,0.381933768323679,8
"hs_bare.earth.mean",-0.174525762209021,0.0488067201507939,-3.57585516235887,0.000349084892953044,-0.270185175908103,-0.0788663485099398,8
"hs_curvature.median",0.033706767984486,0.065849122605799,0.511878771510276,0.608735856155505,-0.0953551407364424,0.162768676705414,8
"hs_eastness.median",-0.0373843208806801,0.127806460838188,-0.292507285120831,0.769898790613053,-0.287880381115057,0.213111739353697,8
"hs_extended.dnbr.median",0.342530129423155,0.137670249326608,2.48804757090646,0.0128446550664623,0.0727013990003532,0.612358859845957,8
"hs_flow.accumulation.max",0.0644029336140404,0.139121698616954,0.462925152972449,0.643418017447225,-0.208270585143225,0.337076452371306,8
"hs_ndvi.min",0.25050124728899,0.117100447605385,2.1391997418588,0.0324194950949388,0.0209885874089154,0.480013907169065,8
"hs_ndvi.range",-0.114398013286435,0.175819615162143,-0.650655577768929,0.515268844856339,-0.458998126779928,0.230202100207058,8
"hs_northness.median",0.00491087153149666,0.115392628024116,0.0425579312611748,0.966053931075623,-0.221254523477199,0.231076266540192,8
"hs_slope.median",0.00429114150213283,0.121424311984963,0.0353400520207538,0.971808586370098,-0.233696136835949,0.242278419840215,8
"ws_bare.earth_mean",-0.0462472168362019,0.588751897824834,-0.0785512828188987,0.937389538415625,-1.20017973240248,1.10768529873008,8
"ws_dnbr.extended_mean",-0.409391419734355,0.496473178417936,-0.824599268461842,0.409599136861376,-1.38246096872364,0.563678129254927,8
"ws_Kw",0.0929733800629773,0.177159000514068,0.524801899949725,0.599720910622227,-0.25425188048171,0.440198640607664,8
"ws_ndvi.mean_mean",0.709880881797901,0.201442490655498,3.52398781154827,0.000425103803273652,0.315060855157079,1.10470090843872,8
"(Intercept)",-3.05291434516621,0.754220718691949,-4.04777311137899,5.17072318995115e-05,-4.53115979019635,-1.57466890013607,9
"ch_central.slope.difference",-0.0272566624362669,0.100571250541334,-0.271018430113532,0.786376857376285,-0.224372691377435,0.169859366504901,9
"ch_curvature.median",0.341712023401099,0.150356833005058,2.27267372271404,0.02304584930871,0.0470180458816821,0.636406000920516,9
"ch_stream.power",0.0607825317963227,0.165738216111087,0.366738180381902,0.713814324083798,-0.264058402643325,0.38562346623597,9
"ch_valley_width",0.118028926671755,0.158500255449268,0.744660797783592,0.456476803734365,-0.192625865549209,0.42868371889272,9
"hs_area",0.0523298279682972,0.118696579089778,0.440870565685948,0.659306703741604,-0.180311192135777,0.284970848072372,9
"hs_bare.earth.mean",-0.0413265286402859,0.0353787109949,-1.16811855147134,0.242758948204872,-0.110667528009741,0.0280144707291693,9
"hs_curvature.median",0.112440617165673,0.0587577089146409,1.91363174709584,0.0556672256169986,-0.00272237612111129,0.227603610452457,9
"hs_eastness.median",-0.0588141647366472,0.135019050213465,-0.435599010981503,0.663127688487821,-0.323446640381844,0.205818310908549,9
"hs_extended.dnbr.median",-0.311887051119061,0.159007142101826,-1.96146567378296,0.0498247254661848,-0.623535322923282,-0.000238779314839788,9
"hs_flow.accumulation.max",0.0860808517433364,0.156384737794049,0.550442792292818,0.58201570477348,-0.220427602064739,0.392589305551412,9
"hs_ndvi.min",0.207377542445941,0.113673557791488,1.82432525624239,0.0681029143511078,-0.0154185368199088,0.43017362171179,9
"hs_ndvi.range",-0.256105415827654,0.158849052908738,-1.61225648587777,0.106906138071207,-0.567443838507078,0.0552330068517705,9
"hs_northness.median",-0.18497212620606,0.133405156571709,-1.38654405091629,0.165580838962545,-0.446441428438538,0.0764971760264171,9
"hs_slope.median",0.168455434906278,0.112173458610004,1.50174058100456,0.133164119103564,-0.0514005039906236,0.388311373803179,9
"ws_bare.earth_mean",1.17468879048502,0.479811458500766,2.44822996548579,0.0143559995276255,0.234275612453882,2.11510196851615,9
"ws_dnbr.extended_mean",0.498419297863193,0.440248045447723,1.13213290329617,0.257578563542644,-0.364451015478496,1.36128961120488,9
"ws_Kw",0.285096379055781,0.212344309648045,1.34261369908297,0.179397092206919,-0.131090820176408,0.701283578287969,9
"ws_ndvi.mean_mean",0.740431335130164,0.203025434276862,3.64698806219743,0.00026533224626446,0.342508796001911,1.13835387425842,9
"(Intercept)",-3.09481389011378,0.427052180800659,-7.24692210753136,4.2632564145606e-13,-3.93182078400236,-2.2578069962252,10
"ch_central.slope.difference",-0.157132423507294,0.0943183426223252,-1.66597948117571,0.0957175013501494,-0.34199297812856,0.0277281311139724,10
"ch_curvature.median",0.214004719764147,0.135793937753988,1.57595194088745,0.115036879319522,-0.0521465075525428,0.480155947080838,10
"ch_stream.power",0.0467996515163662,0.151352944761764,0.30920872791759,0.757162755098086,-0.24984666917077,0.343445972203503,10
"ch_valley_width",0.213781315264127,0.144547945463913,1.47896474472893,0.13914973758335,-0.0695274518844017,0.497090082412656,10
"hs_area",0.0887973434927863,0.104177600066568,0.852365032752208,0.394011521507316,-0.115387000633504,0.292981687619076,10
"hs_bare.earth.mean",-0.133387175995902,0.038259525296345,-3.48637822771534,0.000489608231301508,-0.208374467642337,-0.0583998843494663,10
"hs_curvature.median",-0.0370151229825928,0.0500790607123764,-0.739133730865782,0.459825796319998,-0.135168278358445,0.0611380323932597,10
"hs_eastness.median",-0.298891548161651,0.117378680457923,-2.54638701845686,0.0108844439175018,-0.528949534412016,-0.0688335619112868,10
"hs_extended.dnbr.median",0.385809134601762,0.128366528782411,3.00552751765792,0.00265120605761804,0.134215361367813,0.637402907835711,10
"hs_flow.accumulation.max",-0.321309635952609,0.137776221321914,-2.33211241293859,0.0196947782107157,-0.59134606766958,-0.0512732042356385,10
"hs_ndvi.min",0.243901145168185,0.108063644515372,2.25701387605422,0.0240072077252294,0.0321002938799169,0.455701996456453,10
"hs_ndvi.range",-0.187706996469709,0.148619083137008,-1.26300736424721,0.206586533167713,-0.478995046833608,0.10358105389419,10
"hs_northness.median",-0.0370273742697318,0.116467335567564,-0.31792067783891,0.750545107084893,-0.265299157357498,0.191244408818034,10
"hs_slope.median",-0.122944002472079,0.0987567612831308,-1.24491731882139,0.213162144064564,-0.316503697816835,0.070615692872677,10
"ws_bare.earth_mean",-0.625993658678225,0.425590233760617,-1.47088351428273,0.14132262175343,-1.46013518902102,0.208147871664566,10
"ws_dnbr.extended_mean",0.250574924373015,0.408482665417958,0.613428538311723,0.539593020879043,-0.550036388155108,1.05118623690114,10
"ws_Kw",0.179110743949555,0.1665569302261,1.07537250900586,0.282207984760537,-0.147334840669151,0.505556328568261,10
"ws_ndvi.mean_mean",0.263115040507593,0.165741034044148,1.58750693227549,0.112397878163238,-0.061731416979364,0.58796149799455,10
"(Intercept)",-3.09892317894763,0.132319442478899,-23.4200138762059,0,-3.35826452066069,-2.83958183723457,11
"ch_central.slope.difference",-0.107317955486157,0.0826213389403528,-1.29891329361817,0.193973686993788,-0.269252804163725,0.0546168931914109,11
"ch_curvature.median",0.00864484932764861,0.131156210754578,0.0659126188375861,0.947447394051977,-0.248416600100069,0.265706298755366,11
"ch_stream.power",0.130878388967306,0.148443154126567,0.881673457677376,0.377953418380889,-0.160064846872294,0.421821624806907,11
"ch_valley_width",0.314609716660495,0.163225473461686,1.92745476541285,0.0539229801789554,-0.00530633268390718,0.634525766004897,11
"hs_area",-0.0848778536326891,0.117364811505365,-0.723196778864243,0.469558997521274,-0.314908657235537,0.145152949970159,11
"hs_bare.earth.mean",-0.170260314705606,0.0432490601284326,-3.93674022510547,8.25959342074523e-05,-0.255026914922541,-0.0854937144886705,11
"hs_curvature.median",-0.0171482717709947,0.0492216565352424,-0.348388757674513,0.727548244404558,-0.11362094583947,0.0793244022974809,11
"hs_eastness.median",-0.21094382726003,0.150712860214194,-1.39964052808921,0.161620991193016,-0.50633560528687,0.0844479507668107,11
"hs_extended.dnbr.median",0.0865805642165285,0.157538016492338,0.549585212155692,0.582603903907408,-0.222188274304331,0.395349402737388,11
"hs_flow.accumulation.max",-0.245177279817823,0.152523589166371,-1.60747121909377,0.107951038013462,-0.544118021376694,0.0537634617410474,11
"hs_ndvi.min",0.149670572584565,0.13202587180031,1.13364578126735,0.256943161078171,-0.109095381171545,0.408436526340676,11
"hs_ndvi.range",-0.0213440625399104,0.154641177395304,-0.138023150750781,0.89022212100215,-0.324435200761576,0.281747075681755,11
"hs_northness.median",-0.110692663203959,0.127210626754764,-0.870152643908841,0.384216991550453,-0.360020910094064,0.138635583686146,11
"hs_slope.median",0.114397107596855,0.117702156326989,0.97192023635529,0.331090231572837,-0.116294879706747,0.345089094900456,11
"ws_bare.earth_mean",0.239451742962866,0.212466652523067,1.12700859226306,0.259738848192933,-0.176975243898131,0.655878729823863,11
"ws_dnbr.extended_mean",0.53265822722334,0.231213748152131,2.30374807501875,0.0212367894501613,0.0794876081146499,0.985828846332031,11
"ws_Kw",0.0109802811226352,0.226773088795842,0.0484196832214093,0.961381772759614,-0.433486805580118,0.455447367825388,11
"ws_ndvi.mean_mean",-0.14634641938182,0.0777886441105985,-1.88133397946553,0.0599265015217196,-0.298809360244797,0.00611652148115696,11
"(Intercept)",-2.96328891548325,0.485820864308055,-6.09955054051415,1.06367115115802e-09,-3.91548031246516,-2.01109751850134,12
"ch_central.slope.difference",-0.148865221328469,0.0989584428054242,-1.50432057243638,0.132498844497948,-0.342820205193267,0.0450897625363298,12
"ch_curvature.median",0.179015637013172,0.163822855116639,1.09273908628754,0.27450837324125,-0.142071258859964,0.500102532886308,12
"ch_stream.power",0.216053258411031,0.160063363275571,1.34979831730179,0.177080684766622,-0.0976651688534387,0.529771685675501,12
"ch_valley_width",0.792095702139121,0.193577523379205,4.09187848006228,4.27892875476399e-05,0.412690728099419,1.17150067617882,12
"hs_area",-0.00684444724983983,0.119636397814678,-0.0572104089964509,0.954377586562431,-0.241327478206715,0.227638583707035,12
"hs_bare.earth.mean",-0.0239188152480199,0.0465586971025491,-0.513734634698581,0.607437533582708,-0.115172184736125,0.0673345542400856,12
"hs_curvature.median",0.10321666150754,0.0624795368585036,1.65200746832188,0.0985330283978567,-0.0192409805058696,0.22567430352095,12
"hs_eastness.median",-0.3112245837138,0.134798088106777,-2.30882045943613,0.0209535462191244,-0.575423981587939,-0.0470251858396604,12
"hs_extended.dnbr.median",-0.0469114195141487,0.156459255763434,-0.299831539433362,0.764305656483562,-0.353565925858421,0.259743086830124,12
"hs_flow.accumulation.max",0.257495348059404,0.139912900523232,1.84039746940024,0.0657099047295082,-0.0167288979386658,0.531719594057475,12
"hs_ndvi.min",0.203493161264033,0.112668431685718,1.80612402444426,0.0708989689501642,-0.017332907034586,0.424319229562651,12
"hs_ndvi.range",-0.20828760907193,0.166740920774721,-1.24916911879922,0.211603224353963,-0.53509380853943,0.118518590395571,12
"hs_northness.median",-0.264944441380971,0.127959951004171,-2.0705262803073,0.0384030876306136,-0.515741336812657,-0.0141475459492855,12
"hs_slope.median",0.201525456890852,0.13109363809294,1.53726343873361,0.124228810836509,-0.0554133523736379,0.458464266155343,12
"ws_bare.earth_mean",0.0925530295409737,0.468935669092457,0.197368286614012,0.843539345090231,-0.826543992946434,1.01165005202838,12
"ws_dnbr.extended_mean",0.0573911023005516,0.475199165617726,0.120772733735648,0.903871047316286,-0.873982147793675,0.988764352394778,12
"ws_Kw",-0.412402761791002,0.209175292617371,-1.9715653633404,0.0486592444661866,-0.822378801776677,-0.00242672180532805,12
"ws_ndvi.mean_mean",0.463597836199562,0.20413070448114,2.2710833109499,0.0231419350874609,0.0635090072777393,0.863686665121384,12
"(Intercept)",-2.8461723933022,0.473771588868076,-6.00747799187834,1.88431381609178e-09,-3.77474764438194,-1.91759714222245,13
"ch_central.slope.difference",-0.0960517468317151,0.0905495416191821,-1.06076458383051,0.288796901072483,-0.273525587221923,0.0814220935584925,13
"ch_curvature.median",0.169262226373788,0.169542865664595,0.998344729577935,0.318112224809684,-0.163035684164531,0.501560136912108,13
"ch_stream.power",-0.0424717020383347,0.160300618337354,-0.264950331937913,0.791047724105837,-0.356655140679049,0.27171173660238,13
"ch_valley_width",-0.075276428679142,0.210211853225786,-0.358097926087395,0.720270031028947,-0.487284090125103,0.336731232766819,13
"hs_area",0.227762804287106,0.103220188001326,2.2065722674733,0.0273439562250111,0.0254549533270543,0.430070655247158,13
"hs_bare.earth.mean",-0.0864218139322546,0.0346830658289797,-2.49175820725872,0.0127112537374212,-0.154399373830487,-0.0184442540340226,13
"hs_curvature.median",-0.0219564858085773,0.0459890075739622,-0.477428998076674,0.633056669152209,-0.112093284338283,0.0681803127211283,13
"hs_eastness.median",-0.689877010457844,0.150420877531587,-4.58631156644446,4.51145202529091e-06,-0.984696512942665,-0.395057507973023,13
"hs_extended.dnbr.median",-0.14094237155385,0.133600912822731,-1.05495066295587,0.291447889685509,-0.402795348988079,0.120910605880379,13
"hs_flow.accumulation.max",-0.218923815582483,0.15421809801394,-1.41957278945753,0.155732091843626,-0.521185733454074,0.0833381022891073,13
"hs_ndvi.min",0.458429521758108,0.111662221910233,4.10550241537059,4.03437068161594e-05,0.239575588380332,0.677283455135884,13
"hs_ndvi.range",-0.0362939689757288,0.156785084838696,-0.23148865858681,0.816935195325608,-0.343587088572629,0.270999150621171,13
"hs_northness.median",-0.714639240913031,0.146574455958924,-4.87560561789363,1.08475137783337e-06,-1.00191989564607,-0.427358586179988,13
"hs_slope.median",0.381146415227162,0.0982315433475355,3.88008171549026,0.000104421377161712,0.188616128120207,0.573676702334116,13
"ws_bare.earth_mean",1.57992934727622,0.435120774335585,3.63101336563101,0.0002823105622769,0.727108300653298,2.43275039389915,13
"ws_dnbr.extended_mean",0.833878501411531,0.439129362293662,1.8989358786122,0.0575729072552258,-0.0267992332380885,1.69455623606115,13
"ws_Kw",0.210411293717906,0.172147230123993,1.22227522084644,0.221603566499901,-0.126991077363449,0.547813664799261,13
"ws_ndvi.mean_mean",0.308838530150489,0.181612726637316,1.7005335246535,0.0890306160158358,-0.0471158731927692,0.664792933493747,13
"(Intercept)",-2.85403317288867,0.939376362010103,-3.03822119473129,0.00237979203235628,-4.69517701035673,-1.01288933542061,14
"ch_central.slope.difference",-0.0933937242829156,0.0906187084216597,-1.03062299065601,0.302717650441422,-0.271003129114905,0.0842156805490738,14
"ch_curvature.median",0.14505809925181,0.147374155568693,0.984284515097335,0.3249756410058,-0.143789937914831,0.43390613641845,14
"ch_stream.power",0.219258338024422,0.172952636001541,1.26773631841302,0.204892130397878,-0.119722599569865,0.558239275618709,14
"ch_valley_width",0.309899809178958,0.161718711242428,1.91628913437479,0.0553283031465661,-0.00706304048243289,0.62686265884035,14
"hs_area",0.153534753507117,0.117415124797607,1.30762330467877,0.191001108409647,-0.076594662336469,0.383664169350704,14
"hs_bare.earth.mean",-0.159228499110172,0.0443556909743953,-3.58980991192511,0.000330919189469148,-0.246164055929375,-0.0722929422909686,14
"hs_curvature.median",0.129516796718557,0.0497538192967745,2.60315285437702,0.00923707603876545,0.032001102803565,0.227032490633549,14
"hs_eastness.median",0.0169688938520433,0.14090662839795,0.12042651254219,0.904145290259096,-0.259203022990907,0.293140810694993,14
"hs_extended.dnbr.median",-0.017162194407833,0.141199874882211,-0.121545393876232,0.903259062083682,-0.293908863798528,0.259584474982862,14
"hs_flow.accumulation.max",-0.23615036921471,0.14699172632791,-1.60655551923994,0.108151906692976,-0.524248858842782,0.0519481204133616,14
"hs_ndvi.min",0.175857200283434,0.124415918200384,1.41346222273744,0.157519861449208,-0.0679935184927996,0.419707919059667,14
"hs_ndvi.range",0.340260989034706,0.164579499803596,2.06745669685934,0.0386911405445236,0.0176910968260405,0.662830881243372,14
"hs_northness.median",-0.00701398876018863,0.120111181962526,-0.058395801669631,0.953433358849897,-0.242427579547276,0.228399602026899,14
"hs_slope.median",0.298655668025476,0.123347858900261,2.42124728137331,0.0154673516256818,0.0568983070108357,0.540413029040116,14
"ws_bare.earth_mean",0.446430299234201,0.480465899414718,0.92916125739209,0.352805522144704,-0.49526555941829,1.38812615788669,14
"ws_dnbr.extended_mean",-1.94381982655654,0.481444446382262,-4.03747481389197,5.40296433442222e-05,-2.8874336020226,-1.00020605109049,14
"ws_Kw",0.0647637901415536,0.19585067267243,0.330679436827232,0.740886636321819,-0.319096474644352,0.448624054927459,14
"ws_ndvi.mean_mean",0.435291249884734,0.189890722346487,2.29232499885105,0.0218868963258931,0.0631122730873253,0.807470226682143,14
"(Intercept)",-2.59746649551977,0.905128905422862,-2.86971997022487,0.00410835461628856,-4.37148655151474,-0.823446439524796,15
"ch_central.slope.difference",-0.0458393083398971,0.100680293605881,-0.455295735621687,0.648896493735155,-0.243169057760343,0.151490441080548,15
"ch_curvature.median",0.218797594286811,0.146823431899,1.49020896363002,0.136169300245889,-0.0689710443217972,0.50656623289542,15
"ch_stream.power",-0.148441485356312,0.176250282468671,-0.842219843719671,0.399664908344672,-0.493885691259918,0.197002720547294,15
"ch_valley_width",-0.0680108886766333,0.155819945257375,-0.43647100866514,0.662495029138646,-0.373412369454091,0.237390592100824,15
"hs_area",-0.0959120156781345,0.133349328876251,-0.719253831169569,0.471984536977129,-0.357271897638174,0.165447866281905,15
"hs_bare.earth.mean",-0.00500399202380328,0.0521107674331223,-0.0960260665941119,0.92349987007392,-0.107139219399466,0.0971312353518592,15
"hs_curvature.median",0.0891452895177314,0.0600903156902985,1.48352173713282,0.137935845547007,-0.0286295650548957,0.206920144090358,15
"hs_eastness.median",-0.0526411544182575,0.15011439443477,-0.350673595403483,0.725833236926863,-0.346859961071448,0.241577652234932,15
"hs_extended.dnbr.median",0.117027042108184,0.165484410503948,0.707178650555684,0.479455464190172,-0.207316442482395,0.441370526698763,15
"hs_flow.accumulation.max",0.171188586026614,0.1496206314938,1.14415093906156,0.252561045436032,-0.122062463045373,0.464439635098601,15
"hs_ndvi.min",0.155132424214639,0.123213041864946,1.25905847194877,0.208009212758811,-0.0863607002662821,0.396625548695559,15
"hs_ndvi.range",-0.254941703139897,0.192068683640809,-1.32734654243097,0.184394074451936,-0.6313894056339,0.121505999354107,15
"hs_northness.median",0.066373450429792,0.137128788246887,0.484022729861018,0.628369737931222,-0.202394035777727,0.335140936637311,15
"hs_slope.median",0.0683580792076508,0.129385849290676,0.528327321592013,0.597272171685425,-0.185233525511202,0.321949683926503,15
"ws_bare.earth_mean",1.3673496843794,0.546865771073212,2.50033876081877,0.0124074598763273,0.295512468698173,2.43918690006062,15
"ws_dnbr.extended_mean",-0.408717311814239,0.574414624482411,-0.711537092535767,0.476751473788093,-1.53454928799286,0.717114664364386,15
"ws_Kw",0.364523301929893,0.184900698555996,1.97145443352394,0.0486719200895172,0.00212459204384319,0.726922011815943,15
"ws_ndvi.mean_mean",0.683257493725337,0.214384065237992,3.18707219665248,0.00143720895120714,0.263072446999587,1.10344254045109,15
"(Intercept)",-2.86872864786288,0.155877246514311,-18.4037677853098,0,-3.1742424370402,-2.56321485868556,16
"ch_central.slope.difference",-0.0404940379672834,0.118233233840611,-0.342492856296844,0.731980019151833,-0.272226918070583,0.191238842136016,16
"ch_curvature.median",0.297468838142941,0.14295390551843,2.08087241173407,0.0374455859562974,0.0172843318774757,0.577653344408406,16
"ch_stream.power",0.283778867209266,0.14514521133093,1.95513764875268,0.0505668255694232,-0.000700519527812415,0.568258253946345,16
"ch_valley_width",-0.0307147058162595,0.173194989328297,-0.177341769154988,0.859239943677837,-0.370170647202521,0.308741235570002,16
"hs_area",0.28848620280857,0.135467993772905,2.12955248523265,0.0332085773792554,0.0229738139557806,0.55399859166136,16
"hs_bare.earth.mean",-0.148238346732547,0.0412768912657518,-3.59131567777594,0.000329012828643727,-0.229139567007197,-0.0673371264578979,16
"hs_curvature.median",0.100176678807982,0.0505373082949187,1.98223218030104,0.0474532605504148,0.00112537467434437,0.19922798294162,16
"hs_eastness.median",-0.183730854113714,0.129123470258071,-1.42290827334878,0.154762747567654,-0.436808205378363,0.0693464971509345,16
"hs_extended.dnbr.median",0.169410961410616,0.172590392096095,0.981578171027567,0.32630770590865,-0.168859991175377,0.507681913996609,16
"hs_flow.accumulation.max",-0.0109638757887509,0.155933949137735,-0.0703110249524091,0.943946107582958,-0.316588800065811,0.294661048488309,16
"hs_ndvi.min",0.296203146625379,0.122594272010617,2.41612549891179,0.0156866536346287,0.055922788773663,0.536483504477094,16
"hs_ndvi.range",0.0510502060972982,0.164551933019581,0.310237656650461,0.756380236371113,-0.271465656207527,0.373566068402123,16
"hs_northness.median",-0.0154564075855155,0.142643977515277,-0.108356538108033,0.913712875646996,-0.295033466127,0.264120650955969,16
"hs_slope.median",-0.051621340545843,0.129900458066705,-0.397391520508226,0.691078767472774,-0.30622155993184,0.202978878840154,16
"ws_bare.earth_mean",0.273611200372217,0.259499795783635,1.05437925122819,0.291709317859645,-0.234999053359207,0.782221454103642,16
"ws_dnbr.extended_mean",0.628273727427142,0.281951453671204,2.22830462211342,0.0258602083327117,0.0756590328428693,1.18088842201141,16
"ws_Kw",0.44679405010718,0.207680175738849,2.15135627903652,0.0314480892953095,0.0397483853560868,0.853839714858274,16
"ws_ndvi.mean_mean",-0.138665077139194,0.0927578538616743,-1.49491467693916,0.134936711345319,-0.320467129991305,0.0431369757129169,16
"(Intercept)",-2.78388157729383,0.125603570463563,-22.164032176947,0,-3.03006005173205,-2.53770310285561,17
"ch_central.slope.difference",0.0914638825868131,0.100536876852651,0.909754564197021,0.362951961210728,-0.105584775162522,0.288512540336148,17
"ch_curvature.median",0.136475177018005,0.137469943453244,0.992763753223065,0.320825097880761,-0.132960961107111,0.405911315143122,17
"ch_stream.power",0.0314392360712506,0.133119153271525,0.236173648183619,0.813297926876667,-0.229469509993407,0.292347982135908,17
"ch_valley_width",0.154493343871053,0.154908379588034,0.997320766519638,0.31860883693016,-0.149121501024953,0.458108188767059,17
"hs_area",0.120362927034318,0.123307743669868,0.976118153265098,0.329005916410124,-0.121315809573521,0.362041663642156,17
"hs_bare.earth.mean",-0.241915015009351,0.0454186952300762,-5.32633123395307,1.00216306586631e-07,-0.330934021885101,-0.1528960081336,17
"hs_curvature.median",0.139813661838352,0.050663128958617,2.75967285701118,0.0057859268772853,0.0405157537353549,0.23911156994135,17
"hs_eastness.median",0.0108342903728167,0.110264870558593,0.0982569545307687,0.92172825803332,-0.205280884681996,0.226949465427629,17
"hs_extended.dnbr.median",-0.0327625649735021,0.1470984368923,-0.22272544607316,0.823749195665112,-0.321070203464549,0.255545073517545,17
"hs_flow.accumulation.max",0.343204391673852,0.143890968226849,2.38516979837663,0.0170712399547424,0.0611832762486303,0.625225507099074,17
"hs_ndvi.min",0.14503907481225,0.0989896247801625,1.46519471241916,0.142867801806852,-0.0489770246000016,0.339055174224503,17
"hs_ndvi.range",-0.0787292994089655,0.168195613100576,-0.468081764783529,0.639726119102083,-0.408386643443728,0.250928044625797,17
"hs_northness.median",0.123901084014268,0.121061362467196,1.02345687748097,0.306091878799835,-0.113374826340785,0.361176994369321,17
"hs_slope.median",-0.14337139118746,0.1272496621149,-1.12669368864809,0.259872011801241,-0.392776145977556,0.106033363602636,17
"ws_bare.earth_mean",0.207761664987172,0.189112481516976,1.09861423910575,0.271936364172191,-0.162891987813097,0.578415317787442,17
"ws_dnbr.extended_mean",0.479998593520178,0.21260335184217,2.25771884291135,0.0239631937112719,0.0633036809170281,0.896693506123328,17
"ws_Kw",0.651477006858168,0.16471481339318,3.95518164661407,7.64765233109976e-05,0.328641904887299,0.974312108829037,17
"ws_ndvi.mean_mean",-0.135105553337166,0.0829823704108039,-1.62812357213137,0.103498686249939,-0.297748010694104,0.0275369040197717,17
"(Intercept)",-3.0345050203525,0.55484612313079,-5.46909295000553,4.52344495194268e-08,-4.12198343865052,-1.94702660205448,18
"ch_central.slope.difference",-0.0741299239122813,0.0889087753167809,-0.833775109916398,0.404407723649478,-0.248387921442736,0.100128073618173,18
"ch_curvature.median",0.24189043600965,0.123168417128454,1.963899850701,0.0495417071842785,0.000484774405073052,0.483296097614226,18
"ch_stream.power",0.0941096658936908,0.141380632478576,0.665647509449015,0.505636431715301,-0.182991281875812,0.371210613663194,18
"ch_valley_width",0.120378618831358,0.140683807244686,0.855667906555781,0.39218149692782,-0.155356576576202,0.396113814238918,18
"hs_area",-0.0154163630735468,0.112964329843394,-0.136471070955929,0.891448892596593,-0.236822381104302,0.205989654957208,18
"hs_bare.earth.mean",-0.0543091693906156,0.0511301309619782,-1.06217544075922,0.288156046910911,-0.154522384600909,0.0459040458196779,18
"hs_curvature.median",-0.00536259064549064,0.0400507208949982,-0.133894984301278,0.893485616520485,-0.083860561154553,0.0731353798635717,18
"hs_eastness.median",-0.0997949074859416,0.128911582587661,-0.774134530681755,0.438851239258804,-0.352456966547819,0.152867151575936,18
"hs_extended.dnbr.median",0.10537360099079,0.135933213640256,0.775186565291235,0.438229425616059,-0.161050602046901,0.37179780402848,18
"hs_flow.accumulation.max",-0.101975414995906,0.130240979537032,-0.782974877480174,0.433641864932204,-0.357243044199708,0.153292214207896,18
"hs_ndvi.min",0.0831510427277216,0.118799083463134,0.699930002014916,0.483971019809438,-0.149690882256389,0.315992967711832,18
"hs_ndvi.range",0.0496544574151551,0.170443503004865,0.291325022894758,0.770802751503272,-0.284408669873225,0.383717584703536,18
"hs_northness.median",-0.0447683867229769,0.116365604244912,-0.384721817185376,0.700443529278159,-0.272840780082246,0.183304006636292,18
"hs_slope.median",0.0358894884276914,0.116551859553426,0.307927205667963,0.758137723827613,-0.192547958628194,0.264326935483577,18
"ws_bare.earth_mean",0.188809805011214,0.426351450121919,0.442850153218014,0.657874124144557,-0.646823681984172,1.0244432920066,18
"ws_dnbr.extended_mean",0.0485912832056675,0.490432894648003,0.0990783524839679,0.921076059720617,-0.912639527138144,1.00982209354948,18
"ws_Kw",0.277578147835248,0.172716084826764,1.60713547967267,0.108024651772591,-0.0609391579759748,0.61609545364647,18
"ws_ndvi.mean_mean",0.476066268746516,0.170219287531451,2.79678217228206,0.00516143186977569,0.142442595710804,0.809689941782227,18
"(Intercept)",-2.98777070686452,0.126692256219254,-23.5828991923065,0,-3.23608296617438,-2.73945844755466,19
"ch_central.slope.difference",0.105664399724486,0.0893316764544789,1.18283238284832,0.236875583862768,-0.069422468804877,0.28075126825385,19
"ch_curvature.median",0.241355338864319,0.13187419011957,1.83019390409513,0.0672209490142697,-0.0171133242604261,0.499824001989065,19
"ch_stream.power",0.269771382393808,0.137444088571792,1.96277180922843,0.049672694855498,0.000385918905163041,0.539156845882452,19
"ch_valley_width",0.0271806294656961,0.144331969833349,0.188320227993008,0.850625629390002,-0.255704833225389,0.310066092156781,19
"hs_area",0.39023963865019,0.111108963005951,3.51222464950274,0.000444372205860466,0.172470072798932,0.608009204501447,19
"hs_bare.earth.mean",-0.144622138702901,0.0340319094241961,-4.24960400840974,2.14148757258226e-05,-0.211323455499455,-0.0779208219063474,19
"hs_curvature.median",0.256658333885382,0.0520637498945985,4.9296935853637,8.23586898457407e-07,0.154615259191868,0.358701408578896,19
"hs_eastness.median",-0.316016365202229,0.0991154155205214,-3.18836745568402,0.0014307858797642,-0.510279009935173,-0.121753720469285,19
"hs_extended.dnbr.median",0.0192722925209973,0.139272670991377,0.138378135378696,0.889941576204053,-0.253697126652797,0.292241711694792,19
"hs_flow.accumulation.max",0.0191643673327273,0.143031228250183,0.133987294713054,0.89341262119013,-0.261171688702159,0.299500423367613,19
"hs_ndvi.min",0.376267288074198,0.108507280997737,3.46766857131041,0.000524994348793495,0.163596925258267,0.58893765089013,19
"hs_ndvi.range",-0.0136698853101581,0.168691762115354,-0.0810346939218669,0.935414361461455,-0.34429966354485,0.316959892924534,19
"hs_northness.median",-0.077220181025372,0.118182152539238,-0.653399683169028,0.513498643020232,-0.308852943617698,0.154412581566954,19
"hs_slope.median",-0.084252517535583,0.115247100865362,-0.731059756843786,0.46474265374868,-0.310132684554348,0.141627649483182,19
"ws_bare.earth_mean",0.487827033412575,0.182706104412989,2.67000949409927,0.0075849102249721,0.129729649007501,0.845924417817648,19
"ws_dnbr.extended_mean",0.588249581220757,0.225841425341789,2.60470186251481,0.00919542357690295,0.145608521333659,1.03089064110785,19
"ws_Kw",0.432301870014929,0.174522420830302,2.47705634587363,0.0132470986943332,0.0902442106927939,0.774359529337064,19
"ws_ndvi.mean_mean",-0.0693697546605702,0.0748151770567954,-0.927215003553472,0.35381491441705,-0.216004807188877,0.0772652978677362,19
"(Intercept)",-2.6230310835802,0.108032471058174,-24.2800248655587,0,-2.83477083601509,-2.41129133114531,20
"ch_central.slope.difference",-0.0242591218632867,0.0731192965987731,-0.331774551886127,0.740059501542673,-0.167570309771784,0.11905206604521,20
"ch_curvature.median",0.321417743422083,0.110093640464139,2.91949418755736,0.0035059993234754,0.105638173185469,0.537197313658696,20
"ch_stream.power",0.426554131790901,0.110183503660857,3.8713066622371,0.000108253500423539,0.210598432925184,0.642509830656617,20
"ch_valley_width",0.0304424071694023,0.115182661679236,0.264296784998589,0.791551237430066,-0.195311461365362,0.256196275704167,20
"hs_area",0.00566960894953789,0.109064986482459,0.0519837679570037,0.958541627219073,-0.208093836530429,0.219433054429505,20
"hs_bare.earth.mean",-0.106629625606783,0.0513005881571025,-2.07852637634956,0.0376609041139062,-0.207176930780426,-0.0060823204331405,20
"hs_curvature.median",0.0177954075586019,0.0464199589742343,0.383356813574078,0.701455219640078,-0.0731860401947241,0.108776855311928,20
"hs_eastness.median",-0.113007282980467,0.127716949565888,-0.884826041998195,0.376250461585257,-0.363327904344926,0.137313338383991,20
"hs_extended.dnbr.median",-0.0165316663694,0.130727007778592,-0.126459456621229,0.899368240269656,-0.272751893422128,0.239688560683328,20
"hs_flow.accumulation.max",0.120285945640008,0.124976327829772,0.962469835118274,0.3358136486192,-0.124663155826416,0.365235047106431,20
"hs_ndvi.min",-0.0575188280015842,0.103370815114005,-0.556431986515228,0.577915577476971,-0.260121902677583,0.145084246674414,20
"hs_ndvi.range",-0.127481074315978,0.150249967837674,-0.848459910844741,0.396181889611614,-0.421965599956122,0.167003451324165,20
"hs_northness.median",0.0213565488354716,0.121025739774255,0.176462865464051,0.859930319919185,-0.215849542324384,0.258562639995327,20
"hs_slope.median",0.115095111156878,0.11038098613221,1.04270776326479,0.297083661267849,-0.101247646240269,0.331437868554026,20
"ws_bare.earth_mean",0.695659938706055,0.195924436615604,3.5506542763265,0.000384274840897536,0.311655099248171,1.07966477816394,20
"ws_dnbr.extended_mean",0.0553935697399871,0.194819271105443,0.284333112559518,0.776155112692942,-0.326445185121025,0.437232324601,20
"ws_Kw",0.407489294295312,0.157715642487031,2.58369612468098,0.00977478742435389,0.0983723152221369,0.716606273368487,20
"ws_ndvi.mean_mean",0.0323669069880378,0.0657236846943282,0.492469452048707,0.622387512048518,-0.0964491479441119,0.161182961920187,20
