"rid","pid","elevation.min","WS_ID","ws_mi60_mean","ws_accum_precip_mean","ws_10.min.storm.accum_mean","ws_30.min.storm.accum_mean","ws_60.min.storm.accum_mean","ws_sbs_mean","ws_dnbr.BAER_mean","ws_dnbr.extended_mean","ws_flow.accum_max","ws_slope_mean","ws_aspect.northness_mean","ws_aspect.eastness_mean","ws_slope.northness_mean","ws_slope.eastness_mean","ws_bare.earth_mean","ws_ndvi.max_mean","ws_ndvi.mean_mean","ws_ndvi.min_mean","ws_ndvi.range_mean","ws_RV.Sand","ws_RV.Silt","ws_RV.Clay","ws_Kw","ch_elevation.min","ch_watershed","ch_valley_width","ch_area","ch_channel_width","ch_channel.width.over.valley.width","ch_ch_area","ch_elevation.mean","ch_slope.median","ch_flow.accumulation.max","ch_curvature.median","ch_sfm.erosion.mean","ch_sfm.erosion.count","ch_sfm.erosion.sum","ch_sfm.deposition.mean","ch_sfm.deposition.count","ch_sfm.deposition.sum","ch_sfm.net.change","ch_sfm.net.change.norm","ch_distance.upstream","ch_distance.downstream","ch_slope.upstream","ch_slope.downstream","ch_central.slope.difference","ch_slope.over.width","ch_change.in.slope.over.width","ch_stream.power","ch_slope.over.width.central.diff","ch_stream.power.central.diff","ch_lidar.erosion.mean","ch_lidar.erosion.count","ch_lidar.erosion.sum","ch_lidar.deposition.mean","ch_lidar.deposition.count","ch_lidar.deposition.sum","ch_lidar.net.change","ch_lidar.net.change.norm","ch_lidar.resolution","hs_area","hs_hillslope.length","hs_flow.accumulation.max","hs_elevation.range","hs_mi60.mean","hs_accum.precip.mean","hs_storm.accum.10.min.mean","hs_storm.accum.30.min.mean","hs_storm.accum.60.min.mean","hs_slope.median","hs_aspect.northness.median","hs_aspect.eastness.median","hs_slope.northness.median","hs_slope.eastness.median","hs_curvature.median","hs_bare.earth.mean","hs_ndvi.max.mean","hs_ndvi.mean.mean","hs_ndvi.min.mean","hs_ndvi.range.mean","hs_dnbr.BAER.median","hs_extended.dnbr.median","hs_drainage_density","ch_sfm.net.change.count","ch_sfm.erosion.norm","ch_sfm.deposition.norm","ratio","snapdist","upDist","afv_flow_accum","locID","netID","netgeom","bootstrap_rep"
318,1000001,-0.0690156618777014,17,0.831613660734676,0.506174412237335,0.449959143780463,0.448153051499128,0.45024912066774,0.935363298939366,0.950087454546965,0.496159693370695,0.67370806746204,0.0915521337319529,0.807058694481099,-0.242681230698681,0.0915521337319529,0.0915521337319529,0.159019318500249,-0.800606082014123,-0.869669678683059,0.0596535065055674,-0.909363556843529,-0.901078823296691,0.862021227679927,-0.569078322997003,-0.663467360499932,-0.0690156618777014,8,0.613695597358761,0.524121249765708,0.529225479747953,-0.557156977692528,0.595577733170824,-0.091106119783317,-0.199349587689059,0.675161118821156,0.844809959815561,0.144177250135953,24772.0000000001,6.91460109596038,0.140200225876632,4568.0000000001,1.23989277654348,8.15449387240386,0.0218845191744328,-1.4242358783746,1.11230045437014,-0.0551084442352003,-0.231836323009455,-0.413738441770462,-0.447778372215812,-0.277442585539997,-0.06594581541394,-0.568433707708332,-1.02713446298279,0.141841529880983,117.0000000001,16.595458984475,0.141841529880983,117.0000000001,16.595458984475,0.512374906122889,0.642920180126628,1e-10,-0.338065440511072,-0.189043911788334,-0.343994428491669,-0.333329862231988,0.99023719019985,0.867841683603146,1.20217595717179,1.20896264899621,1.24493892342133,0,-0.00664653688712817,-0.594744198326949,0,0,-0.211926333488241,-0.468184776593125,0.764210562730995,0.777366229938054,0.728457425715809,0.806946975271494,-0.173894424629138,-0.165127378389375,-0.114354319719039,24772.0000000001,0.0185569726268858,0.00332754644754703,0.0913013466060553,5.11158472989959,17618.1090251642,5.82076609134674e-11,91,1,"SNETWORK (1 318 17618.1090251642 0.0913013466060553 1000001 91)",1
137,1000002,0.796278752403789,47,-0.182434882136088,-0.493825587762665,-0.550040856219537,-0.551846948500872,-0.54975087933226,-0.023320848451441,-0.05288184718947,-0.731124452968058,-0.433783977085544,-1.17169236611569,-0.0802985710720913,0.687759963894336,-1.17169236611569,-1.17169236611569,-4.85597818295021,0.20470878876877,0.0548053863900469,-0.734710928156145,0.168869124901775,0,0,0.455557254476404,0.364580677662562,0.796278752403789,1,-0.847433840921632,-2.38067490472483,-2.15533467177613,-1.38491846047333,-1.08562343220452,0.832666985492025,0.365376648451904,-0.433588103527734,-0.581428378414312,0.0763869236912959,87.0000000001,0.0122878420511361,0.0942613871433088,932.0000000001,0.162437794116515,0.174725636067651,0.00368425590048288,0.783468664144193,-0.232172347352385,-0.412767479247899,1.95411589706781,5.14587480261461,1.99569348153214,27.2455375011349,0.904670778186557,4.06492093306766,1.58569797196203,0.488351004564286,7.0000000001,3.41845703135,0.488351004564286,7.0000000001,3.41845703135,0.238456269417517,0.501756832114401,1e-10,0.812337140160058,0.455825122897539,0.45623368211589,0.465768866303589,-0.0097628098001502,-1.25205827329644e-15,-0.0872962564075393,-0.0827101777577055,-0.0666965881430047,-0.040824194162823,-0.192002871635611,1.42839815669147,-0.0420102547722254,-0.0420102547722254,-0.135400089598083,-0.726031465782863,0.675801520480706,0.790832234001746,0.75818805764389,0.651628829088033,-0.490979066489857,-0.652038250299192,1.34858321964992,932.0000000001,0.000259100805289224,0.00342515499519365,0.710003129539099,0.622283492096858,5442.27528356814,0.001953125,64,1,"SNETWORK (1 137 5442.27528356814 0.710003129539099 1000002 64)",1
318,1000003,0.404288664961784,45,0.810229799286478,0.535514907654324,0.449959143780463,0.448153051499128,0.45024912066774,0.970148721238381,0.961266095370779,0.537637353174621,0.631123437194569,-0.169894977170709,0.739043089865724,-0.292033968257585,-0.169894977170709,-0.169894977170709,-0.341588739694216,-0.844772332294411,-0.93815498751567,-0.0379977574349372,-0.940050206401721,-0.899030565225809,0.85530679981631,-0.544442745523596,-0.64199081528918,0.404288664961784,8,-1.03255942884866,-1.15867463667913,-1.11580906489034,0.27222987235684,-0.744621821320827,0.406762747371516,0.048735879176891,0.632024508547443,-0.797494212908896,0.100174278441314,5022.0000000001,0.97396253738787,0.0952069742352379,12704.0000000001,2.341631595222,3.31559413250987,0.029242200392241,0.714580853547369,0.0831711035803394,0.311523578706644,0.0925512850074258,-0.620369287866774,0.681473066911955,-1.2844631956448,1.33435756460055,-1.3602142037253,-2.38547232971825,0.425439978258602,93.0000000001,39.56591796885,0.425439978258602,93.0000000001,39.56591796885,0.256272659025737,0.387485713840573,1e-10,-0.543421019770194,-0.416663111204332,2.48905222558347,-0.219551498995116,0.99023719019985,0.955946779738603,0.905265289894956,0.910265261570581,0.928192642138252,0.537221241432195,-0.457585240976953,-0.368017095772064,0.608265660717968,0.608265660717968,0.509030031548478,-0.17683521727747,0.176156131187824,0.155892200560439,-0.160549901596021,0.358399724234967,-0.276737630203869,-0.86378016817314,0.14934947138658,12704.0000000001,0.00858995596418505,0.020652244328056,0.676360174898014,0.710916635580361,18311.46021507,5.82076609134674e-11,89,1,"SNETWORK (1 318 18311.46021507 0.676360174898014 1000003 89)",1
56,1000004,-1.01795124910071,11,-0.016376969797183,-0.0406255841243769,-0.0539298651555209,-0.0526282971591558,-0.0497659234028937,-0.346605629591929,-0.0591451475321798,-0.48145081232244,-0.00178632083285611,5.37101878539676,-1.47662769369489,3.04628293075966,5.37101878539676,5.37101878539676,0.00269134683497513,0.1753843164223,0.43573867264932,0.135174709207509,0.030888864812618,0.591774111491733,-0.392108070777454,0.335861736600535,0.0625654665075635,-1.01795124910071,2,-0.395479271298403,0.606436732075799,0.613296627569154,1.27830809076507,0.710715856639426,-1.09702166656317,0.190854728778174,-0.00179752947863123,-0.202838890689557,0.664974069254885,64471.0000000001,68.5944691400175,0.0767407176834862,28731.0000000001,3.52774009112286,72.1222092310403,0.182640794260906,-0.530074726240974,0.0134402733809095,0.15055346887156,-0.189809075957903,-0.864282364543268,-0.285610244956093,-0.547814322778775,-0.452917104539777,-0.478465050423886,-0.447939982393626,0.433127747842395,263.0000000001,113.91259765635,0.433127747842395,263.0000000001,113.91259765635,1.27381171173645,0.401449721089525,1e-10,0.567569966488091,0.704935811235033,0.260306337425685,0.859243369328654,-0.0330186018330551,-0.145374652181791,-0.108274448778726,-0.0909368531402724,-0.0652232598425887,-0.653526327461159,0.176469592648071,-0.481001480800208,-0.609697961687922,-0.609697961687922,0.382518856230179,0.212448405141454,-0.463169621442024,-0.407251889351531,-0.736384196658607,-0.339398914746457,-0.176165418186873,-0.239362271779868,1.09283679671875,64471.0000000001,0.173707217961728,0.00893357619917823,0.534368578307848,2.66097684580188,5982.68038706278,0.00048828125,25,1,"SNETWORK (1 56 5982.68038706278 0.534368578307848 1000004 25)",1
137,1000005,-1.11945239249057,6,-0.185712976940586,-0.500464661936247,-0.612877153222713,-0.614349237474709,-0.609405455638136,-0.0528065900431601,-0.0134836620998986,-0.0183141283845117,-0.364523982856432,0.771529661134639,-0.231653388129079,0.0512134603028724,0.771529661134639,0.771529661134639,0.56286965353419,-0.00727645311799564,-0.127384732908198,-1.00496080737089,-0.003414335941883,0.100969434774191,-0.14469320018369,0.808445717563054,0.35800918471082,-1.11945239249057,1,0.387621815040256,-0.884671769277188,-0.860666518709056,-0.335451270349,-0.618925337105262,-1.187802731833,2.04302245127538,-0.364584309835869,-0.54458665328982,0.163856490880277,8354.0000000001,2.53101934792335,0.197733020795458,9740.0000000001,3.56102893377606,6.09204828159941,0.0442424251021194,1.13392147057624,-0.216789134403699,1.74191560058253,2.2004354589615,0.272286419182871,1.56830741293503,0.549866059080786,0.77906411218606,-2.68774937219289,-1.26626004377413,0.0641097185065934,91.0000000001,5.8339843751,0.0641097185065934,91.0000000001,5.8339843751,0.365088965098747,0.501728698556421,1e-10,-0.915894141247487,-0.960331351474274,2.10711119484569,-0.460221178577751,-0.0097628098001502,-0.0440532202613972,-0.0700125630124123,-0.0759681020877419,-0.0843430631463477,0.809367139714961,-0.319594403115207,0.00340024353794017,0.959555907982806,0.959555907982806,0.701014395699084,0.11328124743904,-0.153884886134519,-0.238550244987412,-0.820657741320836,0.19334185424509,-1.09860327251146,0.403992463819607,-0.114354319719039,9740.0000000001,0.0183810811242334,0.0258613438778859,0.172249572977487,1.78746578061535,4508.21802751102,0.001953125,33,1,"SNETWORK (1 137 4508.21802751102 0.172249572977487 1000005 33)",1
56,1000006,-0.761240306880298,19,-0.016376969797183,-0.0406255841243769,-0.0539298651555209,-0.0526282971591558,-0.0497659234028937,-0.313657241112664,-0.0511932688998036,-0.470422398272204,-0.00982738622199698,5.2998035703482,-1.49603408796774,3.09950922281795,5.2998035703482,5.2998035703482,-0.0778418354359361,0.196200629873623,0.463602280592691,0.201609658930584,0.0427851871923171,0.591774111491733,-0.392108070777454,0.335861736600535,0.0625654665075635,-0.761240306880298,2,0.0869081536384791,-0.090234199417549,-0.0898890675525369,-0.518205380589981,-0.0821594851305724,-0.807812327102771,0.785545011257895,-0.00975628463374517,0.223143836792891,0.737204776070059,29804.0000000001,35.154641828889,0.221984842538782,23451.0000000001,8.32922646414399,43.483868292933,0.180041016506082,0.216548936980968,0.498778859658499,0.516276875412381,-0.0035088099548295,-1.33419889391781,0.392597850381597,-1.35752427460195,0.397254679683965,-0.417428088199984,-0.385986474294095,1.76281998015319,141.0000000001,248.5576171876,1.76281998015319,141.0000000001,248.5576171876,3.11661849479551,2.81669275985156,1e-10,0.354230037787634,0.240426419299976,-0.0432136183266004,0.823523133154919,-0.0330186018330551,-0.145374652181791,-0.10211640984475,-0.0903901501162635,-0.0682178071540323,0.509103546619115,-0.19861212670417,0.645131363856035,0.573716968981618,0.573716968981618,-1.24061259629872,-0.0359379156126305,-1.53686395578345,-1.43352069694885,-1.95011080183752,-1.37861742105708,-1.03765782581071,-0.968165285330779,0.261811589178915,29804.0000000001,0.145554608978753,0.0344864074273281,0.771143390386648,4.31761265876591,6172.0786122716,0.00048828125,21,1,"SNETWORK (1 56 6172.0786122716 0.771143390386648 1000006 21)",1
318,1000007,0.188756754897695,33,0.831613660734676,0.506174412237335,0.449959143780463,0.448153051499128,0.45024912066774,0.968079581481244,0.967210311636844,0.628674814897297,0.657037869772263,-0.015111828324977,0.825800558363573,-0.231961929904108,-0.015111828324977,-0.015111828324977,0.0576446767297445,-0.854011798978649,-0.945819374479913,-0.00219340237030539,-0.953551044450039,-0.899030565225809,0.85530679981631,-0.544442745523596,-0.64199081528918,0.188756754897695,8,0.5474747759369,0.834849013726091,0.84771470337031,-0.124060658247636,1.06743288456409,0.18419255709134,-0.60208748200814,0.658672129180879,1.2435983111971,0.170960248385221,21404.0000000001,7.08434012360006,0.123796828664714,30915.0000000001,7.40948616510082,14.4938262886009,0.0312444880933712,-0.52497057245518,0.289069321670316,-0.62616887615,-0.420336138633165,0.654392439563896,-0.762242601664139,0.34337033853575,-0.830496260848505,0.35321253101216,0.634884450846082,0.513949657149705,254.0000000001,130.543212890725,0.513949657149705,254.0000000001,130.543212890725,1.50142511078415,0.548254033463901,1e-10,-0.238488359324842,-0.571336227774409,-0.340702184882312,-0.627102185752517,0.99023719019985,0.867841683603146,0.905265289894956,0.910265261570581,0.928192642138252,-0.581611691338899,0.945592400782709,0.869352057766093,-0.548792804748039,-0.548792804748039,0,0.507644533966995,0.28065212956068,0.336726588368908,0.787324816228195,0.0132298824212376,2.18528287805001,1.70005372956028,-0.114354319719039,30915.0000000001,0.0152717836907751,0.0159727043025961,0.424262992735939,4.04514058236799,18012.7007181246,5.82076609134674e-11,100,1,"SNETWORK (1 318 18012.7007181246 0.424262992735939 1000007 100)",1
318,1000008,-0.101502071745691,15,0.833299531937875,0.487253775027049,0.449959143780463,0.448153051499128,0.45024912066774,0.935488877224878,0.94760316520745,0.479224527172414,0.67558958664418,0.0943161266435437,0.809446676776987,-0.246046805022506,0.0943161266435437,0.0943161266435437,0.130497771582473,-0.786405245179243,-0.845645053597634,0.0991841256934207,-0.900517833231278,-0.901078823296691,0.862021227679927,-0.569078322997003,-0.663467360499932,-0.101502071745691,8,0.257309462783548,-0.277531160921044,-0.275123006068299,-0.889035685607658,-0.236922935717347,-0.133281441121058,-0.109133705106041,0.675799136897406,-0.355593840709644,0.123219781965387,17164.0000000001,4.09456965069944,0.190047942933868,21367.0000000001,7.86169234814736,11.9562619987468,0.0565076591843182,0.117373509755786,0.324217084245,-0.194087849313944,-0.00138434613859156,0.441351230547518,-0.0170792210109679,0.544385192613298,0.596154936476203,0.217426470842891,0.395619918392444,0.379491006274395,124.0000000001,47.056884765725,0.379491006274395,124.0000000001,47.056884765725,0.929282432645318,1.07458491394788,1e-10,-0.639343765280073,-0.814397236802661,-0.503100857707088,-0.886219033437119,0.99023719019985,0.867841683603146,1.10622068311216,1.1124299399788,1.14257332358564,-0.848997436442137,0.903598274097888,0.358845805247148,-0.768202178983918,-0.768202178983918,1.10808453247692,-1.26226060576565,0.912754266667861,1.11505353908058,1.95040839279146,0.383771200261852,0.992883536302307,1.09361683027204,-0.114354319719039,21367.0000000001,0.0193517460506683,0.0371559130336499,0.0456501152277163,0.30210548453033,17564.0079090606,5.82076609134674e-11,93,1,"SNETWORK (1 318 17564.0079090606 0.0456501152277163 1000008 93)",1
56,1000009,-0.815915380734087,17,-0.016376969797183,-0.0406255841243769,-0.0539298651555209,-0.0526282971591558,-0.0497659234028937,-0.324900415996719,-0.0532317636240923,-0.478779802916518,-0.00861962885096576,5.31745295782129,-1.4947395685784,3.09767532502639,5.31745295782129,5.31745295782129,-0.0807888820358111,0.193049688147096,0.459669272422289,0.190481077668196,0.0411176739457315,0.591774111491733,-0.392108070777454,0.335861736600535,0.0625654665075635,-0.815915380734087,2,-0.125873958109443,-0.159330869911509,-0.158443001477859,-0.306274216923926,-0.141640363853414,-0.881881792746241,0.144003525287486,-0.00763048641462358,-0.420966859246302,0.636479391122901,29357.0000000001,29.8962007716897,0.0965552429029523,24370.0000000001,3.76488202746954,33.6610827990593,0.146341844537011,-0.674464228118863,0.909822776094018,0,0.651642506809247,1.36327125310713,0.0854692651674901,1.49567396859137,0.0512061344146211,1.77046892246628,1.65642587390495,1.08364470118696,138.0000000001,149.5429687501,1.08364470118696,138.0000000001,149.5429687501,1.7614635369808,1.58304385617123,1e-10,-0.484125269963092,-0.230783672278451,-0.346109089892347,-0.0425435536441357,-0.0330186018330551,-0.145374652181791,-0.0981764662238388,-0.0900403275570003,-0.0701337110666129,0.312994195947806,0.29420220949811,-0.523315979541378,0.341369454018841,0.341369454018841,-0.915552195354132,-0.978785190039112,-0.234830419914547,-0.0908516432647111,-0.761760382474292,0.0340969325928099,-0.403463838436678,-0.76806947570293,-0.114354319719039,29357.0000000001,0.12997398772653,0.0163678567104813,0.713514555890986,2.16578614480863,6125.98080787044,0.00048828125,5,1,"SNETWORK (1 56 6125.98080787044 0.713514555890986 1000009 5)",1
140,1000010,-0.444683217105801,31,0,0,0,0,0,-0.113375754977526,-0.00915031361646237,-0.352815879719464,-0.0438564539974868,5.13887086188471,-1.50989943299444,3.11516270143194,5.13887086188471,5.13887086188471,-1.76782171311891,0.318888415805101,0.641899308351199,0.534477819616898,0.120295998408823,0.674158771142803,-0.376868202347026,0,0,-0.444683217105801,2,0.317083828643194,-0.22401587963918,-0.222391049996502,-0.90615204579366,-0.194763640954223,-0.480635550606342,0.0781047506048432,-0.0397596869597824,0.266214365640669,0.679538350116695,4872.0000000001,5.29713734614568,0.366845189900195,14128.0000000001,8.29246214648845,13.5895994925341,0.0618436232190752,0.174530896737403,0.373529738537441,1.21963702061993,-0.179549220051045,0.302161618114628,0.0812598868441242,0.247137616079091,0,0,0,0.854741876875568,88.0000000001,75.21728515635,0.854741876875568,88.0000000001,75.21728515635,0.744211845392791,1.16726647585949,1e-10,1.7202050087806,0.813412353424685,0.816123938234874,0.724354635482292,-0.0097628098001502,-1.25205827329644e-15,-0.0947347101050445,-0.0897347384294191,-0.0718073578617481,-0.866296465429536,0.584739207023985,-0.777551159451096,-0.781748890550595,-0.781748890550595,-0.52642979220487,0.706999292922659,-0.282159227873209,-0.255850157957493,-0.278905772514386,-0.300210585228206,0.508588215343005,0.0340224445191426,1.28323114809343,14128.0000000001,0.0241062413812277,0.0377373817378474,0.0900510814460705,3.84234928619117,6445.4321500181,0.000244140625,80,1,"SNETWORK (1 140 6445.4321500181 0.0900510814460705 1000010 80)",1
328,1000011,0.759697543896625,66,0.817565117863912,0.621309110795204,0.679648502105189,0.676245639047415,0.674971766192546,0.86756605873928,1.01634575058712,0.185755475872964,0.0859863933540082,-0.222524416587053,0.497419023009064,-0.833750267958905,-0.222524416587053,-0.222524416587053,-0.857069533908183,-0.0828875556966623,0.0317616230338178,1.01779798961332,-0.331488384392225,-0.835356739207357,0.822043687881501,-0.598119868767174,-0.651784673660024,0.759697543896625,8,0.0677903511185016,0.611300424467652,0.618271156101092,0.362977624092055,0.717729747142992,0.792285451887073,-0.615956860990273,0.0859456073610864,0.61698242635967,0.341056267642679,32510.0000000001,21.4660593603217,0.0950593491134285,10635.0000000001,1.95722904348458,23.4232884037062,0.0591135605863287,0.471922687302789,-0.469199120639258,-0.436733624794642,-0.586938863028688,-0.203417358107338,-0.717564779051858,-0.1308784470387,-1.23353717474247,-0.335553163692443,-0.352552582285119,0.0684067456690299,201.0000000001,13.749755859475,0.0684067456690299,201.0000000001,13.749755859475,0.0970578900005931,0.261026783209987,1e-10,0.0667968904124269,0.0937204154821165,-0.28165830584076,0.286628796950985,0.99023719019985,0.955946779738604,1.36911100441257,1.3734157625249,1.41903059295605,0.378244608340457,-0.341990618594449,0.27473723327986,0.417033019912702,0.417033019912702,-0.10876200852207,0.153274842641248,0.124508732814458,0.0378661453932406,-0.291384267667829,0.347381589520438,0.0707086408314218,0.130366853892875,-0.114354319719039,32510.0000000001,0.0541740842075027,0.004939476278826,0.178972510015158,5.26414972823113,18829.112848327,2.91038304567337e-11,139,1,"SNETWORK (1 328 18829.112848327 0.178972510015158 1000011 139)",1
137,1000012,0.796278752403789,47,-0.182434882136088,-0.493825587762665,-0.550040856219537,-0.551846948500872,-0.54975087933226,-0.023320848451441,-0.05288184718947,-0.731124452968058,-0.433783977085544,-1.17169236611569,-0.0802985710720913,0.687759963894336,-1.17169236611569,-1.17169236611569,-4.85597818295021,0.20470878876877,0.0548053863900469,-0.734710928156145,0.168869124901775,0,0,0.455557254476404,0.364580677662562,0.796278752403789,1,-0.847433840921632,-2.38067490472483,-2.15533467177613,-1.38491846047333,-1.08562343220452,0.832666985492025,0.365376648451904,-0.433588103527734,-0.581428378414312,0.0763869236912959,87.0000000001,0.0122878420511361,0.0942613871433088,932.0000000001,0.162437794116515,0.174725636067651,0.00368425590048288,0.783468664144193,-0.232172347352385,-0.412767479247899,1.95411589706781,5.14587480261461,1.99569348153214,27.2455375011349,0.904670778186557,4.06492093306766,1.58569797196203,0.488351004564286,7.0000000001,3.41845703135,0.488351004564286,7.0000000001,3.41845703135,0.238456269417517,0.501756832114401,1e-10,0.812337140160058,0.455825122897539,0.45623368211589,0.465768866303589,-0.0097628098001502,-1.25205827329644e-15,-0.0872962564075393,-0.0827101777577055,-0.0666965881430047,-0.040824194162823,-0.192002871635611,1.42839815669147,-0.0420102547722254,-0.0420102547722254,-0.135400089598083,-0.726031465782863,0.675801520480706,0.790832234001746,0.75818805764389,0.651628829088033,-0.490979066489857,-0.652038250299192,1.34858321964992,932.0000000001,0.000259100805289224,0.00342515499519365,0.710003129539099,0.622283492096858,5442.27528356814,0.001953125,64,1,"SNETWORK (1 137 5442.27528356814 0.710003129539099 1000012 64)",1
137,1000013,-0.99037557560811,8,-0.185712976940586,-0.500464661936247,-0.612877153222713,-0.614349237474709,-0.609405455638136,-0.0441861281832241,-0.00907924560342638,-0.0185327926102121,-0.365082556303433,0.736613778574343,-0.218357173408541,0.0430704300648195,0.736613778574343,0.736613778574343,0.557191184608398,-0.00535231150220755,-0.124621152741007,-0.996132365740724,-0.00265440431377594,0.100969434774191,-0.14469320018369,0.808445717563054,0.35800918471082,-0.99037557560811,1,-1.09965050514673,-0.850237442466545,-0.828159654017873,0.413819044156189,-0.601345742747682,-1.04234884366391,1.86193709737871,-0.365201186290789,-0.364446239522688,0.318232408481277,1486.0000000001,0.874380693126191,0.40988102754104,5302.0000000001,4.01823085436028,4.89261154738647,0.034675432392742,0.645996996503856,-0.26329625881141,1.68973221519313,2.04570374218554,0.080147300536765,1.46634318966965,0.196774329474004,0.694216175224179,0.769273875558343,0.367030200845884,0.863257514205903,72.0000000001,62.154541015725,0.863257514205903,72.0000000001,62.154541015725,0.565429788755918,1.18273421589959,1e-10,0.178697334844222,-0.293282157655237,2.10669360704886,0.181917818204538,-0.0097628098001502,-0.0440532202613966,-0.0815614487354779,-0.0823991917972376,-0.0784870850524931,0.908991813930532,-0.841307159283502,0.586444487418086,1.09615401879653,1.09615401879653,-1.28318577837167,0.477708799575297,-0.720329331505285,-0.770709716034411,-1.37897367069681,-0.399023951230561,-1.08340608099769,-0.856113518087631,0.311077196689417,5302.0000000001,0.00619700301691154,0.0284784292758304,0.198471927421941,2.01859515813328,4553.76524917209,0.001953125,37,1,"SNETWORK (1 137 4553.76524917209 0.198471927421941 1000013 37)",1
137,1000014,0.646312418478304,43,-0.182434882136088,-0.493825587762665,-0.550040856219537,-0.551846948500872,-0.54975087933226,-0.0247195793080489,-0.055009398730047,-0.681253393996705,-0.429027664378138,-1.00907735686117,-0.0616138133549619,0.663725023690668,-1.00907735686117,-1.00907735686117,-3.52081335242648,0.200005192137754,0.0652115258388485,-0.716130268732326,0.161955621547007,0,0,0.455557254476404,0.364580677662562,0.646312418478304,1,-1.56929090224083,-1.34547751925634,-1.28584553395011,0.628243130339581,-0.817434787155741,0.675740228567032,1.66768198439732,-0.428956777348244,-0.770715845741772,0.0740038843568017,1188.0000000001,0.162557982514199,0.153225362430054,4149.0000000001,1.17546969338724,1.33802767580144,0.0134746148624159,0.43763425160653,-0.77257543054824,0.642989342201864,1.69298759545742,2.03229907402029,1.82680046300705,5.18835749694122,0.788971435708927,1.58052925248956,0.675578802006697,0.376608455982353,51.0000000001,19.2070312501,0.376608455982353,51.0000000001,19.2070312501,0.548117951816649,1.06934907112835,1e-10,0.441446782899289,0.914239763644538,1.84959074170849,1.33940862846373,0,0.00554781056660223,-0.00698635411185022,-0.00686890680380153,-0.0115177254068608,-0.502667147933293,0.361306701259956,-0.684215030418703,-0.480267951224955,-0.480267951224955,0.297821846261642,0.676523686755669,0.243711868820636,0.42860636161741,0.340503086188485,0.195352945291136,0.336425120849497,-0.552832003335545,0.855596796963403,4149.0000000001,0.00163704101893006,0.0118375737434859,0.653746963500234,2.23924038749043,5344.56048569207,0.001953125,70,1,"SNETWORK (1 137 5344.56048569207 0.653746963500234 1000014 70)",1
56,1000015,-1.31590828993296,2,-0.016376969797183,-0.0406255841243769,-0.0539298651555209,-0.0526282971591558,-0.0497659234028937,-0.354955638474506,-0.0638317232953195,-0.478214652114887,0.000747167767182524,5.3897780181169,-1.49058226808779,3.04542699194354,5.3897780181169,5.3897780181169,0.055088734643224,0.16874697471818,0.425811912596539,0.112509458482526,0.0272804871819066,0.591774111491733,-0.392108070777454,0.335861736600535,0.0625654665075635,-1.31590828993296,2,0.593454439975679,0.446061718638407,0.449718214647667,-0.609799220637989,0.492381978404358,-1.39690524742954,0.541342582876065,0.000653587487306833,0.536382135585741,0.65555713439112,19107.0000000001,20.0411682639238,0.0737765374892662,3264.0000000001,0.385290588961379,20.4264588527852,0.0579221179873827,0.551675909695633,-1.08476689671987,0.451298012855026,0.0497561501418067,-1.12015392967265,-0.0469064528178361,-0.789794010561669,-0.105413689027574,0.299339166073677,0.282663954684025,0.646449497867857,189.0000000001,122.178955078225,0.646449497867857,189.0000000001,122.178955078225,1.38694845887537,0.788925754449631,1e-10,-2.50918954707661,-1.89718273042267,2.30840523304036,-1.1527970134644,-0.0330186018330551,-0.145374652181791,-0.115651216794682,-0.0915916800038275,-0.0616360242687212,-1.70170902173002,0.167687630044529,-0.538935008314487,-1.35276458749285,-1.35276458749285,1.88326165309738,-0.828658985728989,0.091264013948101,-0.0401497041775016,-0.604419096010822,0.463365476607662,-0.126049400947861,3.62079060546251e-12,-0.114354319719039,19107.0000000001,0.0568295718386585,0.00109254604872416,0.272258243793747,2.95100055460052,5773.01605777872,0.00048828125,2,1,"SNETWORK (1 56 5773.01605777872 0.272258243793747 1000015 2)",1
319,1000016,-0.200070645460638,9,0.833299531937875,0.487253775027049,0.423921895297046,0.422083328008158,0.425620192291929,0.889035207642003,0.879013734130919,0.525201152472203,0.767608212750123,-0.0708224947141127,0.767787511516399,-0.094751606731468,-0.0708224947141127,-0.0708224947141127,0.257929210751904,-0.691671651386401,-0.680877368062725,0.4058102297616,-0.846908084660565,-0.901078823296691,0.862021227679927,-0.569078322997003,-0.663467360499932,-0.200070645460638,8,0.346836932262215,-0.209284084307088,-0.20784702222946,-0.924342291217755,-0.182876660846487,-0.239444574507019,-0.377821573686252,0.768488921462646,-0.0411091882692914,0.190419655025085,11121.0000000001,4.09982138228357,0.107695289773567,3583.0000000001,0.747055450236429,4.84687683242,0.0218287879613669,0.769668146172802,0.509680714299705,-0.352761208503406,-0.581070946118872,-0.386236914022927,-0.257566850043054,-0.410741286109739,0.321511492907342,-0.417454639843618,-0.806485877212139,0.324285598128274,84.0000000001,27.239990234475,0.324285598128274,84.0000000001,27.239990234475,0.0875749729510567,0.203749653334687,1e-10,-0.531992952147706,-1.3225833853558,2.51679286632961,-1.13979079672189,0.99023719019985,0.867841683603146,1.15174518276671,1.15671602813744,1.21416005369488,-1.96389873268904,0.703450239405076,0.526958230299264,-1.50217998028372,-1.50217998028372,1.67061141716706,-1.26925854087164,0.428560509362831,0.575980816320187,1.24527100675029,0,1.05875365154361,1.13503608447683,-0.114354319719039,11121.0000000001,0.0184642883071456,0.00336449955422127,0.812902968108919,2.48821544816492,17405.9414210941,1.16415321826935e-10,128,1,"SNETWORK (1 319 17405.9414210941 0.812902968108919 1000016 128)",1
319,1000017,-0.29460733598425,3,0.833299531937875,0.487253775027049,0.423921895297046,0.422083328008158,0.425620192291929,0.888662156900598,0.872459981245635,0.513204722198745,0.772754003041432,-0.0746558092723104,0.760144904619782,-0.10259755783605,-0.0746558092723104,-0.0746558092723104,0.193739945484073,-0.670138663420033,-0.650798315774908,0.443008307104162,-0.83063545165587,-0.901078823296691,0.862021227679927,-0.569078322997003,-0.663467360499932,-0.29460733598425,8,-0.286101093052031,-0.0144793698489768,-0.014450932478089,0.116325677389793,-0.0135374213340629,-0.339418896513413,-0.257813566237279,0.77312827818047,-0.299040790997076,0.133961906910798,5050.0000000001,1.30973073894233,0.199321286559721,4690.0000000001,1.80982192792197,3.1195526667643,0.012243364737643,-0.539847253667341,0.469991898439114,-0.357010657798136,-0.087763403856256,0.683818217716172,-0.257083902890028,0.682952292817003,0.325387443508646,1.05018388413608,2.03919562902077,0.413969210592886,123.0000000001,50.918212890725,0.413969210592886,123.0000000001,50.918212890725,0.411644808386693,0.366650297132355,1e-10,0.440713537757785,0.199295364501916,0.16784033545822,-0.600977809249097,0.734423256053169,1.15858997967622,1.15102196884532,1.1559782675516,1.21354370456348,-2.30267369959628,0.132900651952079,-0.456857665722717,-1.67724769094702,-1.67724769094702,-0.319030784210437,-1.60661838316895,0.985869622854344,0.783574740361878,0.882203158939757,1.07356737988437,-0.197765970931506,0.708972130381389,1.44523906577238,5050.0000000001,0.00514032386249875,0.0071030407751442,0.540871603411624,2.05700391045351,17254.7781368253,1.16415321826935e-10,131,1,"SNETWORK (1 319 17254.7781368253 0.540871603411624 1000017 131)",1
137,1000018,-0.702481457403953,12,-0.185712976940586,-0.500464661936247,-0.612877153222713,-0.614349237474709,-0.609405455638136,-0.00677795114516428,0,0.00879893565465717,-0.367565086750929,0.582531709794122,-0.145445798371237,-0.0125821580864679,0.582531709794122,0.582531709794122,0.516479127842346,0.0096883756935544,-0.104151473777676,-0.951173234841403,0.00632730978212646,0.100969434774191,-0.14469320018369,0.808445717563054,0.35800918471082,-0.702481457403953,1,-0.913066438373751,-0.430715062789233,-0.425147903516579,0.671760115280699,-0.349187301079856,-0.724147891664942,2.02948228935156,-0.366915296503864,-0.211765671859537,0.622391045550519,3235.0000000001,3.722845089183,0.686552892000547,5733.0000000001,7.27768555357856,11.0005306426616,0.0579366797609794,-0.945345826312945,0.983306520664028,1.58520193129718,1.73011113956932,-0.337465885402219,1.1730792982404,-0.410389469575484,0.44296281571159,0.153052780296384,0.08001574877028,0.270059664055479,73.0000000001,19.71435546885,0.270059664055479,73.0000000001,19.71435546885,0.0154239412912121,0.105254071720224,1e-10,0.112936826910716,-0.264906343104527,-0.0534368679232017,0.0899995834678385,-0.00976280980015009,-0.024082887257471,-0.0812196759038908,-0.0822088728528037,-0.0786603843874108,0.700062978181169,-0.755479523015756,-0.440464117487343,0.814706268323145,0.814706268323145,0.0315780238677479,0.594085722639496,-1.02918898718299,-0.962701207704968,-1.24469359459549,-0.957992272921225,-0.508858966494881,-0.356005057418671,0.918830909293014,5733.0000000001,0.0196071708140279,0.0383295088469515,0.248765722761929,1.36916188589129,4641.12363834267,0.001953125,60,1,"SNETWORK (1 137 4641.12363834267 0.248765722761929 1000018 60)",1
318,1000019,0.427040484337935,46,0.810229799286478,0.535514907654324,0.449959143780463,0.448153051499128,0.45024912066774,0.971517961863809,0.961633037453131,0.551534642170779,0.630753294215168,-0.174842116889279,0.741416529881725,-0.291438499515584,-0.174842116889279,-0.174842116889279,-0.346452862714625,-0.845518679082206,-0.939239490394008,-0.0360219313562721,-0.94103097770128,-0.899030565225809,0.85530679981631,-0.544442745523596,-0.64199081528918,0.427040484337935,8,-1.00297239901828,-0.808238854431195,-0.788386225714695,0.292080916167711,-0.579319954895192,0.43114234670417,0.336597747631302,0.631007907949709,-0.830313721065443,0.180401650733193,10870.0000000001,3.79646475669162,0.140937019132995,2203.0000000001,0.601103006658044,4.39756776324966,0.0302534150640492,0.903351330588152,0.7736939001762,0.144377723196639,0.0525545477565552,-0.281744137906778,0.64084801537733,-0.429794615119704,1.29414153707823,1.29959285401932,2.28794556080471,0.55220227373782,78.0000000001,43.07177734385,0.55220227373782,78.0000000001,43.07177734385,0.304255283702038,0.617735800510341,1e-10,-0.227766050421317,-0.484364079581157,-0.396651173934173,-0.21305099394987,0.99023719019985,0.955946779738604,0.905265289894956,0.910265261570581,0.928192642138252,0.503643874452387,-0.767400900956051,-0.143235102295447,0.567045241417392,0.567045241417392,-0.974036480751738,0.0134261557359041,0.189838990863512,0.133552629479203,-0.303018854248074,0.45659500542516,-0.420550445106051,-0.985674819270606,-0.114354319719039,10870.0000000001,0.0261180793255795,0.00413533563846965,0.697639577283973,0.963013847358525,18336.6783610945,5.82076609134674e-11,104,1,"SNETWORK (1 318 18336.6783610945 0.697639577283973 1000019 104)",1
137,1000020,-0.20744932030005,21,-0.185712976940586,-0.500464661936247,-0.612877153222713,-0.614349237474709,-0.609405455638136,-0.0406562198801694,-0.0374941161568962,-0.236682879785151,-0.386394697599412,0.103309228616353,-0.0647759782411133,0.246519331906837,0.103309228616353,0.103309228616353,0.271879148260269,0.091932566762016,0,-0.800512948785796,0.0674048442630897,0.100969434774191,-0.14469320018369,0.808445717563054,0.35800918471082,-0.20744932030005,1,-0.66150148596325,-0.478576661084281,-0.471729770980266,0.135900887924232,-0.381855021500908,-0.206584415962533,1.60023851861117,-0.386132866403964,-0.296212734259507,0.241659517335594,5020.0000000001,2.24308104415733,0.0979688964757228,13542.0000000001,2.45306112333366,4.696142167391,0.0255846952857125,0.355427393240286,0.145051485879639,1.8344771849029,1.71127543979139,-0.9968418369901,1.04606495718038,-1.31754636788393,0.277148870535373,0.306207635457164,0.139385063651877,0.425275390725,125.0000000001,53.159423828225,0.425275390725,125.0000000001,53.159423828225,1.01280427710276,1.15774732788194,1e-10,0.372573058488757,0.0623097540025434,0.158440111827033,0.116550905436786,-0.0097628098001502,-0.0232715575287149,-0.0816749844788954,-0.0824624150872303,-0.0784295156174614,0.625421283542886,-0.739987440615685,0.724159098630241,0.718717851749432,0.718717851749432,0.144075301543621,0.678284904484637,-0.682826165700869,-0.659551718739335,-0.850942611002434,-0.623942474217727,-0.129727854830498,0.37143175730971,0.34347333564099,13542.0000000001,0.0122203593385167,0.0133643358471958,0.359788112536877,2.14185690094102,4833.96526158949,0.001953125,47,1,"SNETWORK (1 137 4833.96526158949 0.359788112536877 1000020 47)",1
319,1000021,-0.231473844192343,7,0.833299531937875,0.487253775027049,0.423921895297046,0.422083328008158,0.425620192291929,0.887291172010931,0.876659322326104,0.519202703776164,0.769273118820812,-0.0687709930582532,0.763729341603832,-0.0973519896027267,-0.0687709930582532,-0.0687709930582532,0.241980739926656,-0.685411239266692,-0.671540324115988,0.416203812035128,-0.84212410756494,-0.901078823296691,0.862021227679927,-0.569078322997003,-0.663467360499932,-0.231473844192343,8,0.435288529754391,0.522225449505316,0.527291969574906,-0.325918181271484,0.593003741303038,-0.265434927600564,-0.437380654329895,0.769455208279387,1.35366656958631,0.495182840518699,34643.0000000001,33.2116461447534,0.134149886438926,10922.0000000001,2.83662419464193,36.0482703392954,0.0968735268009242,-1.4476884905303,0.607656286721261,-0.490951753266931,-0.540194756707964,0.0414357973189226,-0.583627817938425,0.0267314935587599,-0.278193601469293,0.215147356153381,0.417021106560618,0.577211360441495,194.0000000001,111.97900390635,0.577211360441495,194.0000000001,111.97900390635,1.24734775717961,0.663162118795945,1e-10,-0.349987692987699,-0.34260249612603,-0.304644734969889,-0.697373764721809,0.866691142120525,1.00825927709058,1.25171855639847,1.25870025785998,1.29936098827183,-0.997541767780272,-0.0389290682087121,-0.721047909787456,-0.882073005129454,-0.882073005129454,0.196260260448602,-1.06115050541311,1.06492767653754,0.916357215690011,0.908802810398387,1.18385045764703,-0.450283421780693,0.407685707262976,-0.114354319719039,34643.0000000001,0.0892505870407192,0.00762293966020504,0.723832951380663,0.0914686260760216,17356.4467009779,1.16415321826935e-10,129,1,"SNETWORK (1 319 17356.4467009779 0.723832951380663 1000021 129)",1
56,1000022,-0.645351015362467,22,-0.016376969797183,-0.0406255841243769,0,0,0,-0.255449728570319,-0.0367189721873232,-0.390308937076156,-0.0153036671682194,5.1935102238394,-1.46484394870244,3.05465289148386,5.1935102238394,5.1935102238394,-0.217513982957744,0.227535507428816,0.51004192929855,0.29319278095323,0.0617537840464683,0.658991673339333,-0.406278099940185,0.190739766812213,0.0312046492625428,-0.645351015362467,2,-0.377121306915251,0.811977311913109,0.824171017439717,1.60632498170545,1.02907675800106,-0.680555921759956,0.726482627541551,-0.014965645684782,-0.130959571931333,0.48977304714535,16579.0000000001,12.9919157552328,0.225928404104595,41687.0000000001,15.0692438044706,28.0611595596034,0.0614749221184283,0.55133152736107,-1.36019683469967,0.734732209435628,0.658018220499334,-0.511297772101241,-0.162026652787602,-0.286186763007996,-0.285517310641691,-0.643428262563068,-0.592117814006094,1.23541673573294,236.0000000001,291.558349609475,1.23541673573294,236.0000000001,291.558349609475,3.70514409833741,1.85872144607406,1e-10,-0.744269313343762,-0.485318235659927,-0.554811822411977,-0.565468442482115,-0.0330186018330551,-0.145374652181791,-0.0947347101050445,-0.0897347384294191,-0.0718073578617481,0.135012076396835,0.853619029910158,-0.698604943056382,0.142987743687517,0.142987743687517,1.11386960578981,-0.338791567446668,-0.844982461911011,-0.661023771932739,-0.305524145559744,-1.17286170522574,0.0856472768777745,0.266815970224884,-0.114354319719039,41687.0000000001,0.0284620101397875,0.0330129118786408,0.854732350803688,0.584133655563768,6238.94214649234,0.00048828125,20,1,"SNETWORK (1 56 6238.94214649234 0.854732350803688 1000022 20)",1
318,1000023,0.610857211299902,58,0.810229799286478,0.535514907654324,0.449959143780463,0.448153051499128,0.45024912066774,0.977114860008987,0.965093839458644,0.632585965373406,0.613749164966287,-0.292309638790593,0.715534125145314,-0.333422605133299,-0.292309638790593,-0.292309638790593,-0.864427223781115,-0.827186845083925,-0.919684438014639,-0.00175997006419233,-0.927504390096745,-0.899030565225809,0.85530679981631,-0.544442745523596,-0.64199081528918,0.610857211299902,8,0.704422487825984,0.719011816412708,0.728631942706903,-0.471953022052846,0.879371237938984,0.636247866035588,-0.0065306830029154,0.613952683412579,-0.365616054802908,0.131090600978347,23044.0000000001,5.84842254070851,0.108437150262281,10803.0000000001,2.26794121285407,8.11636375346258,0.0189852885865494,0.436126129216825,0.43561718032309,-0.257805242717456,-0.254808031433085,0.0575635174852785,-0.425326039054176,0.0280709986668656,-0.0695577261563265,0.898139048318994,1.56049671315398,0.473959712758898,236.0000000001,111.8544921876,0.473959712758898,236.0000000001,111.8544921876,1.24564363889375,0.475616597173456,1e-10,-1.75634437888825,-1.89156573206751,2.28400587471279,-1.04968447688767,0.99023719019985,0.955946779738603,0.905265289894956,0.910265261570581,0.928192642138252,0.0435765382306568,-0.657360682023978,0.834717601070897,0.0454642458025627,0.0454642458025627,-0.843006149324465,-0.0502463324376179,0,-0.0915697973109546,-0.198508137350001,0.101207396675591,-0.00751936052149561,-0.210150141634915,-0.114354319719039,23044.0000000001,0.0136802627997901,0.00530502568675931,0.935759243246857,0.354962159037408,18618.8731520309,5.82076609134674e-11,92,1,"SNETWORK (1 318 18618.8731520309 0.935759243246857 1000023 92)",1
56,1000024,-1.34691739194687,1,-0.016376969797183,-0.0406255841243769,-0.0539298651555209,-0.0526282971591558,-0.0497659234028937,-0.354955638474506,-0.0638317232953195,-0.473824460774114,0.000792554931987252,5.38939306031812,-1.4903788530465,3.04507108023939,5.38939306031812,5.38939306031812,0.0535096433441455,0.168503948633887,0.425419032363179,0.111584965680728,0.0271605969081377,0.591774111491733,-0.392108070777454,0.335861736600535,0.0625654665075635,-1.34691739194687,2,-0.132685954396094,-0.226676770214903,-0.225016755607278,-0.371561446404101,-0.196897591955341,-1.43378275921599,0.0461408160688791,0.00069603461850354,0.0925930983234145,2.296485595941,1111.0000000001,4.08223279526353,0.0618066862677696,68.0000000001,0.00672456755504766,4.08895736271858,0.0186430687431409,-1.12819863270593,-0.449904153310987,0.499202092178299,0.0445442664199156,0.0576964012938822,0.0617682047030044,0.0385075492552746,0.0336363598986503,0,0,1.28308686765952,21.0000000001,26.94482421885,1.28308686765952,21.0000000001,26.94482421885,0.0835352101910534,1.94530911763806,1e-10,-3.2473081549605,-2.60030884110971,2.30843379053553,-1.26177744686612,-0.0330186018330552,-0.145374652181791,-0.115651216794681,-0.0915916800038279,-0.0616360242687216,-3.4989798138017,0.369438879540569,-0.151311366981198,-2.16133150801698,-2.16133150801698,1.51035398310413,-1.58313491568914,-0.194419555666316,-0.37190239418883,-1.08973355820472,0.274194008756782,-0.0848283768305765,1.0356969563404,-0.114354319578022,1111.0000000001,0.0186124088534826,3.06597896583593e-05,0.251345955377265,4.33627999338451,5756.28813694811,0.00048828125,1,1,"SNETWORK (1 56 5756.28813694811 0.251345955377265 1000024 1)",1
137,1000025,-0.8342934861505,10,-0.185712976940586,-0.500464661936247,-0.612877153222713,-0.614349237474709,-0.609405455638136,-0.0259863509516531,-0.00300842443529572,0.00122761950396512,-0.366446465183702,0.646052794481418,-0.173264257845493,0.0127604373447695,0.646052794481418,0.646052794481418,0.535006900990184,0.00165237015632786,-0.114708343974305,-0.970649342589821,0.000957480284835305,0.100969434774191,-0.14469320018369,0.808445717563054,0.35800918471082,-0.8342934861505,1,-0.661308476392407,-0.162982686065248,-0.162059192448037,0.581306532748162,-0.144704266494163,-0.862118535219493,1.17689965824775,-0.366625869346747,-0.103599890474674,0.512738994688393,8308.0000000001,7.87644382309687,0.393685964257076,12908.0000000001,9.39606976445652,17.2725135874534,0.0752863766158642,-0.505169206889002,-0.718109400631895,1.47364880836937,1.98431451740486,0.536913477428985,0.623206940163664,0.602995578227978,-0.05977758672769,1.81608086566723,0.864057714124535,1.60920785767212,130.0000000001,209.197021484475,1.60920785767212,130.0000000001,209.197021484475,2.57791329055193,2.5376728479678,1e-10,-1.29101479507095,-1.30840098842829,-0.939979036569199,-0.714756172485968,-0.0097628098001502,-0.0440532202613972,-0.0700125630124127,-0.0759681020877419,-0.0843430631463477,0.561133563878085,0.366031253844967,-0.856613956922448,0.63789753652487,0.63789753652487,1.69260506213006,0.0832786753405471,-0.776657244180806,-0.598048651390674,-0.847855962321605,-0.77347359902173,-0.0736693569801525,0.170438877607557,-0.114354319719039,12908.0000000001,0.0343313619216586,0.0409550145942056,0.220879337275187,4.92714870359797,4592.68605872786,0.001953125,31,1,"SNETWORK (1 137 4592.68605872786 0.220879337275187 1000025 31)",1
318,1000026,0.104439101880244,28,0.831613660734676,0.506174412237335,0.449959143780463,0.448153051499128,0.45024912066774,0.951518589901829,0.96058267770221,0.567092894864408,0.663555761572867,0.0308015094880706,0.814687062292228,-0.23078850987895,0.0308015094880706,0.0308015094880706,0.119861497749686,-0.833410184155235,-0.919196545114413,0.00725399993099537,-0.93469361599978,-0.899030565225809,0.85530679981631,-0.544442745523596,-0.64199081528918,0.104439101880244,8,0.156079033400929,0.695430779348023,0.704439606406146,0.326318159797838,0.842928981487328,0.0968691287812438,-0.32164865514069,0.665227342901365,1.36225553088521,0.217165577768138,19939.0000000001,8.38308138604387,0.0932234462827317,11967.0000000001,2.15983097884776,10.5429123647916,0.0250747610833814,0,-0.144912358784679,-0.349788609123538,-0.697075949774951,-0.671237003940193,-0.573885278298844,-0.402354857188334,-0.329379579057339,-0.422074319415471,-0.758664571485352,0.297619902006949,313.0000000001,93.155029296975,0.297619902006949,313.0000000001,93.155029296975,1.56020048460422,0.925874851684776,1e-10,0.516122476874109,0.554633633325666,-0.0661070258212884,0.826402411721215,0.99023719019985,0.905247646867275,0.905265289894956,0.91026526157058,0.928192642138252,0.219188751595295,-0.251095528709762,-0.769994676640062,0.235377599726276,0.235377599726276,-1.00273983490724,0,0.358090648735314,0.22460677133351,0.0678819533261709,0.522244661391093,-0.206761900689712,-0.181866169216989,-0.114354319719039,19939.0000000001,0.0199379217796358,0.00513683920374567,0.320580469099277,3.04378015498619,17889.8269186713,5.82076609134674e-11,101,1,"SNETWORK (1 318 17889.8269186713 0.320580469099277 1000026 101)",1
56,1000027,-0.605608048127453,24,-0.016376969797183,-0.0406255841243769,0,0,0,-0.242889672199817,-0.0338260569062383,-0.386248161703196,-0.016623171999167,5.17368457512251,-1.45959269053689,3.06090071239561,5.17368457512251,5.17368457512251,-0.247775566279576,0.233634238299616,0.519145873193472,0.310034368252092,0.0655704750574773,0.658991673339333,-0.406278099940185,0.190739766812213,0.0312046492625428,-0.605608048127453,2,-0.0762537326312199,-0.5651210853166,-0.555586307389754,-0.778205326011722,-0.438204272761807,-0.667969040756138,-0.0876234216267343,-0.0161376126160085,-0.48588639694019,0.545793890405837,3488.0000000001,3.04596654311625,0.322629956843095,22824.0000000001,11.7819298124171,14.8278963554333,0.0858824860175807,0.364034398270801,0.108879916746956,0.00298263388705718,0.860839879231837,1.78659717682634,0.166358588838908,2.61473125052617,0.136058615950114,0.130512589023679,0.124304845063792,0.922960364400272,92.0000000001,84.912353515725,0.922960364400272,92.0000000001,84.912353515725,0.876902514509824,1.29117802704798,1e-10,-0.146017665555026,-0.359204537644007,2.30117452475783,-0.018126959002822,-0.0330186018330551,-0.145374652181791,-0.0947347101050445,-0.0897347384294191,-0.0718073578617481,0.523311804412011,-0.555506223058844,0.394947290937767,0.591135286969569,0.591135286969569,-1.78134497676076,0.353227565767566,-1.52545312667041,-1.50872832782797,-2.09328258132916,-1.28362508778687,-1.15117328992353,-0.790908578378569,-0.114354319719039,22824.0000000001,0.0176420965231473,0.0682403893944334,0.914048734737347,1.05831974954411,6286.38983632136,0.00048828125,10,1,"SNETWORK (1 56 6286.38983632136 0.914048734737347 1000027 10)",1
137,1000028,-1.28910700179187,3,-0.185712976940586,-0.500464661936247,-0.612877153222713,-0.614349237474709,-0.609405455638136,-0.0581688870391576,-0.0156953271817836,-0.0256120837660175,-0.364072077439351,0.790822434349621,-0.238245480445216,0.048165191885924,0.790822434349621,0.790822434349621,0.570019418607447,-0.00875205067715382,-0.129210976980279,-1.01072990088306,-0.0041249828423806,0.100969434774191,-0.14469320018369,0.808445717563054,0.35800918471082,-1.28910700179187,1,-0.604716940734925,0.743370490469382,0.753639967533044,2.0329270886697,0.917655354467583,-1.37673651012093,0.0726627540474003,-0.364264399410788,0.842158718384803,0.0962903210509469,1696.0000000001,0.301957504040794,0.399322161567462,34021.0000000001,25.1193173485268,25.4212748524676,0.0584513706466889,0.124957123114311,-0.408399422024373,0.284068673535205,-0.0326550679095948,-0.854950232494645,-0.39839596750921,-0.495313162189933,-1.33849021118243,-0.968764758525088,-0.45769186688956,0.542853860394118,306.0000000001,166.1132812501,0.542853860394118,306.0000000001,166.1132812501,2.55873694772342,1.37131598194794,1e-10,-2.08092738551278,-1.43850508509782,-0.87893648238317,-0.856791036227885,-0.0097628098001503,-0.0440532202613979,-0.0700125630124127,-0.0759681020877422,-0.0843430631463481,0.18443040861719,-0.482699443418693,-0.550084941555303,0.196920089531807,0.196920089531807,-2.26830776077258,0.206790979822414,0.322381812536375,0.203114205814716,-0.480045995313061,0.760693756793177,-1.17725041212462,-0.427937416663837,-0.114354319719039,34021.0000000001,0.000694293659727802,0.0577570768869611,0.132630522697303,2.00758312446708,4439.40126016332,0.001953125,35,1,"SNETWORK (1 137 4439.40126016332 0.132630522697303 1000028 35)",1
137,1000029,0.743662100886205,46,-0.182434882136088,-0.493825587762665,-0.550040856219537,-0.551846948500872,-0.54975087933226,-0.0369624831500651,-0.0571818180654866,-0.796265128166529,-0.432781035440166,-1.12749218217255,-0.0873321866468549,0.738833743153059,-1.12749218217255,-1.12749218217255,-4.50209134374018,0.205673615448419,0.0595319468834106,-0.725112986148712,0.168601485557945,0,0,0.455557254476404,0.364580677662562,0.743662100886205,1,-1.07536201150904,-1.47767623091079,-1.40406839423865,-0.415760239802187,-0.863478705694321,0.795105492469154,1.81212778574924,-0.432685569352057,-0.690154722489128,0.0779856575165341,447.0000000001,0.0644554442288462,0.0772445587319622,1810.0000000001,0.258513849987023,0.322969294115869,0.00357291652139964,-0.28279810109943,1.52289933021432,0.337903640107958,0.559369019926089,0.289801419888711,2.01356399721422,0.904376847759632,0.921518929269332,-0.46896305220335,-0.159525891109666,0.327008056740625,40.0000000001,13.080322265725,0.327008056740625,40.0000000001,13.080322265725,0.10622003184338,0.208694706823021,1e-10,0.181624456046635,0.448973254125489,-0.158273667282532,0.474195832595724,-0.0097628098001502,-6.2602913664822e-16,-0.0690096501542597,-0.0654410811926522,-0.0541323325597443,-0.110933819783393,0.027885216002734,1.19906218488533,-0.112864001042974,-0.112864001042974,0.0392128933920956,0.736989343319233,0.517560988284497,0.643429227251792,0.686848311771533,0.440626123712693,-0.388009808604988,-1.14534464706875,-0.048575600555733,1810.0000000001,0.000713052042542614,0.00285986437885703,0.696977358806407,0.819655159101762,5419.65002052683,0.001953125,72,1,"SNETWORK (1 137 5419.65002052683 0.696977358806407 1000029 72)",1
319,1000030,-0.153336782932731,12,0.833299531937875,0.487253775027049,0.449959143780463,0.448153051499128,0.45024912066774,0.889286437720198,0.879613512989991,0.52721057738117,0.766469765020653,-0.0685746150965279,0.766298142876894,-0.0978976364893575,-0.0685746150965279,-0.0685746150965279,0.273047383294019,-0.696004108925566,-0.68805987444192,0.392907527198324,-0.84949935947129,-0.901078823296691,0.862021227679927,-0.569078322997003,-0.663467360499932,-0.153336782932731,8,0.368097743178426,0.897273572675509,0.912048407382031,0.241088702265593,1.17531515217916,-0.181774915890752,-0.413943656954569,0.766780547348382,0.280998083666137,0.189586848193162,27090.0000000001,9.94320819718807,0.138725977282096,9772.0000000001,2.62452414514112,12.5677323422292,0.0259261281518672,0.155819498495461,-0.498370162520237,-0.189042466198927,-0.585415085647648,-0.848725767736125,-0.680458199554869,-0.44483307882847,-0.516597842697269,-0.303669019028319,-0.586165200109454,0.0373324008601351,185.0000000001,6.906494140725,0.0373324008601351,185.0000000001,6.906494140725,0.190717567554682,0.317469991014056,1e-10,3.19501463302081,1.97295205520248,1.81579157468445,0.650990305213941,0.914656465619374,1.10572467891038,1.2704616409726,1.27716336420855,1.31315558686399,-1.95728481144382,0.179167113358694,0.0297502426142679,-1.49856587423288,-1.49856587423288,-0.522268110445706,-0.229811441187509,0.118456306706503,0.172275883255758,0.543561331708364,-0.111261118111117,0.0527304943812616,0.820925297354853,1.331123334373,27090.0000000001,0.020511965241329,0.00541416281053814,0.95264621603583,4.97627306653754,17483.5944091403,1.16415321826935e-10,127,1,"SNETWORK (1 319 17483.5944091403 0.95264621603583 1000030 127)",1
318,1000031,0.642576481343485,60,0.810229799286478,0.535514907654324,0.449959143780463,0.448153051499128,0.45024912066774,0.97885749522437,0.966726611064162,0.661183746310874,0.096493603932593,-0.299563704484349,0.721344908391859,-0.344113952122006,-0.299563704484349,-0.299563704484349,-0.929510490216027,-0.827906230687142,-0.919828864046442,0.00462381888221144,-0.929006977568264,-0.899030565225809,0.85530679981631,-0.544442745523596,-0.64199081528918,0.642576481343485,8,0.197484097850399,1.56938975879419,1.61065475550807,-0.136994481675956,2.6931846293424,0.681317922338046,-0.440462095487663,0.613502153823159,0.686652081556122,0.114627155444625,23074.0000000001,5.12058671004884,0.201702099214327,21502.0000000001,8.39650589152965,13.5170926014785,0.0173663733889551,1.16566539265255,0.0858885388958538,-0.407062286160128,-0.30679430737361,0.31052294032121,-0.840134146266522,0.080359484013386,-1.14089327447676,0.0150424076368476,0.194043821019515,0.0253572979670635,315.0000000001,7.987548828225,0.0253572979670635,315.0000000001,7.987548828225,0.394563528627274,0.43133909134587,1e-10,2.29618038016471,1.06995450352327,1.98585985361188,0.573577803001114,0.99023719019985,0.955946779738603,1.05621390713484,1.05979715714868,1.0901105810241,-1.26003377341192,0.74288618578598,0.410396936485295,-1.07028357166631,-1.07028357166631,-0.0223734280674529,-1.36158877659849,-1.16753582441151,-0.993067660195049,-0.367386092904811,-1.64790783468969,2.21934073838625,1.67040647527712,2.3073132045357,23074.0000000001,0.00657878309233194,0.0107875901966231,0.987528569779107,3.25886416567937,18680.2248014993,5.82076609134674e-11,123,1,"SNETWORK (1 318 18680.2248014993 0.987528569779107 1000031 123)",1
140,1000032,-0.364075368248473,35,0,0,0,0,0,-0.112957150323187,-0.0103813151594406,-0.55846004796584,-0.0566290903543754,5.13046620241055,-1.61849646955024,3.28084170823967,5.13046620241055,5.13046620241055,-3.35331504613943,0.34640790130542,0.68116498098445,0.605155090802831,0.138181418518699,0.674158771142803,-0.376868202347026,0,0,-0.364075368248473,2,0.253466064401414,0.719669325189546,0.729306741741278,0.193330464305886,0.8803960426775,-0.413678321385117,-0.639025564166684,-0.0562978431612919,1.01402661660463,0.43670691038566,18021.0000000001,12.591832368502,0.0585166791633947,80806.0000000001,7.5655980295283,20.1574303979303,0.0471291430319457,-0.182314558166299,-0.919581714382842,-0.66501726510987,-0.553239754101731,0.48364529438091,-0.757156473612021,0.276031079065045,-1.54660464708383,-0.0138610225758765,-0.0115618261145381,0.0171894095797486,358.0000000001,6.15380859385,0.0171894095797486,358.0000000001,6.15380859385,0.201019129663111,0.354057569919628,1e-10,-0.134603294311001,0.0431295440309472,-0.471562104055709,-0.0296414699419979,-0.00976280980015009,-6.2602913664822e-16,-0.0947347101050445,-0.0897347384294191,-0.0718073578617481,-0.277163929933228,0.819167048406704,-0.969983679788032,-0.274521485605361,-0.274521485605361,-0.180246283748592,-0.351636655376976,0.028009564543279,0.0431019749646332,-0.286362742859283,0.192604827269017,0.570908155913996,-0.0889537556463982,-0.114354319719039,80806.0000000001,0.0294403728924395,0.0176887700395063,0.182139772990006,5.40482225682197,6537.76429833474,0.000244140625,82,1,"SNETWORK (1 140 6537.76429833474 0.182139772990006 1000032 82)",1
137,1000033,0.156175598339776,27,-0.185712976940586,-0.500464661936247,-0.612877153222713,-0.614349237474709,-0.609405455638136,-0.00147640912833224,-0.0310046138701788,-0.287914103393266,-0.390405808770603,-0.0901503459879618,0.0181612337201252,0.18286201739794,-0.0901503459879618,-0.0901503459879618,0.116768568647368,0.116635827599891,0.0326744748691606,-0.746187620656676,0.084610168024996,0.100969434774191,-0.14469320018369,0.808445717563054,0.35800918471082,0.156175598339776,1,-1.25312168905011,-1.73179181739858,-1.62594636662226,-0.434574222741445,-0.940816608798491,0.164259236488817,1.38315140853127,-0.390434121069052,-0.870330710426969,0.768817405274786,2753.0000000001,3.91351283632257,0.738452900526857,198.0000000001,0.270349353621197,4.18386218984376,0.0554635087905949,1.22706020503411,2.3367642340392,0.654143272693655,1.57829809315923,1.46863159795964,2.04852043092228,4.98090127266349,1.08281690078895,2.56520320929017,1.13434749966823,0.747482299904688,16.0000000001,11.959716796975,0.747482299904688,16.0000000001,11.959716796975,0.121557096416097,0.972440981414603,1e-10,-0.820844473056961,-0.534971242699076,-0.61699523060756,-0.33535524986723,-0.00976280980015009,-0.0288187032063227,-0.0947347101050445,-0.0897347384294191,-0.0718073578617481,0.430672096186752,-0.16782706312698,0.475763499784028,0.479005122691443,0.479005122691443,0.909683850591859,0.794557124243647,-0.723083800050858,-0.67230837201443,-0.82666630945598,-0.700442983019563,1.01647443128599,0.472349347025184,-0.114354319719039,2753.0000000001,0.0518796134668763,0.00358389522371863,0.437258908982103,1.16074188519269,4968.52905697351,0.001953125,59,1,"SNETWORK (1 137 4968.52905697351 0.437258908982103 1000033 59)",1
137,1000034,-0.99037557560811,8,-0.185712976940586,-0.500464661936247,-0.612877153222713,-0.614349237474709,-0.609405455638136,-0.0441861281832241,-0.00907924560342638,-0.0185327926102121,-0.365082556303433,0.736613778574343,-0.218357173408541,0.0430704300648195,0.736613778574343,0.736613778574343,0.557191184608398,-0.00535231150220755,-0.124621152741007,-0.996132365740724,-0.00265440431377594,0.100969434774191,-0.14469320018369,0.808445717563054,0.35800918471082,-0.99037557560811,1,-1.09965050514673,-0.850237442466545,-0.828159654017873,0.413819044156189,-0.601345742747682,-1.04234884366391,1.86193709737871,-0.365201186290789,-0.364446239522688,0.318232408481277,1486.0000000001,0.874380693126191,0.40988102754104,5302.0000000001,4.01823085436028,4.89261154738647,0.034675432392742,0.645996996503856,-0.26329625881141,1.68973221519313,2.04570374218554,0.080147300536765,1.46634318966965,0.196774329474004,0.694216175224179,0.769273875558343,0.367030200845884,0.863257514205903,72.0000000001,62.154541015725,0.863257514205903,72.0000000001,62.154541015725,0.565429788755918,1.18273421589959,1e-10,0.178697334844222,-0.293282157655237,2.10669360704886,0.181917818204538,-0.0097628098001502,-0.0440532202613966,-0.0815614487354779,-0.0823991917972376,-0.0784870850524931,0.908991813930532,-0.841307159283502,0.586444487418086,1.09615401879653,1.09615401879653,-1.28318577837167,0.477708799575297,-0.720329331505285,-0.770709716034411,-1.37897367069681,-0.399023951230561,-1.08340608099769,-0.856113518087631,0.311077196689417,5302.0000000001,0.00619700301691154,0.0284784292758304,0.198471927421941,2.01859515813328,4553.76524917209,0.001953125,37,1,"SNETWORK (1 137 4553.76524917209 0.198471927421941 1000034 37)",1
137,1000035,0.41647106866228,35,-0.182434882136088,-0.493825587762665,-0.550040856219537,-0.551846948500872,-0.54975087933226,-0.0448154001786628,-0.0683868247506967,-0.697666826987253,-0.411185429179883,-0.523872463342156,-0.0612085431167469,0.530832378689259,-0.523872463342156,-0.523872463342156,-1.15280488563973,0.178177061269826,0.085466494540216,-0.698865132445035,0.138541733829749,0,0,0.455557254476404,0.364580677662562,0.41647106866228,1,-0.502138556661678,-0.201102947208058,-0.199765041778918,0.23405665654228,-0.176221969787678,0.42565887448037,-0.228279772227378,-0.408939923051054,-0.178948768882159,0.108113908664916,12031.0000000001,2.40503078433245,0.204256563052081,27415.0000000001,10.3538439337118,12.7588747179443,0.0571307098418353,0.497303199779663,-0.728142257713558,-0.279287806609713,-0.300587536743422,0.0179772964748278,-0.145199538295106,0.0419842478972188,-1.07187160445967,-1.10286525223437,-0.443100732969569,0.472320986565669,142.0000000001,67.069580078225,0.472320986565669,142.0000000001,67.069580078225,1.20318436230867,1.24320059676441,1e-10,0.216046681300509,0.41498395537834,2.06683320328761,0.522391207006071,-0.0097628098001503,-1.87808740994466e-15,-0.0947347101050449,-0.0897347384294188,-0.0718073578617485,-0.0388826067298772,-0.320495313863527,0.777050752044123,-0.0400249055054188,-0.0400249055054188,-0.577173687389795,0.605782544067823,0.78500717701696,0.714546505515168,0.348713011263572,1.0439804447133,-0.519559664096937,-0.458078767392462,-0.0236936353257362,27415.0000000001,0.0107690622169051,0.0463616475249302,0.551002965361138,0.0314559641992673,5166.09811048852,0.001953125,43,1,"SNETWORK (1 137 5166.09811048852 0.551002965361138 1000035 43)",1
137,1000036,-1.18080637726684,5,-0.185712976940586,-0.500464661936247,-0.612877153222713,-0.614349237474709,-0.609405455638136,-0.0567275889709112,-0.0137174079283606,-0.0252344291640138,-0.364317692457554,0.7819157106039,-0.235175775372479,0.0513395339745909,0.7819157106039,0.7819157106039,0.567238401314292,-0.00794725111304348,-0.128242832626811,-1.00740887296362,-0.00375880696770467,0.100969434774191,-0.14469320018369,0.808445717563054,0.35800918471082,-1.18080637726684,1,-1.25266507163905,-0.279303053385905,-0.276866209634193,1.70558573479893,-0.23829187042103,-1.24211497078761,2.04054950983986,-0.364451068454931,-0.295441241890706,0.225109550968995,16753.0000000001,6.97306726345612,0.220053125161398,16946.0000000001,6.89496533599726,13.8680325993534,0.0656251915071384,-0.267544688543271,0.235367307915531,1.87571078444678,0.330673334853756,-4.14448680688887,1.05272632459079,-4.85696075629043,0.34489235746852,-4.80298674237629,-2.26715037102466,0.335482999313836,159.0000000001,53.3417968751,0.335482999313836,159.0000000001,53.3417968751,1.01530030918028,0.994649098818269,1e-10,-0.966417381920845,-0.735199052830375,-0.514784656678664,-0.369159438098114,-0.0097628098001502,-0.0440532202613972,-0.0700125630124127,-0.0759681020877419,-0.0843430631463477,0.595718494581973,-0.333236161672597,-0.215925254589123,0.681165809935592,0.681165809935592,0.757706712626437,0.470017355531382,-0.246844962607166,-0.297631016590357,-0.785224087160444,0.0277838289834362,-1.01751586372603,-0.456886183690259,-0.114354319719039,16946.0000000001,0.0329973895415585,0.0326278018655799,0.160691775449323,1.08048563809946,4488.14257749587,0.001953125,39,1,"SNETWORK (1 137 4488.14257749587 0.160691775449323 1000036 39)",1
328,1000037,0.821897686325266,69,0.817565117863912,0.621309110795204,0.679648502105189,0.676245639047415,0.674971766192546,0.878514810095685,1.02291879758497,0.176372452403648,0.0823954001992775,-0.267917381058873,0.52524965212441,-0.865433527439272,-0.267917381058873,-0.267917381058873,-3.27571551046462,-0.071087465334219,0.0462406373320653,1.07567198087287,-0.327290796357223,-0.835356739207357,0.822043687881501,-0.598119868767174,-0.651784673660024,0.821897686325266,8,0.0368012190050962,-0.934278636566027,-0.907329658729938,-0.352048748937606,-0.643513951253596,0.847926347798582,-0.369031864065747,0.0824128260480508,0.742726496971883,0.176065961480397,20797.0000000001,7.08900717406013,0.123010504397518,6679.0000000001,1.59060727336876,8.67961444732888,0.0652892826806609,-0.0434778002723785,1.31372220002114,-0.25984076717591,-0.434523098222198,-0.309739898799867,0.136883336056044,-0.519053381468542,0.23213811824764,-0.84262758804209,-0.877014331204217,0.691224765033628,113.0000000001,78.1083984376,0.691224765033628,113.0000000001,78.1083984376,0.783780803708721,0.870255215285017,1e-10,0.429212326646411,0.252819101489642,-0.101085649199043,0.428023242494611,0.99023719019985,0.955946779738603,1.39458336820265,1.39922450210729,1.44529782039366,0.081220807857462,-0.419992484028434,-0.0743439324477044,0.0852629619314419,0.0852629619314419,-0.563594963229724,-1.04210850425215,0.33154485469217,0.34080688260419,0.0484852785141065,0.490843956968807,0.390639263755328,0.354920958546072,0.614058624132982,20797.0000000001,0.0533245106002126,0.0119647719804483,0.274801682821481,0.668798347935081,18900.9198408569,2.91038304567337e-11,142,1,"SNETWORK (1 328 18900.9198408569 0.274801682821481 1000037 142)",1
56,1000038,-1.01795124910071,11,-0.016376969797183,-0.0406255841243769,-0.0539298651555209,-0.0526282971591558,-0.0497659234028937,-0.346605629591929,-0.0591451475321798,-0.48145081232244,-0.00178632083285611,5.37101878539676,-1.47662769369489,3.04628293075966,5.37101878539676,5.37101878539676,0.00269134683497513,0.1753843164223,0.43573867264932,0.135174709207509,0.030888864812618,0.591774111491733,-0.392108070777454,0.335861736600535,0.0625654665075635,-1.01795124910071,2,-0.395479271298403,0.606436732075799,0.613296627569154,1.27830809076507,0.710715856639426,-1.09702166656317,0.190854728778174,-0.00179752947863123,-0.202838890689557,0.664974069254885,64471.0000000001,68.5944691400175,0.0767407176834862,28731.0000000001,3.52774009112286,72.1222092310403,0.182640794260906,-0.530074726240974,0.0134402733809095,0.15055346887156,-0.189809075957903,-0.864282364543268,-0.285610244956093,-0.547814322778775,-0.452917104539777,-0.478465050423886,-0.447939982393626,0.433127747842395,263.0000000001,113.91259765635,0.433127747842395,263.0000000001,113.91259765635,1.27381171173645,0.401449721089525,1e-10,0.567569966488091,0.704935811235033,0.260306337425685,0.859243369328654,-0.0330186018330551,-0.145374652181791,-0.108274448778726,-0.0909368531402724,-0.0652232598425887,-0.653526327461159,0.176469592648071,-0.481001480800208,-0.609697961687922,-0.609697961687922,0.382518856230179,0.212448405141454,-0.463169621442024,-0.407251889351531,-0.736384196658607,-0.339398914746457,-0.176165418186873,-0.239362271779868,1.09283679671875,64471.0000000001,0.173707217961728,0.00893357619917823,0.534368578307848,2.66097684580188,5982.68038706278,0.00048828125,25,1,"SNETWORK (1 56 5982.68038706278 0.534368578307848 1000038 25)",1
137,1000039,0.743662100886205,46,-0.182434882136088,-0.493825587762665,-0.550040856219537,-0.551846948500872,-0.54975087933226,-0.0369624831500651,-0.0571818180654866,-0.796265128166529,-0.432781035440166,-1.12749218217255,-0.0873321866468549,0.738833743153059,-1.12749218217255,-1.12749218217255,-4.50209134374018,0.205673615448419,0.0595319468834106,-0.725112986148712,0.168601485557945,0,0,0.455557254476404,0.364580677662562,0.743662100886205,1,-1.07536201150904,-1.47767623091079,-1.40406839423865,-0.415760239802187,-0.863478705694321,0.795105492469154,1.81212778574924,-0.432685569352057,-0.690154722489128,0.0779856575165341,447.0000000001,0.0644554442288462,0.0772445587319622,1810.0000000001,0.258513849987023,0.322969294115869,0.00357291652139964,-0.28279810109943,1.52289933021432,0.337903640107958,0.559369019926089,0.289801419888711,2.01356399721422,0.904376847759632,0.921518929269332,-0.46896305220335,-0.159525891109666,0.327008056740625,40.0000000001,13.080322265725,0.327008056740625,40.0000000001,13.080322265725,0.10622003184338,0.208694706823021,1e-10,0.181624456046635,0.448973254125489,-0.158273667282532,0.474195832595724,-0.0097628098001502,-6.2602913664822e-16,-0.0690096501542597,-0.0654410811926522,-0.0541323325597443,-0.110933819783393,0.027885216002734,1.19906218488533,-0.112864001042974,-0.112864001042974,0.0392128933920956,0.736989343319233,0.517560988284497,0.643429227251792,0.686848311771533,0.440626123712693,-0.388009808604988,-1.14534464706875,-0.048575600555733,1810.0000000001,0.000713052042542614,0.00285986437885703,0.696977358806407,0.819655159101762,5419.65002052683,0.001953125,72,1,"SNETWORK (1 137 5419.65002052683 0.696977358806407 1000039 72)",1
318,1000040,0.576659598679564,56,0.810229799286478,0.535514907654324,0.449959143780463,0.448153051499128,0.45024912066774,0.976270083440846,0.963945349693226,0.609906682853316,0.615743906281567,-0.277840433502125,0.719213911227726,-0.327942504073982,-0.277840433502125,-0.277840433502125,-0.819087470568125,-0.828694883284261,-0.921486001532074,-0.011230849950211,-0.927780273314241,-0.899030565225809,0.85530679981631,-0.544442745523596,-0.64199081528918,0.576659598679564,8,-0.163447750691136,0.202970835273498,0.203594160843608,0.199697678909355,0.205021817483449,0.595822811633369,-0.0226115320365705,0.617259462432486,0.569304323735015,0.168020373671283,19598.0000000001,6.37504156780297,0.0833871397037384,11601.0000000001,1.87285357812467,8.24789514582764,0.0277640871995175,0.599559771522416,-0.254727814132567,-0.213614753554971,0.0453236686807918,0.593077799227606,-0.208785848467227,0.504686837810067,0.287661410168991,0.446271535265802,0.781962258323192,0.391120031782028,217.0000000001,84.8730468751,0.391120031782028,217.0000000001,84.8730468751,0.876364547756837,0.325147219410038,1e-10,-0.189309055393151,0,0.195331705795898,0.143208963772115,0.99023719019985,0.955946779738603,0.905265289894956,0.91026526157058,0.928192642138252,0.0940837926324167,0.0385550284153107,0.203663585035586,0.0989745440978029,0.0989745440978029,-0.123897537880423,-0.156571126277265,0.0519370459139799,0.0511940485558079,0.0416235095290226,0.0538935567455694,0.0769692277356093,-0.0854660497309827,-0.101288626520135,19598.0000000001,0.0214596822851747,0.00630440481434278,0.892768030889754,2.18871070314657,18567.9244152512,5.82076609134674e-11,103,1,"SNETWORK (1 318 18567.9244152512 0.892768030889754 1000040 103)",1
137,1000041,-0.486481138639441,15,-0.185712976940586,-0.500464661936247,-0.612877153222713,-0.614349237474709,-0.609405455638136,0.0103468740984732,0.00447622203548102,0.00905064545906925,-0.369251129804506,0.485804881597767,-0.0978944842975984,-0.00950542219908716,0.485804881597767,0.485804881597767,0.486759409606162,0.0218048080514337,-0.0877390858136459,-0.920082521260454,0.0142068456024326,0.100969434774191,-0.14469320018369,0.808445717563054,0.35800918471082,-0.486481138639441,1,-0.683481214791392,-0.440789218510401,-0.434964641708607,0.224645444213388,-0.356155047411119,-0.50012442476759,1.91158615235347,-0.369302005274589,-0.202292342066852,0.555143797543301,1060.0000000001,1.08804962017545,0.322968698313374,8181.0000000001,4.88544547029482,5.97349509037027,0.0316856186192142,2.29837760604798,-0.603062894082674,0.0394728725323132,1.6076643834841,3.11130241398302,1.13767892917219,4.14083158386751,0.405684007437898,2.75249821120501,1.28575663793022,1.12311975289851,67.0000000001,75.2490234376,1.12311975289851,67.0000000001,75.2490234376,0.744646228485264,1.65474604524502,1e-10,-0.0906171869920347,-0.066457021438458,-0.0378139400200629,-0.0115145109391759,-0.0097628098001502,-0.0440532202613972,-0.0741722932445174,-0.0782844812546552,-0.0822338302991561,0.0465190762134462,-0.0845703441157425,-0.339053943774263,0.0485576111012414,0.0485576111012414,-1.29733779722294,0.388586401637176,-0.73985457040736,-0.721545002496416,-0.865358137370475,-0.706060977939068,0.549716578219307,0.872138627294981,0.410442782506059,8181.0000000001,0.00577141600866817,0.025914202510546,0.284132769865015,1.56044306233525,4702.55483962225,0.001953125,44,1,"SNETWORK (1 137 4702.55483962225 0.284132769865015 1000041 44)",1
318,1000042,0.518323518577465,52,0.810229799286478,0.535514907654324,0.449959143780463,0.448153051499128,0.45024912066774,0.979963482504446,0.96625144167774,0.643541472936288,0.626603891466017,-0.213225327240356,0.761754519554784,-0.303188974306932,-0.213225327240356,-0.213225327240356,-0.413731982711709,-0.855993337380918,-0.956983074282137,-0.0471718925730373,-0.949821825869941,-0.899030565225809,0.85530679981631,-0.544442745523596,-0.64199081528918,0.518323518577465,8,-0.749666191260214,-0.486982301488619,-0.479895685243438,0.278652023912362,-0.387479578571102,0.532931228985552,0.567389224382018,0.626784664228442,-0.529984354551589,0.263218322963661,26137.0000000001,13.3192931338284,0.0796830271442393,6195.0000000001,0.955688711710035,14.2749818454385,0.0782341476904418,-0.0110566248417615,-0.153191467151796,0.309323225130091,0.848516324824673,1.02207175472618,0.552630157300792,1.42919291583303,1.20361164394144,1.67914492458513,2.95077730640174,0.00865365687521008,119.0000000001,1.02978515635,0.00865365687521008,119.0000000001,1.02978515635,0.271148609238752,0.369561847375174,1e-10,0.358022530908502,0.537263082742923,0.12009614829715,0.681061323947475,0.99023719019985,0.955946779738603,0.905265289894956,0.910265261570581,0.928192642138252,-0.0886787546873666,-0.0115586405548485,0.0635793470129401,-0.0905480495042289,-0.0905480495042289,-0.427206776084292,-0.192949723769052,0.072644005448781,0.144688049182389,0.335319835636359,-0.0714494771748074,0.313784555650099,0.260359374774326,0.935139444436603,26137.0000000001,0.0729964882697727,0.00523765932066905,0.818684401583442,0.16481155809015,18480.1281628948,5.82076609134674e-11,122,1,"SNETWORK (1 318 18480.1281628948 0.818684401583442 1000042 122)",1
56,1000043,-0.605608048127453,24,-0.016376969797183,-0.0406255841243769,0,0,0,-0.242889672199817,-0.0338260569062383,-0.386248161703196,-0.016623171999167,5.17368457512251,-1.45959269053689,3.06090071239561,5.17368457512251,5.17368457512251,-0.247775566279576,0.233634238299616,0.519145873193472,0.310034368252092,0.0655704750574773,0.658991673339333,-0.406278099940185,0.190739766812213,0.0312046492625428,-0.605608048127453,2,-0.0762537326312199,-0.5651210853166,-0.555586307389754,-0.778205326011722,-0.438204272761807,-0.667969040756138,-0.0876234216267343,-0.0161376126160085,-0.48588639694019,0.545793890405837,3488.0000000001,3.04596654311625,0.322629956843095,22824.0000000001,11.7819298124171,14.8278963554333,0.0858824860175807,0.364034398270801,0.108879916746956,0.00298263388705718,0.860839879231837,1.78659717682634,0.166358588838908,2.61473125052617,0.136058615950114,0.130512589023679,0.124304845063792,0.922960364400272,92.0000000001,84.912353515725,0.922960364400272,92.0000000001,84.912353515725,0.876902514509824,1.29117802704798,1e-10,-0.146017665555026,-0.359204537644007,2.30117452475783,-0.018126959002822,-0.0330186018330551,-0.145374652181791,-0.0947347101050445,-0.0897347384294191,-0.0718073578617481,0.523311804412011,-0.555506223058844,0.394947290937767,0.591135286969569,0.591135286969569,-1.78134497676076,0.353227565767566,-1.52545312667041,-1.50872832782797,-2.09328258132916,-1.28362508778687,-1.15117328992353,-0.790908578378569,-0.114354319719039,22824.0000000001,0.0176420965231473,0.0682403893944334,0.914048734737347,1.05831974954411,6286.38983632136,0.00048828125,10,1,"SNETWORK (1 56 6286.38983632136 0.914048734737347 1000043 10)",1
318,1000044,0.495889317772896,50,0.810229799286478,0.535514907654324,0.449959143780463,0.448153051499128,0.45024912066774,0.975710900097502,0.963648477947822,0.596424491365006,0.628651229459645,-0.196530700979489,0.750221028851226,-0.295315595222786,-0.196530700979489,-0.196530700979489,-0.370413636926601,-0.849696954333091,-0.946170214477732,-0.0358591119053341,-0.945118042619103,-0.899030565225809,0.85530679981631,-0.544442745523596,-0.64199081528918,0.495889317772896,8,-0.949036097666844,-0.278897593519133,-0.276467330348949,0.989374136581976,-0.237978769380843,0.505533933769383,0.176055125417881,0.629160556355696,-0.745067227995938,0.261311480265848,11916.0000000001,6.02834787627454,0.091681596552604,4709.0000000001,0.835834280541368,6.86418215671591,0.0324728259639315,0.521626658381062,0.328162540982604,0.724256677429909,-0.216078270371403,-2.28611436001474,0.177315059268049,-2.66706195686342,0.800758155826555,-2.36064061423258,-4.13856759915808,0.174655581580705,149.0000000001,26.023681640725,0.174655581580705,149.0000000001,26.023681640725,0.0709280762841116,0.0680371912754067,1e-10,0.489513491287709,0.221117493618633,0.207078006916875,0.296440732680072,0.99023719019985,0.955946779738603,0.905265289894956,0.910265261570581,0.928192642138252,-0.0140355680304789,-0.495708823556071,0.336322611138478,-0.0145064992334366,-0.0145064992334366,0.494480705140347,-0.0797534243308598,0.415328725446059,0.467624205801701,0.630455226785636,0.309847190015811,-0.492734664360527,0.0169280513297149,1.14054337214466,11916.0000000001,0.0285186911366476,0.00395413472728383,0.780693216201341,0.950669754296541,18435.1049407557,5.82076609134674e-11,97,1,"SNETWORK (1 318 18435.1049407557 0.780693216201341 1000044 97)",1
319,1000045,-0.153336782932731,12,0.833299531937875,0.487253775027049,0.449959143780463,0.448153051499128,0.45024912066774,0.889286437720198,0.879613512989991,0.52721057738117,0.766469765020653,-0.0685746150965279,0.766298142876894,-0.0978976364893575,-0.0685746150965279,-0.0685746150965279,0.273047383294019,-0.696004108925566,-0.68805987444192,0.392907527198324,-0.84949935947129,-0.901078823296691,0.862021227679927,-0.569078322997003,-0.663467360499932,-0.153336782932731,8,0.368097743178426,0.897273572675509,0.912048407382031,0.241088702265593,1.17531515217916,-0.181774915890752,-0.413943656954569,0.766780547348382,0.280998083666137,0.189586848193162,27090.0000000001,9.94320819718807,0.138725977282096,9772.0000000001,2.62452414514112,12.5677323422292,0.0259261281518672,0.155819498495461,-0.498370162520237,-0.189042466198927,-0.585415085647648,-0.848725767736125,-0.680458199554869,-0.44483307882847,-0.516597842697269,-0.303669019028319,-0.586165200109454,0.0373324008601351,185.0000000001,6.906494140725,0.0373324008601351,185.0000000001,6.906494140725,0.190717567554682,0.317469991014056,1e-10,3.19501463302081,1.97295205520248,1.81579157468445,0.650990305213941,0.914656465619374,1.10572467891038,1.2704616409726,1.27716336420855,1.31315558686399,-1.95728481144382,0.179167113358694,0.0297502426142679,-1.49856587423288,-1.49856587423288,-0.522268110445706,-0.229811441187509,0.118456306706503,0.172275883255758,0.543561331708364,-0.111261118111117,0.0527304943812616,0.820925297354853,1.331123334373,27090.0000000001,0.020511965241329,0.00541416281053814,0.95264621603583,4.97627306653754,17483.5944091403,1.16415321826935e-10,127,1,"SNETWORK (1 319 17483.5944091403 0.95264621603583 1000045 127)",1
137,1000046,0.384226418123541,34,-0.182434882136088,-0.493825587762665,-0.550040856219537,-0.551846948500872,-0.54975087933226,-0.044591721198172,-0.0670049953499456,-0.647813839359752,-0.408283927683991,-0.476337860128214,-0.0522362960055153,0.480046598266342,-0.476337860128214,-0.476337860128214,-0.968581020268298,0.171270679470031,0.0819053372743494,-0.70138588111777,0.13213785175279,0,0,0.455557254476404,0.364580677662562,0.384226418123541,1,-0.484094704488328,-1.05146007508787,-1.01674622323148,-0.752884517362635,-0.698300859742734,0.395057096463895,-0.278746530950396,-0.408442685228464,0.0846927577456468,0.098240287192559,5561.0000000001,1.01013603139672,0.0835674618200252,3877.0000000001,0.599060047639038,1.60919607893576,0.0131530869003019,-0.774583119184786,1.4078372752824,-0.206269083041798,0.0452282632643766,0.566491097037009,0.303115764262417,1.22193882477851,-0.515638016478157,0.148367208363552,0.0644664488541234,0.11223380806371,62.0000000001,6.95849609385,0.11223380806371,62.0000000001,6.95849609385,0.190005847564706,0.181419634438287,1e-10,0.802355685023095,1.3461296827946,2.06975163348635,2.05363372244379,0.00359517577603235,-0.0392206857128927,-0.00468862405562112,-0.0046990278379167,-0.0099390143415355,-0.705428927741702,0.258646717113199,-0.626199591143246,-0.652775378633171,-0.652775378633171,0.118622444559032,0.498140933459836,0.0263571570290602,0.134400342186289,0.0855545896177102,-0.0100491665373197,0.573144979386595,-0.0972872401567498,1.68088771888685,5561.0000000001,0.00825654938792223,0.00489653741237968,0.538737404883076,0.1686060152133,5144.79330343639,0.001953125,40,1,"SNETWORK (1 137 5144.79330343639 0.538737404883076 1000046 40)",1
56,1000047,-0.925890052020151,14,-0.016376969797183,-0.0406255841243769,-0.0539298651555209,-0.0526282971591558,-0.0497659234028937,-0.339637297908858,-0.0570036126498946,-0.485996871656455,-0.00489427658020658,5.35136491742324,-1.48380405765664,3.07204021920063,5.35136491742324,5.35136491742324,-0.042866886878361,0.182576696230206,0.44563163557543,0.158379631245156,0.034971195482287,0.591774111491733,-0.392108070777454,0.335861736600535,0.0625654665075635,-0.925890052020151,2,-0.295878717010175,-0.117133604138581,-0.116606570714247,0,-0.105659701025616,-0.995664891112519,0.498011911214942,-0.00458855127121783,-0.38304524243977,0.357327843362675,39413.0000000001,22.5333796584999,0.200595278834843,26531.0000000001,8.51518934427543,31.0485690026753,0.131019648555691,0.0979827587855584,0.694818121354617,0.457958787127471,0.579663861366834,0.0420464235508355,0.263953459651305,0.062810446082152,0.264154248317661,0.161897611834121,0.155568138264494,0.678669757253614,166.0000000001,112.6591796876,0.678669757253614,166.0000000001,112.6591796876,1.25665692099216,0.847450392931815,1e-10,0.220170892993787,0.173020320323474,0.017771655470359,0.0324192187939311,-0.0330186018330552,-0.145374652181791,-0.105406778994435,-0.0906822935273768,-0.06661777394986,-0.532736566107118,0.575449393223912,-0.862449744705925,-0.50657688071604,-0.50657688071604,0.452396862671777,-0.238468875760725,-0.243579011990855,-0.129693557098076,-0.286494760275279,-0.235328647315764,0.382688409278672,0.152814240541766,1.57242609460221,39413.0000000001,0.0950870064613053,0.0359326419943853,0.623514409766052,0.347862578433336,6053.98891061186,0.00048828125,23,1,"SNETWORK (1 56 6053.98891061186 0.623514409766052 1000047 23)",1
137,1000048,0.269522948862902,30,-0.185712976940586,-0.500464661936247,-0.585138056887849,-0.587070912494495,-0.584419668319597,-0.0376865792364015,-0.0601854550930925,-0.500624543579474,-0.402046223796081,-0.316513561196911,-0.0623933967319399,0.496145632900278,-0.316513561196911,-0.316513561196911,-0.572618208422667,0.163652111839523,0.0828394519337292,-0.698353374310314,0.124345430095763,0.0364828075349033,-0.0571641522728816,0.606064072139838,0.367173998896565,0.269522948862902,1,-0.74075001658232,-0.423725130557842,-0.418332875837631,0.35093516179532,-0.344323648692851,0.271437603998901,0.0973316908073068,-0.397571302985984,-0.486629052670614,0.178520612628622,16311.0000000001,5.3840154881148,0.0678631734459217,5295.0000000001,0.664412007886479,6.04842749590128,0.031698298470957,-0.926290035565325,1.09632375865243,-0.232384875003763,-0.0822089895318197,0.370244137107391,0.214871183889134,0.514742160517011,-0.58113436262093,-0.433763936796478,-0.163907964938328,0.320495092668277,119.0000000001,38.138916015725,0.320495092668277,119.0000000001,38.138916015725,0.807227466477078,0.967425177137992,1e-10,0.911446279797846,1.18870383914795,0.501950774286608,1.55928554321001,0.00118107901358106,-0.0424980880306104,-0.0193777090507884,-0.0240388119131873,-0.0404157263463644,-0.867331515029472,0.3029921041922,-0.798241636217046,-0.782557006951629,-0.782557006951629,-0.0547397840054333,0.634042477756449,-0.108486425316285,0.0334495964099064,0.0784316317568929,-0.218721511039484,0.690743806346472,0.252479052875138,3.27218115404859,16311.0000000001,0.0282162809244914,0.00348201744646562,0.480463192086564,1.06108254531864,5043.57323591767,0.001953125,42,1,"SNETWORK (1 137 5043.57323591767 0.480463192086564 1000048 42)",1
56,1000049,-0.580177988681953,25,-0.016376969797183,-0.0406255841243769,0,0,0,-0.236482974779941,-0.0325312588618391,-0.387337400611511,-0.0173220032550954,5.16183757330019,-1.452489809179,3.05783687564727,5.16183757330019,5.16183757330019,-0.267140261429289,0.236952118752331,0.524234424019678,0.320982718166161,0.0674202056387063,0.658991673339333,-0.406278099940185,0.190739766812213,0.0312046492625428,-0.580177988681953,2,0.0855990984981876,-0.438570949393629,-0.432803597111563,0.675382157736272,-0.354625027315546,-0.637601067409797,0,-0.0173884099337431,0.179046687685372,0.458836972323703,13155.0000000001,9.65760059145636,0.180836455997785,24590.0000000001,7.11482952093643,16.7724301122928,0.0888277052540511,1.69221049939321,0.420164435863053,1.83679203056149,-0.0944890986732938,-4.5236400496424,0.155334626234649,-5.93141868930538,0.121319240561567,-0.468037694454192,-0.421849184115143,1.08378718459519,104.0000000001,112.7138671876,1.08378718459519,104.0000000001,112.7138671876,1.25740539647457,1.58330266196968,1e-10,0.827591227289965,0.357545194680594,0.432340575800762,0.682128687611292,-0.0222913729139333,-0.0783175005360734,0.0462680923025788,0.0601181600330522,0.0830682451609075,0.562941377382545,-0.592352140973747,0.511566411239771,0.640147171138015,0.640147171138015,0.515244063050244,0.69136966158329,-1.55479434008899,-1.5363272152487,-1.94677513826985,-1.4086685414226,-1.09712429776545,-0.835882343988743,0.533260036296926,24590.0000000001,0.0511471797519052,0.0376805254021459,0.944241236746245,1.65948297626712,6310.54108047142,0.00048828125,12,1,"SNETWORK (1 56 6310.54108047142 0.944241236746245 1000049 12)",1
328,1000050,0.759697543896625,66,0.817565117863912,0.621309110795204,0.679648502105189,0.676245639047415,0.674971766192546,0.86756605873928,1.01634575058712,0.185755475872964,0.0859863933540082,-0.222524416587053,0.497419023009064,-0.833750267958905,-0.222524416587053,-0.222524416587053,-0.857069533908183,-0.0828875556966623,0.0317616230338178,1.01779798961332,-0.331488384392225,-0.835356739207357,0.822043687881501,-0.598119868767174,-0.651784673660024,0.759697543896625,8,0.0677903511185016,0.611300424467652,0.618271156101092,0.362977624092055,0.717729747142992,0.792285451887073,-0.615956860990273,0.0859456073610864,0.61698242635967,0.341056267642679,32510.0000000001,21.4660593603217,0.0950593491134285,10635.0000000001,1.95722904348458,23.4232884037062,0.0591135605863287,0.471922687302789,-0.469199120639258,-0.436733624794642,-0.586938863028688,-0.203417358107338,-0.717564779051858,-0.1308784470387,-1.23353717474247,-0.335553163692443,-0.352552582285119,0.0684067456690299,201.0000000001,13.749755859475,0.0684067456690299,201.0000000001,13.749755859475,0.0970578900005931,0.261026783209987,1e-10,0.0667968904124269,0.0937204154821165,-0.28165830584076,0.286628796950985,0.99023719019985,0.955946779738604,1.36911100441257,1.3734157625249,1.41903059295605,0.378244608340457,-0.341990618594449,0.27473723327986,0.417033019912702,0.417033019912702,-0.10876200852207,0.153274842641248,0.124508732814458,0.0378661453932406,-0.291384267667829,0.347381589520438,0.0707086408314218,0.130366853892875,-0.114354319719039,32510.0000000001,0.0541740842075027,0.004939476278826,0.178972510015158,5.26414972823113,18829.112848327,2.91038304567337e-11,139,1,"SNETWORK (1 328 18829.112848327 0.178972510015158 1000050 139)",1
137,1000051,-0.632432001205662,13,-0.185712976940586,-0.500464661936247,-0.612877153222713,-0.614349237474709,-0.609405455638136,0.00426919108187378,0.00270402009631549,0.0102036457947686,-0.36847168307896,0.532688282948878,-0.11840410253894,-0.00508803122014418,0.532688282948878,0.532688282948878,0.49660032965412,0.0161619533022449,-0.0955469691022896,-0.934932679641967,0.0105858221730956,0.100969434774191,-0.14469320018369,0.808445717563054,0.35800918471082,-0.632432001205662,1,-0.906970201392228,-0.476896742476044,-0.47009722192451,0.5892869423523,-0.380726926645552,-0.666486433807373,1.7260965220627,-0.368246235316406,-0.456560613715532,0.315803878903922,1376.0000000001,0.803476609598199,0.228372704981851,4109.0000000001,1.73507272006963,2.53854932956783,0.0138136563347729,0.497917265029685,-0.90035808664856,1.3695639907926,2.18850107350445,1.24010280697725,1.09558804303902,1.71412675779751,0.371980271426358,0.139234442891077,0.0764713507734159,0.445556640725,41.0000000001,18.267822265725,0.445556640725,41.0000000001,18.267822265725,0.0352217860827918,0.424025469285077,1e-10,-0.556097244997327,-0.690542948973381,-0.35347851431528,-0.381527839968344,-0.0097628098001502,-0.0440532202613972,-0.0700125630124127,-0.0759681020877419,-0.0843430631463477,0.206870570970256,-0.240198313413534,-0.109987473194723,0.221698537016349,0.221698537016349,0.50619492426271,0.253558645179582,-0.885678015223676,-0.834852701287196,-0.976084216662853,-0.876310080566956,-0.165752530022987,1.02706884387207,-0.114354319719039,4109.0000000001,0.0043721623005119,0.00944149393426104,0.260107320891565,0.764271194478995,4660.82355831345,0.001953125,36,1,"SNETWORK (1 137 4660.82355831345 0.260107320891565 1000051 36)",1
56,1000052,-0.788982499363694,18,-0.016376969797183,-0.0406255841243769,-0.0539298651555209,-0.0526282971591558,-0.0497659234028937,-0.321163579690921,-0.0523131910805173,-0.477002358141223,-0.00903646981581495,5.31170897441193,-1.49605696688423,3.10127805503518,5.31170897441193,5.31170897441193,-0.0754844269365461,0.193730318293215,0.460393127746204,0.193740291885111,0.0413702298368738,0.591774111491733,-0.392108070777454,0.335861736600535,0.0625654665075635,-0.788982499363694,2,0.112218786726048,-0.0106287201146682,-0.0106088346537766,-0.468400719642254,-0.00995072070053518,-0.856572045426039,-0.00325385614210548,-0.00903124174411493,-0.400583937435454,0.233146449082503,22798.0000000001,8.50443639033779,0.0928367112617846,41089.0000000001,6.10330819997736,14.6077445902152,0.0571755993348533,0.441985489698623,-0.627171395240462,0.723049246564785,0.155286829224208,-1.57413658818437,-0.0894064400095238,-1.51902919860131,-0.175885519534996,-0.642265191134556,-0.593140768038075,1.00191219134252,167.0000000001,167.3193359376,1.00191219134252,167.0000000001,167.3193359376,2.00475816566679,1.43458553578285,1e-10,-0.0553099518018737,0.0698908653079348,-0.308614672374654,0.359352709021045,-0.0330186018330551,-0.145374652181791,-0.10009606321017,-0.090210766120372,-0.069200255228015,0.398855067341577,0.0798111401973503,0.191053717871997,0.441269323735502,0.441269323735502,-1.00462062628038,-0.365927702809455,-0.869053455707529,-0.719381294825458,-1.15914737521909,-0.751644121226084,-0.776377275291751,-0.815307074094832,-0.114354319719039,41089.0000000001,0.0332868803782053,0.023888718856648,0.739740509178522,2.08494729073141,6146.95917530513,0.00048828125,9,1,"SNETWORK (1 56 6146.95917530513 0.739740509178522 1000052 9)",1
318,1000053,0.145439973125262,30,0.831613660734676,0.506174412237335,0.449959143780463,0.448153051499128,0.45024912066774,0.958357690691991,0.963510530101785,0.58233353555785,0.661022272972828,0.0131039717208619,0.818199689800506,-0.229775403532166,0.0131039717208619,0.0131039717208619,0.0979706778952422,-0.840549279759411,-0.928270854934903,0.00263257248970528,-0.941057635214539,-0.899030565225809,0.85530679981631,-0.544442745523596,-0.64199081528918,0.145439973125262,8,0.364174866246541,0.2954428467119,0.296944005117345,-0.475671504561258,0.308586182737187,0.13079784764125,-0.512713530103261,0.661262715292177,0.20593519104767,0.277090655274862,27729.0000000001,14.875288891598,0.0827748283762643,22157.0000000001,3.55073750732695,18.426026398825,0.0581074245615295,-0.417326606465117,-0.20174580332435,-0.42688224736113,-0.415004756240612,0.152380076330551,-0.558847433581401,0.124606951799824,-0.299303979317448,-0.0116671084037867,-0.0187470449954405,0.023223376764959,244.0000000001,5.66650390635,0.023223376764959,244.0000000001,5.66650390635,0.362796758933848,0.427463052813485,1e-10,-0.317571826040024,-0.634425075749691,-0.220755470400504,-0.664316731055597,0.99023719019985,0.867841683603146,0.905265289894956,0.910265261570581,0.928192642138252,-0.645677030729502,0.911525120882683,0.914533774558528,-0.603119578559782,-0.603119578559782,0.987056544059277,0.556297227559697,0.319756908251475,0.388088397078762,0.960158777493074,-0.0181086902794555,1.80620929108477,1.82747177004564,0.360494573612877,27729.0000000001,0.046909990624238,0.0111974338372915,0.358587184952374,6.26107043810738,17934.8685459177,5.82076609134674e-11,115,1,"SNETWORK (1 318 17934.8685459177 0.358587184952374 1000053 115)",1
328,1000054,0.79853391364695,68,0.817565117863912,0.621309110795204,0.679648502105189,0.676245639047415,0.674971766192546,0.878546612424972,1.0231600251205,0.235646570763261,0.0826097193746009,-0.265144868566213,0.527873195701091,-0.865375240204266,-0.265144868566213,-0.265144868566213,-3.12873112316721,-0.0728544520992352,0.044335253150718,1.07327575822007,-0.328706282120504,-0.835356739207357,0.822043687881501,-0.598119868767174,-0.651784673660024,0.79853391364695,8,-0.0956633958329126,-0.388260741802555,-0.383709602800195,-0.58850097712825,-0.31927540265959,0.827090205794901,-0.402950194008357,0.0848911485112037,1.70110029292994,0.31039628982916,20801.0000000001,12.5000012643174,0.124507594377932,5209.0000000001,1.25562374744171,13.7556250116591,0.0703046572058925,1.25005250547167,-1.28417561126406,-0.335288910734505,-0.517288022662754,-0.312195568200159,-0.19368173156437,-0.367149545958579,-0.199050352310393,-0.883959606608439,-0.924813191402745,0.495226504297761,134.0000000001,66.3603515626,0.495226504297761,134.0000000001,66.3603515626,0.622992231325462,0.514245438474407,1e-10,-0.994781283172,-0.999532990291673,-0.515327070590086,-0.735012652164405,0.99023719019985,0.955946779738603,1.20716252437473,1.20932866870411,1.25202851990995,0.0838602886409093,1.20586933424214,-0.237626971763617,0.0880718844512522,0.0880718844512522,0.571109676296107,-0.738590308093365,-0.609804303742344,-0.395807225578198,0.261169181303158,-1.10705388236083,2.18528287805001,1.09943590785245,-0.114354319719039,20801.0000000001,0.0638871953812021,0.00641746172469038,0.242696078155318,2.63561146592275,18876.8623764448,2.91038304567337e-11,141,1,"SNETWORK (1 328 18876.8623764448 0.242696078155318 1000054 141)",1
137,1000055,0.482176721365048,37,-0.182434882136088,-0.493825587762665,-0.550040856219537,-0.551846948500872,-0.54975087933226,-0.0392756714950769,-0.0634269394568033,-0.70277662717858,-0.413076779516854,-0.597117378868553,-0.0260944396832757,0.472974267997743,-0.597117378868553,-0.597117378868553,-1.31632147332951,0.173348089310936,0.0756331987123394,-0.70680721904677,0.134841500488083,0,0,0.455557254476404,0.364580677662562,0.482176721365048,1,-0.821870187293211,-1.14013714560407,-1.09875512142174,-0.409597463385846,-0.736860593818156,0.497731664446561,-0.242017518223811,-0.413161691775483,-0.0195516001549453,0.279980779171933,3831.0000000001,1.98325114728549,0.18588499532484,5536.0000000001,1.90273260651008,3.88598375369557,0.033824955362574,-0.776384826727758,1.0250821219939,0.0233483242290743,-0.332066679677669,-0.819812031223484,0.399228457451637,-1.70029742611774,-0.426735693322087,0.606958680569478,0.25324581771473,1.17223182101346,52.0000000001,60.9560546876,1.17223182101346,52.0000000001,60.9560546876,0.549026814902439,1.74395283893119,1e-10,0.681202721350467,0.425533334101823,0.371976340429735,0.535082421301455,-0.0097628098001502,-6.2602913664822e-16,-0.0947347101050445,-0.0897347384294188,-0.0718073578617489,-0.189595090916285,-0.362327308644821,0.966966935116139,-0.190454642374872,-0.190454642374872,-0.966607507051966,0.568884286639673,0.515740385352883,0.575611065247769,0.262507207165818,0.6660038706525,-0.847010198703408,-0.687711311429299,0.869026494123339,5536.0000000001,0.0172629083345827,0.0165620469279914,0.577739665529222,2.32277491263358,5212.53873089967,0.001953125,63,1,"SNETWORK (1 137 5212.53873089967 0.577739665529222 1000055 63)",1
318,1000056,0.321048524813222,41,0.810229799286478,0.535514907654324,0.449959143780463,0.448153051499128,0.45024912066774,0.958252619758979,0.955316776585228,0.432002022685202,0.635232696061492,-0.121101644961092,0.704498218936187,-0.29079935280232,-0.121101644961092,-0.121101644961092,-0.308160205975726,-0.827476007772455,-0.913309928077966,-0.037133953905637,-0.923332514200691,-0.899030565225809,0.85530679981631,-0.544442745523596,-0.64199081528918,0.321048524813222,8,-0.390801523709873,0.567473902850091,0.573474227821178,1.20035995175643,0.655385597914412,0.322554485753478,0.193496630617294,0.648284545900918,-0.275705662186238,0.155462704563351,24844.0000000001,7.47751100155631,0.118575380894294,8553.0000000001,1.96346119125433,9.44097219271063,0.0245741428719574,0.682096474123308,-0.182106745623671,1.28564573616517,-0.374454261182294,-4.06741531221766,-0.266658580844898,-2.63758787338903,0.222746855327196,-2.02066495150381,-3.55644076500474,1.21017702802553,235.0000000001,284.3916015626,1.21017702802553,235.0000000001,284.3916015626,4.17754239421912,2.58343679912789,1e-10,-0.830077377570304,-0.623162161991835,-0.515327070590086,-0.379502452333101,0.99023719019985,0.955946779738603,0.905265289894955,0.91026526157058,0.928192642138252,0.368087633543114,-0.629702230968972,-0.0704330674452581,0.405149014224852,0.405149014224852,-0.0365807456396112,-0.759792176909252,0.939584611654428,0.832271721379933,0.301561093586543,1.31294566479435,-0.80880329545912,-1.10552236299593,-0.114354319719039,24844.0000000001,0.019463400503657,0.00511074226830041,0.592859048520246,3.81945608227311,18212.5033195703,5.82076609134674e-11,108,1,"SNETWORK (1 318 18212.5033195703 0.592859048520246 1000056 108)",1
328,1000057,0.705233700003989,63,0.817565117863912,0.621309110795204,0.584902015722838,0.581791403280787,0.581496445193316,0.858512719962224,0.997171163363122,0.469575409058591,0.0942129398643006,-0.210574815193652,0.453523496999521,-0.776473027229079,-0.210574815193652,-0.210574815193652,0.670761837032784,-0.0956951437796633,0.0204589301833647,1.0038880551068,-0.342203075367737,-0.835356739207357,0.822043687881501,-0.598119868767174,-0.651784673660024,0.705233700003989,8,0.300425629599702,0.471781947962398,0.475891442590416,-0.19229466767523,0.525760555316449,0.731560695326348,-0.565187759155245,0.0941690425041644,1.41133137950885,0.328857269355314,14397.0000000001,9.1661882530209,0.0841495960343804,12221.0000000001,1.99098551601411,11.157173768935,0.0310689427071755,0.0426581302675429,0.0137572857515854,-0.496203296154662,-0.614714514772987,-0.111240123079822,-0.648246140329743,-0.0768526602498713,-1.0374424792839,-0.220569206415259,-0.234637463120858,0.086818942875974,231.0000000001,20.05517578135,0.086818942875974,231.0000000001,20.05517578135,0.0107593351597277,0.227583005731417,1e-10,-1.28169953446848,-1.64394898273973,-0.888587289222291,-0.941667274109402,0.99023719019985,0.955946779738603,1.20716252437473,1.20932866870411,1.25202851990995,0.512099332443579,0.852037434825978,-1.38401136736756,0.57738287613722,0.57738287613722,1.55808578931502,-2.04876281246637,0.444417885347209,0.415411268337384,0.745105485150307,0.294022631002654,0.540026240268762,0.394736886008311,-0.114354319719039,14397.0000000001,0.0255247236134337,0.00554421899374183,0.0872191885370119,5.02719258866638,18760.3599844857,2.91038304567337e-11,136,1,"SNETWORK (1 328 18760.3599844857 0.0872191885370119 1000057 136)",1
318,1000058,0.334359778976178,42,0.810229799286478,0.535514907654324,0.449959143780463,0.448153051499128,0.45024912066774,0.958196597336196,0.956232044377301,0.434498053141263,0.634955129790087,-0.124231362531708,0.706409586671993,-0.29111239122615,-0.124231362531708,-0.124231362531708,-0.307280266455471,-0.828736971375755,-0.915063166206524,-0.0366016184382895,-0.924629623538708,-0.899030565225809,0.85530679981631,-0.544442745523596,-0.64199081528918,0.334359778976178,8,-1.2095167675512,0.17536091207572,0.175791609838491,0.683558764666017,0.175383452295895,0.366531429857981,1.39930054161545,0.635072015901122,-0.319068510103424,0.0915858941761792,14438.0000000001,2.56002937414654,0.11089276154964,15038.0000000001,3.22851345346485,5.78854282751138,0.019868837015095,-0.33279159041118,0.740933091777003,0.211649799647081,0.20865793510361,-0.130328919369093,0.47327417057817,-0.102803719317958,1.12900059249247,-0.333188977170066,-0.57048789928125,0.938510194216709,196.0000000001,183.947998046975,0.938510194216709,196.0000000001,183.947998046975,2.80283017301789,2.08998319138664,1e-10,0.197069773471621,-0.145195299543757,-0.066685751984361,0.0897861107350751,0.99023719019985,0.955946779738603,0.905265289894956,0.910265261570581,0.928192642138252,0.428690254772965,-0.828185400982056,0.0544411108997759,0.476643152178153,0.476643152178153,-0.384905989413491,-0.431486153612698,0.827784278560106,0.729186321658586,0.176292277013841,1.204136059595,-0.449086471621665,-0.68073603072549,0.216830649840482,15038.0000000001,0.00878715207736138,0.0110816848377336,0.612242333564627,0.00957553985062987,18235.4743835042,5.82076609134674e-11,110,1,"SNETWORK (1 318 18235.4743835042 0.612242333564627 1000058 110)",1
137,1000059,0.444753132695028,36,-0.182434882136088,-0.493825587762665,-0.550040856219537,-0.551846948500872,-0.54975087933226,-0.0412146186005715,-0.066171448339548,-0.696961330580683,-0.41225374800489,-0.565944726241978,-0.0405402848057149,0.496566449871089,-0.565944726241978,-0.565944726241978,-1.24472644964475,0.175404704309031,0.0800902471995183,-0.703222514231208,0.136392795221292,0,0,0.455557254476404,0.364580677662562,0.444753132695028,1,-0.542447957161248,-1.71376184165762,-1.61044977439229,-1.21378508194223,-0.935773230600876,0.460284540956527,-0.307938366331459,-0.412221135459121,1.00638445756397,0.0960457422774806,2544.0000000001,0.451785791532154,0.11602873445536,2908.0000000001,0.623874596161086,1.07566038759324,0.0140774767244866,0.963847913162,0.554567301154934,-0.218861731564431,-0.246166487483167,-0.0212676427022537,0.73856628413316,0.0629393689855138,-0.083993829558143,-0.981958405693923,-0.396203136942629,0.244873046975,29.0000000001,7.101318359475,0.244873046975,29.0000000001,7.101318359475,0.188051123648576,0.0595052885842368,1e-10,0.0263776285905255,0.382836838034398,-0.0812980725742602,0.488698961793587,-0.0097628098001503,-1.87808740994466e-15,-0.0947347101050459,-0.0897347384294184,-0.0718073578617481,-0.116736932839851,-0.272135524935432,0.670857925885005,-0.118656406896787,-0.118656406896787,-0.181932746644471,0.655705676847454,0.684844526657485,0.677178891871142,0.310413536933559,0.906731709054272,-0.417923241403413,-0.450150123064158,0.119403115659999,2908.0000000001,0.00591265049090718,0.00816482613357938,0.564475445180071,1.73269516345406,5189.49929004077,0.001953125,73,1,"SNETWORK (1 137 5189.49929004077 0.564475445180071 1000059 73)",1
137,1000060,0.710038976124777,45,-0.182434882136088,-0.493825587762665,-0.550040856219537,-0.551846948500872,-0.54975087933226,-0.0376541380164661,-0.0566435868801525,-0.743573457067392,-0.431581306845581,-1.09067442600852,-0.0821454578736418,0.73134804421957,-1.09067442600852,-1.09067442600852,-4.20186487848788,0.20288413935472,0.0598978529937273,-0.723878048552033,0.165731276689808,0,0,0.455557254476404,0.364580677662562,0.710038976124777,1,-1.68689156295079,-2.16797478135502,-1.9882302093422,-0.254917919082495,-1.04522079198014,0.73970054610645,0.518724680054229,-0.431592596695876,-0.938901900810588,0.134620662297155,378.0000000001,0.0940894364516597,0.0783685041331851,624.0000000001,0.0904197894351207,0.18450922578678,0.0033401435770721,1.45746464198654,-0.475695353917273,1.66406213630052,0.752912356772135,-2.55718384828721,1.91941463916579,-11.3273077567332,0.85240046009387,-3.0973463790181,-1.17538898945823,0.366278754440278,18.0000000001,6.593017578225,0.366278754440278,18.0000000001,6.593017578225,0.195007935944959,0.280025708795998,1e-10,0.31449068828372,1.00878815805927,0.118875459107575,1.42130145473857,-0.00140781171131692,0.00474780802146196,-0.0196397977151582,-0.0188182831225699,-0.0202115801862166,-0.573357357528198,0.303876446679364,-0.214986884966327,-0.541710276521312,-0.541710276521312,-0.0606700838985528,0.0389660027391406,0.0408242399316305,0.227919278229422,0.161726348769176,-0.0282213718686983,0.203220984572519,-0.720564845033893,1.2435143671653,624.0000000001,0.00170328727965554,0.00163685619741656,0.680256725358844,1.26835879857386,5390.60692298336,0.001953125,32,1,"SNETWORK (1 137 5390.60692298336 0.680256725358844 1000060 32)",1
56,1000061,-0.893690731355646,15,-0.016376969797183,-0.0406255841243769,-0.0539298651555209,-0.0526282971591558,-0.0497659234028937,-0.339138277131101,-0.0571438953888519,-0.495827046241328,-0.00596226770005212,5.34888075056311,-1.49419780357236,3.08762272750867,5.34888075056311,5.34888075056311,-0.0498641093614348,0.184349273529898,0.447688641509067,0.162536615550397,0.0361731057757279,0.591774111491733,-0.392108070777454,0.335861736600535,0.0625654665075635,-0.893690731355646,2,-0.653895378494755,-0.267208402336179,-0.26496384600272,0.414096583759044,-0.228913730880451,-0.959212860222657,0.496348867072489,-0.00566546285072966,-0.471257148072635,0.207022335210377,17223.0000000001,5.70487308426482,0.0715312751674975,25748.0000000001,2.9468596327982,8.65173271696301,0.0405925889377613,0.103317197215145,0.151848804165553,0.556905772522986,0.53703331535854,-0.298641216488959,0.360845233677021,-0.324113962296532,0.369027821103044,-1.11346435152804,-1.03388885451663,0.641908115114098,133.0000000001,85.373779296975,0.641908115114098,133.0000000001,85.373779296975,0.883217776392707,0.780676820737121,1e-10,0.352333605633526,0.178542225587911,-0.121339848838115,0.139796003373911,-0.0330186018330551,-0.145374652181791,-0.105771834944897,-0.0907146991069675,-0.0664402515323025,-0.00863787256184817,0.58773597989137,-1.05291865392266,-0.008935555702801,-0.008935555702801,0.599791210046972,-0.604124672811366,-0.173412306732834,-0.0409109696314631,-0.307852174647676,-0.113263855944197,0.0509379108222575,-0.0677414509719043,1.06084014729161,25748.0000000001,0.0267663802218198,0.0138262086159415,0.653006047350397,0.80038449191769,6077.57952723166,0.00048828125,26,1,"SNETWORK (1 56 6077.57952723166 0.653006047350397 1000061 26)",1
318,1000062,0.610857211299902,58,0.810229799286478,0.535514907654324,0.449959143780463,0.448153051499128,0.45024912066774,0.977114860008987,0.965093839458644,0.632585965373406,0.613749164966287,-0.292309638790593,0.715534125145314,-0.333422605133299,-0.292309638790593,-0.292309638790593,-0.864427223781115,-0.827186845083925,-0.919684438014639,-0.00175997006419233,-0.927504390096745,-0.899030565225809,0.85530679981631,-0.544442745523596,-0.64199081528918,0.610857211299902,8,0.704422487825984,0.719011816412708,0.728631942706903,-0.471953022052846,0.879371237938984,0.636247866035588,-0.0065306830029154,0.613952683412579,-0.365616054802908,0.131090600978347,23044.0000000001,5.84842254070851,0.108437150262281,10803.0000000001,2.26794121285407,8.11636375346258,0.0189852885865494,0.436126129216825,0.43561718032309,-0.257805242717456,-0.254808031433085,0.0575635174852785,-0.425326039054176,0.0280709986668656,-0.0695577261563265,0.898139048318994,1.56049671315398,0.473959712758898,236.0000000001,111.8544921876,0.473959712758898,236.0000000001,111.8544921876,1.24564363889375,0.475616597173456,1e-10,-1.75634437888825,-1.89156573206751,2.28400587471279,-1.04968447688767,0.99023719019985,0.955946779738603,0.905265289894956,0.910265261570581,0.928192642138252,0.0435765382306568,-0.657360682023978,0.834717601070897,0.0454642458025627,0.0454642458025627,-0.843006149324465,-0.0502463324376179,0,-0.0915697973109546,-0.198508137350001,0.101207396675591,-0.00751936052149561,-0.210150141634915,-0.114354319719039,23044.0000000001,0.0136802627997901,0.00530502568675931,0.935759243246857,0.354962159037408,18618.8731520309,5.82076609134674e-11,92,1,"SNETWORK (1 318 18618.8731520309 0.935759243246857 1000062 92)",1
137,1000063,-0.0697220524178542,23,-0.185712976940586,-0.500464661936247,-0.612877153222713,-0.614349237474709,-0.609405455638136,-0.0172115120123782,-0.0329871007697895,-0.261433313092923,-0.388305218688304,0.00266230889054894,-0.00777897183951262,0.19573711494352,0.00266230889054894,0.00266230889054894,0.201390869784563,0.104012700685858,0.0161647153084172,-0.770376533998019,0.0753703764612917,0.100969434774191,-0.14469320018369,0.808445717563054,0.35800918471082,-0.0697220524178542,1,-0.228194666972112,0.534119320090867,0.539424485299189,0.804439815638369,0.609209379407695,-0.0306074013970454,2.17098299332333,-0.388181309233415,-0.184289925179254,0.290725892726259,8480.0000000001,4.55844699671484,0.19434264744682,9105.0000000001,3.2717899126355,7.83023690925034,0.0208666403250823,-0.465111590141872,-0.257731707616518,1.86310810141695,2.15459441425477,-0.127535607449087,0.481161613519596,-0.0858801620735292,-0.264396582548318,1.2858073055067,0.575115928616664,0.642988675478363,223.0000000001,143.386474609475,0.642988675478363,223.0000000001,143.386474609475,1.67720324126615,0.782639542511631,1e-10,-0.537522096801,-0.311128275640196,-0.310217965673516,-0.156215180514625,-0.00976280980015009,-0.0278450351106286,-0.0881801721651124,-0.0860848151493469,-0.0751309266271889,0.553887673650548,-0.572195473748107,0.204214059442649,0.628894089340527,0.628894089340527,1.5371624600386,0.723010338454804,-0.823069592737962,-0.776977528262932,-0.864910266353515,-0.837443049136036,-0.319910500391438,0.322572191392832,-0.114354319719039,9105.0000000001,0.0121477133536423,0.00871892687143996,0.38684981722648,2.79443262796849,4880.97040236107,0.001953125,51,1,"SNETWORK (1 137 4880.97040236107 0.38684981722648 1000063 51)",1
137,1000064,0.384226418123541,34,-0.182434882136088,-0.493825587762665,-0.550040856219537,-0.551846948500872,-0.54975087933226,-0.044591721198172,-0.0670049953499456,-0.647813839359752,-0.408283927683991,-0.476337860128214,-0.0522362960055153,0.480046598266342,-0.476337860128214,-0.476337860128214,-0.968581020268298,0.171270679470031,0.0819053372743494,-0.70138588111777,0.13213785175279,0,0,0.455557254476404,0.364580677662562,0.384226418123541,1,-0.484094704488328,-1.05146007508787,-1.01674622323148,-0.752884517362635,-0.698300859742734,0.395057096463895,-0.278746530950396,-0.408442685228464,0.0846927577456468,0.098240287192559,5561.0000000001,1.01013603139672,0.0835674618200252,3877.0000000001,0.599060047639038,1.60919607893576,0.0131530869003019,-0.774583119184786,1.4078372752824,-0.206269083041798,0.0452282632643766,0.566491097037009,0.303115764262417,1.22193882477851,-0.515638016478157,0.148367208363552,0.0644664488541234,0.11223380806371,62.0000000001,6.95849609385,0.11223380806371,62.0000000001,6.95849609385,0.190005847564706,0.181419634438287,1e-10,0.802355685023095,1.3461296827946,2.06975163348635,2.05363372244379,0.00359517577603235,-0.0392206857128927,-0.00468862405562112,-0.0046990278379167,-0.0099390143415355,-0.705428927741702,0.258646717113199,-0.626199591143246,-0.652775378633171,-0.652775378633171,0.118622444559032,0.498140933459836,0.0263571570290602,0.134400342186289,0.0855545896177102,-0.0100491665373197,0.573144979386595,-0.0972872401567498,1.68088771888685,5561.0000000001,0.00825654938792223,0.00489653741237968,0.538737404883076,0.1686060152133,5144.79330343639,0.001953125,40,1,"SNETWORK (1 137 5144.79330343639 0.538737404883076 1000064 40)",1
56,1000065,-1.34691739194687,1,-0.016376969797183,-0.0406255841243769,-0.0539298651555209,-0.0526282971591558,-0.0497659234028937,-0.354955638474506,-0.0638317232953195,-0.473824460774114,0.000792554931987252,5.38939306031812,-1.4903788530465,3.04507108023939,5.38939306031812,5.38939306031812,0.0535096433441455,0.168503948633887,0.425419032363179,0.111584965680728,0.0271605969081377,0.591774111491733,-0.392108070777454,0.335861736600535,0.0625654665075635,-1.34691739194687,2,-0.132685954396094,-0.226676770214903,-0.225016755607278,-0.371561446404101,-0.196897591955341,-1.43378275921599,0.0461408160688791,0.00069603461850354,0.0925930983234145,2.296485595941,1111.0000000001,4.08223279526353,0.0618066862677696,68.0000000001,0.00672456755504766,4.08895736271858,0.0186430687431409,-1.12819863270593,-0.449904153310987,0.499202092178299,0.0445442664199156,0.0576964012938822,0.0617682047030044,0.0385075492552746,0.0336363598986503,0,0,1.28308686765952,21.0000000001,26.94482421885,1.28308686765952,21.0000000001,26.94482421885,0.0835352101910534,1.94530911763806,1e-10,-3.2473081549605,-2.60030884110971,2.30843379053553,-1.26177744686612,-0.0330186018330552,-0.145374652181791,-0.115651216794681,-0.0915916800038279,-0.0616360242687216,-3.4989798138017,0.369438879540569,-0.151311366981198,-2.16133150801698,-2.16133150801698,1.51035398310413,-1.58313491568914,-0.194419555666316,-0.37190239418883,-1.08973355820472,0.274194008756782,-0.0848283768305765,1.0356969563404,-0.114354319578022,1111.0000000001,0.0186124088534826,3.06597896583593e-05,0.251345955377265,4.33627999338451,5756.28813694811,0.00048828125,1,1,"SNETWORK (1 56 5756.28813694811 0.251345955377265 1000065 1)",1
319,1000066,-0.278515230631036,4,0.833299531937875,0.487253775027049,0.423921895297046,0.422083328008158,0.425620192291929,0.887690874327312,0.874273292933621,0.515044790993024,0.771250819467718,-0.0708430825034607,0.762169364485715,-0.0992383169014992,-0.0708430825034607,-0.0708430825034607,0.218836797315142,-0.676376817394794,-0.65859726562427,0.434224368185217,-0.835600734446814,-0.901078823296691,0.862021227679927,-0.569078322997003,-0.663467360499932,-0.278515230631036,8,0.0424105105558103,0.387632715306589,0.390350428626422,0.102028573715964,0.418762424745722,-0.319334870119187,-0.392728852290472,0.772559421067019,0.12975247563888,0.29966168493144,17390.0000000001,10.0888141214867,0.135051275620872,13451.0000000001,3.51692077057484,13.6057348919615,0.0402044264746242,0.494830793110998,-0.491408884597599,-0.322715590975721,-0.278014382995465,0.177927952246991,-0.511091538025364,0.13332297897298,-0.121339460607855,0.220161295143217,0.42951210071875,0.314652622867857,175.0000000001,55.064208984475,0.314652622867857,175.0000000001,55.064208984475,0.468388605897344,0.186252389024241,1e-10,-0.0230686004187862,-0.250548170216436,-0.175446452329435,-0.793233435036603,0.734423256053169,1.15858997967622,1.14952944140998,1.15445571954403,1.21227171855607,-1.41643878896718,0.00174810948914737,-0.624430808756134,-1.17500064166272,-1.17500064166272,0.0863456461820084,-1.4979555921467,1.38889316303895,1.20490963990852,1.17932564162799,1.54888566521048,-0.317320524039688,0.412240969089206,-0.114354319607988,17390.0000000001,0.029812059971357,0.0103923664032673,0.594890192674142,2.78242651357536,17284.7953643372,1.16415321826935e-10,125,1,"SNETWORK (1 319 17284.7953643372 0.594890192674142 1000066 125)",1
56,1000067,-0.558570748630221,26,-0.016376969797183,-0.0406255841243769,0,0,0,-0.211175734999093,-0.0250637612682487,-0.352391212972519,-0.0199164450150884,5.11254487766028,-1.42521630244178,3.03765144040382,5.11254487766028,5.11254487766028,-0.377767058918589,0.250613671407103,0.545171084850495,0.361589862164412,0.0756086408048341,0.658991673339333,-0.406278099940185,0.190739766812213,0.0312046492625428,-0.558570748630221,2,0.227870765472471,0.568801663648505,0.574830444096374,0.0373134257750114,0.657246271177452,-0.550063847744093,2.00056466692503,-0.0198447713328793,0.32771119199344,0.66523011371057,21585.0000000001,22.9743872037353,0.481835741435109,40226.0000000001,31.0117192495876,53.9861064532229,0.140390269304656,-1.69112867946984,1.75964278024646,0.999557494682945,0,-2.60369649464824,0.406827197312337,-1.68761009779829,0.398060068028017,-0.0134085524077761,-0.00621942159685833,1.13665707246842,190.0000000001,215.9648437501,1.13665707246842,190.0000000001,215.9648437501,2.67054047290929,1.67933513139611,1e-10,-1.30765567207877,-1.09441584014949,-0.693202227870284,-0.752288323562183,-0.0193886538766964,-0.0601722673045974,-0.0947347101050442,-0.0897347384294188,-0.0718073578617481,0.506870400964243,1.1346314237272,0.10861018990523,0.570986625316418,0.570986625316418,0.526059164909345,-0.285767883910359,-0.26411170999997,-0.079820279869321,-0.092410203629295,-0.372081981180127,0.272932640277998,0.0822358289231823,-0.114354319719039,40226.0000000001,0.0597446383196945,0.0806456308849611,0.973457242402964,3.6014867676422,6333.91121672236,0.00048828125,15,1,"SNETWORK (1 56 6333.91121672236 0.973457242402964 1000067 15)",1
140,1000068,-0.486114722156046,29,-0.016376969797183,-0.0406255841243769,0,0,0,-0.157966756305742,-0.0244898308224374,-0.506220967208109,-0.0382451585249139,5.2163640914308,-1.56033510504881,3.18376838332289,5.2163640914308,5.2163640914308,-1.3314138506222,0.297789440744219,0.609684004651954,0.465187697612658,0.108480296728017,0.674158771142803,-0.376868202347026,0,0,-0.486114722156046,2,0.13221504841855,-0.543042980540373,-0.534240629307986,-0.0463515721176968,-0.424153455174615,-0.53636013111693,0.311376975246269,-0.0383274650311028,-0.363669896130608,0.460508445747498,12848.0000000001,9.4665800155785,0.25026866565387,18945.0000000001,7.5861437903625,17.052723805841,0.0972379203615468,1.48414042297778,-0.133052358327025,2.0537157039873,0.54656456803456,-3.88094837299325,0.435886282333718,-5.4712806231177,0.401921642430918,-0.51432261406969,-0.45733490909076,1.39330015801223,94.0000000001,130.97021484385,1.39330015801223,94.0000000001,130.97021484385,1.50726923408212,2.14549971500723,1e-10,0.276216412308576,-0.15072625497664,-0.073603249996382,0.165922983203341,-0.00976280980014989,0,0.0485567920869498,0.0625505109547519,0.0855821224148614,0.508202605148406,-0.674137782030982,0.664277917144293,0.572615198302897,0.572615198302897,-1.71578408728438,0.603285221088399,-1.46258064502881,-1.44669221811564,-2.11492288954712,-1.17290274853014,-0.711815142202133,-0.898306611938036,0.327672980724035,18945.0000000001,0.053980265157684,0.0432576551038627,0.0422705315913241,1.95936454832554,6397.52528173848,0.000244140625,83,1,"SNETWORK (1 140 6397.52528173848 0.0422705315913241 1000068 83)",1
137,1000069,-0.251441963244539,20,-0.185712976940586,-0.500464661936247,-0.612877153222713,-0.614349237474709,-0.609405455638136,-0.037981392284895,-0.0361506920368701,-0.223604372171044,-0.385797946501149,0.124260503113877,-0.0675789782689148,0.241787791489253,0.124260503113877,0.124260503113877,0.288468995426962,0.0888765833750163,-0.00359958384896177,-0.804039294627446,0.0648743885708244,0.100969434774191,-0.14469320018369,0.808445717563054,0.35800918471082,-0.251441963244539,1,-0.30181900808354,-0.291693224974755,-0.289050773738195,-0.203523458525579,-0.247816781528622,-0.262850481141026,1.58693237088415,-0.385938166821487,0.163589980013784,0.321059063319807,10263.0000000001,6.09251500714931,0.0808941680863859,6749.0000000001,1.00947132118425,7.10198632823356,0.0339030282593715,0.0912427948757806,-0.033445312202426,1.46983470863657,1.05056970870288,-1.52072367747255,0.891714224155442,-1.78141567458539,0.139074212423401,-1.04844300271778,-0.40734488170227,0.993616323102049,122.0000000001,121.22119140635,0.993616323102049,122.0000000001,121.22119140635,1.94432545327851,2.19007755228408,1e-10,-0.211707055443002,-0.442435601729043,-0.12741639752318,-0.339408628463725,-0.00976280980015009,-0.0440532202613972,-0.0730722293313779,-0.0776719018352005,-0.082791628716394,-0.167977668526086,0.0517172856055931,-0.344580837117858,-0.169329474515879,-0.169329474515879,0.807461099826343,0.538467839832861,-0.619138839179818,-0.523139676808189,-0.331093747627165,-0.803194654230298,0.489862932378978,0.74744556912379,0.647550482918978,10263.0000000001,0.0290840756799471,0.00481895247942438,0.347714983402378,1.25439028208993,4812.99470038391,0.001953125,58,1,"SNETWORK (1 137 4812.99470038391 0.347714983402378 1000069 58)",1
137,1000070,-1.06632577988785,7,-0.185712976940586,-0.500464661936247,-0.612877153222713,-0.614349237474709,-0.609405455638136,-0.0502235592911737,-0.0126444434647119,-0.0186051880035546,-0.364742562198849,0.758676319378176,-0.227627996863178,0.0497012107547144,0.758676319378176,0.758676319378176,0.560688692846091,-0.00679920961963991,-0.126710391025917,-1.00231242405199,-0.00328227860062025,0.100969434774191,-0.14469320018369,0.808445717563054,0.35800918471082,-1.06632577988785,1,-1.38953525564129,-1.0816931879266,-1.04478454462678,0.651051885293974,-0.711718311646657,-1.11172911580305,1.89706076194771,-0.364825881540054,-0.494550683850548,0.414023094618774,5953.0000000001,4.55719690912447,0.448431480361484,7020.0000000001,5.82063745340953,10.377834362434,0.0866637240031713,-0.313659395383629,1.19660293682869,1.70971963751412,2.20310216613837,0.357961437750605,1.68604124634679,0.815693962039578,0.872998189127907,0.475089222424642,0.228730190444589,0.45603703888012,83.0000000001,37.85107421885,0.45603703888012,83.0000000001,37.85107421885,0.232802606398555,0.443061986211719,1e-10,-0.593962639538582,-0.913132830305086,1.90566253665806,-0.366066686799054,-0.0097628098001502,-0.0440532202613972,-0.0700125630124127,-0.0759681020877419,-0.0843430631463477,0.931925825020193,-0.592116383512312,0.482653144145723,1.12823310628741,1.12823310628741,0.162495973334959,0.200874067459503,-0.545331419528988,-0.618835830302687,-1.30971673195866,-0.160492464235431,-1.12593587828807,-0.132170071543137,-0.114354319719039,7020.0000000001,0.038056461580223,0.0486072623229483,0.185044402616629,2.71968845836818,4530.4421547504,0.001953125,46,1,"SNETWORK (1 137 4530.4421547504 0.185044402616629 1000070 46)",1
328,1000071,0.79853391364695,68,0.817565117863912,0.621309110795204,0.679648502105189,0.676245639047415,0.674971766192546,0.878546612424972,1.0231600251205,0.235646570763261,0.0826097193746009,-0.265144868566213,0.527873195701091,-0.865375240204266,-0.265144868566213,-0.265144868566213,-3.12873112316721,-0.0728544520992352,0.044335253150718,1.07327575822007,-0.328706282120504,-0.835356739207357,0.822043687881501,-0.598119868767174,-0.651784673660024,0.79853391364695,8,-0.0956633958329126,-0.388260741802555,-0.383709602800195,-0.58850097712825,-0.31927540265959,0.827090205794901,-0.402950194008357,0.0848911485112037,1.70110029292994,0.31039628982916,20801.0000000001,12.5000012643174,0.124507594377932,5209.0000000001,1.25562374744171,13.7556250116591,0.0703046572058925,1.25005250547167,-1.28417561126406,-0.335288910734505,-0.517288022662754,-0.312195568200159,-0.19368173156437,-0.367149545958579,-0.199050352310393,-0.883959606608439,-0.924813191402745,0.495226504297761,134.0000000001,66.3603515626,0.495226504297761,134.0000000001,66.3603515626,0.622992231325462,0.514245438474407,1e-10,-0.994781283172,-0.999532990291673,-0.515327070590086,-0.735012652164405,0.99023719019985,0.955946779738603,1.20716252437473,1.20932866870411,1.25202851990995,0.0838602886409093,1.20586933424214,-0.237626971763617,0.0880718844512522,0.0880718844512522,0.571109676296107,-0.738590308093365,-0.609804303742344,-0.395807225578198,0.261169181303158,-1.10705388236083,2.18528287805001,1.09943590785245,-0.114354319719039,20801.0000000001,0.0638871953812021,0.00641746172469038,0.242696078155318,2.63561146592275,18876.8623764448,2.91038304567337e-11,141,1,"SNETWORK (1 328 18876.8623764448 0.242696078155318 1000071 141)",1
328,1000072,0.841393309735579,70,0.817565117863912,0.621309110795204,0.679648502105189,0.676245639047415,0.674971766192546,0.879621002692752,1.02562124924623,0.216478467729339,0.0808969683503994,-0.29120152498563,0.539070483492979,-0.868256054236937,-0.29120152498563,-0.29120152498563,-4.43785814363002,-0.0730117479131279,0.0414105655738356,1.09227532470248,-0.331247599052423,-0.835356739207357,0.822043687881501,-0.598119868767174,-0.651784673660024,0.841393309735579,8,0.015672414095041,-1.04867181948629,-1.01415634957759,-1.23743826348131,-0.697049001012076,0.869784757824083,-0.286722933561772,0.0808247461202666,-0.149814241741941,0.191718407325615,11339.0000000001,4.20869921705422,0.132911227308487,1610.0000000001,0.41428276458042,4.62298198153464,0.037712229938589,-0.287819573580828,0.00918447276977802,-0.348024180859326,-0.397947119274091,-0.0183255436697346,0.293210058818998,0.0318674744854145,0.409410907202586,0.0402748013596434,0.0462321718229816,0.863607917133451,71.0000000001,61.316162109475,0.863607917133451,71.0000000001,61.316162109475,0.553955392297811,1.18337068515988,1e-10,0.353074469365359,0.198205694200947,-0.0155101494311227,0.431009257427289,0.99023719019985,0.955946779738604,1.35727002101721,1.36141841279447,1.40682011235464,0.228879413046035,-0.112933006484128,-0.000352231866650555,0.246177561905612,0.246177561905612,-0.180103062720455,-2.04299485819136,0.280140373143132,0.298457926010596,0.0834622884002827,0.391020875608374,0.815271560571289,0.543113816309741,0.332945965852145,11339.0000000001,0.0343326953963191,0.00337953444226992,0.307307898957511,0.2772286394611,18925.2774926127,2.91038304567337e-11,143,1,"SNETWORK (1 328 18925.2774926127 0.307307898957511 1000072 143)",1
56,1000073,-0.529030780587468,27,-0.016376969797183,-0.0406255841243769,0,0,0,-0.210743961902358,-0.0247337225646941,-0.352391212972519,-0.0201299449275092,5.11124863872268,-1.42740453007931,3.03795032011391,5.11124863872268,5.11124863872268,-0.381546139275756,0.251103699409322,0.545804813480262,0.362654829910003,0.0759515042368452,0.658991673339333,-0.406278099940185,0.190739766812213,0.0312046492625428,-0.529030780587468,2,0.0982696110284099,0.471098505201036,0.475195653892855,0.119943829530304,0.524865781393509,-0.543546286816005,1.08719720711952,-0.0201933622520121,0.112396592353781,0.75321433384624,33083.0000000001,39.8697436853894,0.284984558586388,12368.0000000001,5.63950243107068,45.5092461163601,0.12678891237974,0.0574380422057872,-0.525294549960842,0.373172300877954,1.62039994221489,-0.411353268747958,0.162185274789484,-0.189012132604701,0.12539183159359,0,0,1.5579205576074,169.0000000001,263.28857421885,1.5579205576074,169.0000000001,263.28857421885,3.31823239505447,2.44451497921576,1e-10,2.17731890919736,1.05090117489051,1.02642651844129,0.786522060584603,-0.0213907058166026,-0.072687326090896,-0.0947347101050442,-0.0897347384294191,-0.0718073578617481,-1.60589631480782,0.524922868318685,-0.352478219544797,-1.29489508742134,-1.29489508742134,-0.397116689785622,0.536569706128779,-0.503990205406023,-0.429311540256934,-0.454080276632822,-0.555576126022901,0.398555128102857,0.0574198391036239,0.973901335338049,33083.0000000001,0.111077239596895,0.0157116726828452,0.997598723167591,2.08653014805168,6353.22219651193,0.00048828125,22,1,"SNETWORK (1 56 6353.22219651193 0.997598723167591 1000073 22)",1
137,1000074,0.269522948862902,30,-0.185712976940586,-0.500464661936247,-0.585138056887849,-0.587070912494495,-0.584419668319597,-0.0376865792364015,-0.0601854550930925,-0.500624543579474,-0.402046223796081,-0.316513561196911,-0.0623933967319399,0.496145632900278,-0.316513561196911,-0.316513561196911,-0.572618208422667,0.163652111839523,0.0828394519337292,-0.698353374310314,0.124345430095763,0.0364828075349033,-0.0571641522728816,0.606064072139838,0.367173998896565,0.269522948862902,1,-0.74075001658232,-0.423725130557842,-0.418332875837631,0.35093516179532,-0.344323648692851,0.271437603998901,0.0973316908073068,-0.397571302985984,-0.486629052670614,0.178520612628622,16311.0000000001,5.3840154881148,0.0678631734459217,5295.0000000001,0.664412007886479,6.04842749590128,0.031698298470957,-0.926290035565325,1.09632375865243,-0.232384875003763,-0.0822089895318197,0.370244137107391,0.214871183889134,0.514742160517011,-0.58113436262093,-0.433763936796478,-0.163907964938328,0.320495092668277,119.0000000001,38.138916015725,0.320495092668277,119.0000000001,38.138916015725,0.807227466477078,0.967425177137992,1e-10,0.911446279797846,1.18870383914795,0.501950774286608,1.55928554321001,0.00118107901358106,-0.0424980880306104,-0.0193777090507884,-0.0240388119131873,-0.0404157263463644,-0.867331515029472,0.3029921041922,-0.798241636217046,-0.782557006951629,-0.782557006951629,-0.0547397840054333,0.634042477756449,-0.108486425316285,0.0334495964099064,0.0784316317568929,-0.218721511039484,0.690743806346472,0.252479052875138,3.27218115404859,16311.0000000001,0.0282162809244914,0.00348201744646562,0.480463192086564,1.06108254531864,5043.57323591767,0.001953125,42,1,"SNETWORK (1 137 5043.57323591767 0.480463192086564 1000074 42)",1
137,1000075,0.834945135125735,48,-0.182434882136088,-0.493825587762665,-0.550040856219537,-0.551846948500872,-0.54975087933226,-0.00459725603847201,-0.0433257677342549,-0.738051618933857,-0.436641729942437,-1.29052672803067,-0.0307511030741567,0.52741173086551,-1.29052672803067,-1.29052672803067,-5.41285365414092,0.200774024721734,0.0395546094260003,-0.762572615468352,0.168547376975241,0,0,0.455557254476404,0.364580677662562,0.834945135125735,1,-0.958885262256156,-2.55986524564397,-2.29077567467748,-1.40505375965772,-1.11527050855458,0.86662837098067,-0.453555853796041,-0.436712966271083,-0.137428950475724,0.077571408124856,7.0000000001,0.00100400783591862,0.0691073335642819,14.0000000001,0.00178891431913121,0.00279292205504984,6.69920672218988e-05,0.423668377076996,0.84316791827399,0.154370282856308,0.394005501583333,0.00402864099096655,1.21729533522221,0.0389034586492845,0.264936614142117,0,0,0.01513671885,2.0000000001,0.0302734376,0.01513671885,2.0000000001,0.0302734376,0.284828335243263,0.357786062028769,1e-10,2.17870886216801,1.10369709606842,1.83897379980651,0.638408430610949,0.00186508621630224,0.00660766374721629,0.00977708311741716,0.00896177345435411,0,-0.796725188100497,0.630356125296072,-0.758050664784768,-0.72680062927644,-0.72680062927644,-0.402269494998073,-2.5960961920915,-0.304920216878251,-0.17985887121635,-0.212196342079784,-0.371962613608394,0.401174963513337,-0.489952243769336,2.29422053789166,14.0000000001,2.40824679019694e-05,4.29094993199294e-05,0.724972189229569,1.2731063893329,5468.27596482749,0.001953125,71,1,"SNETWORK (1 137 5468.27596482749 0.724972189229569 1000075 71)",1
318,1000076,-0.134925299014524,13,0.833299531937875,0.487253775027049,0.449959143780463,0.448153051499128,0.45024912066774,0.936153334428093,0.947274021225743,0.480840068990762,0.676237132042404,0.0958449902507292,0.812498300768715,-0.243824826005826,0.0958449902507292,0.0958449902507292,0.115373286901516,-0.782985355803437,-0.839658885032583,0.110841823934326,-0.898654429348785,-0.901078823296691,0.862021227679927,-0.569078322997003,-0.663467360499932,-0.134925299014524,8,0.243024532588801,0.540133495282829,0.545561192268118,-0.0227755899835364,0.617455569224827,-0.165821801346311,-0.209486673528571,0.766230045751124,-0.169199918934011,0.385106420386986,34418.0000000001,25.6611261011397,0.067022269324043,11749.0000000001,1.52450675625554,27.1856328572952,0.0721398081573388,0.486392998421457,0.210177711217626,0.00180588229391466,-0.446377946912208,-0.991985865914703,-0.45939125657693,-0.656699936427399,-0.0242537769471494,-0.673576247128768,-1.17471481254753,0.387821432638507,211.0000000001,81.830322265725,0.387821432638507,211.0000000001,81.830322265725,1.40520591439287,1.08971623817234,1e-10,-1.00106452492281,-1.1638384134838,2.49854185163751,-0.962353302579375,0.99023719019985,0.867841683603146,1.08214966251561,1.08821406597373,1.11689422993499,-0.762091819488724,0.974372386274937,0.413457368480503,-0.698978281561655,-0.698978281561655,1.032300954057,-1.64106066707099,0.812117959329856,0.915395631467479,1.43273700973935,0.503623179121119,0.959199905945102,1.39711878152703,-0.114354319719039,34418.0000000001,0.0680943762165983,0.00404543184074043,0.00509219029771302,3.15185078646755,17515.9428527783,5.82076609134674e-11,87,1,"SNETWORK (1 318 17515.9428527783 0.00509219029771302 1000076 87)",1
318,1000077,0.298923149793433,40,0.831613660734676,0.506174412237335,0.449959143780463,0.448153051499128,0.45024912066774,0.967278830878069,0.963841703966317,0.554749536952817,0.648293876812681,-0.0529845593521517,0.785544731636741,-0.271645615000888,-0.0529845593521517,-0.0529845593521517,-0.00740899306999591,-0.868647387999065,-0.967630707784127,-0.0555783310563297,-0.961076445385574,-0.899030565225809,0.85530679981631,-0.544442745523596,-0.64199081528918,0.298923149793433,8,-0.190275444633252,1.48442208147693,1.52181885232579,2.46624345843388,2.45943422629966,0.303337884764546,-0.347246021691357,0.648398120657363,-0.0431891992505708,0.27364984638126,19074.0000000001,10.1052324590176,0.109705441863027,10675.0000000001,2.26728114236921,12.3725136012868,0.0168761745753284,-0.233154942639112,-1.00173923945911,0.180350526721152,-0.462356225440483,-1.60527188884157,-0.791537627569605,-0.563006385952556,-0.935126056023758,-0.767659474281156,-1.36540512391691,0.51019575565293,529.0000000001,269.8935546876,0.51019575565293,529.0000000001,269.8935546876,3.97911619757724,1.31199604443259,1e-10,1.96130610252379,0.962551117495807,2.49271510465197,0.86521800252002,0.99023719019985,0.911894231670875,0.905265289894956,0.91026526157058,0.928192642138252,-0.703790432251013,0.946761661175151,0.0247418430618378,-0.651426602751009,-0.651426602751009,0.179556644361875,0.153518044166135,-0.717305889985035,-0.588767043600424,0.129971179328315,-1.20589934160845,1.84994394550861,1.38984806058972,1.45864197956095,19074.0000000001,0.0137835909167306,0.00309258355859771,0.575731226040681,9.15524714491133,18192.2051965057,5.82076609134674e-11,105,1,"SNETWORK (1 318 18192.2051965057 0.575731226040681 1000077 105)",1
318,1000078,0.508113273858107,51,0.810229799286478,0.535514907654324,0.449959143780463,0.448153051499128,0.45024912066774,0.978984658772366,0.965823263893083,0.627292137749265,0.627092663713715,-0.208608649846584,0.759068659913758,-0.302352988018981,-0.208608649846584,-0.208608649846584,-0.403893935510537,-0.85489391809686,-0.954837941181507,-0.0455559057864782,-0.948954651207948,-0.899030565225809,0.85530679981631,-0.544442745523596,-0.64199081528918,0.508113273858107,8,-0.582097221839671,-0.734085415382324,-0.717833278509641,0.124596572485738,-0.538806198653318,0.517994956957024,0.786862238408603,0.628331935910404,-0.73221704699887,0.318780462648044,27839.0000000001,17.1812457212705,0.122262512453854,7067.0000000001,1.67277576836603,18.8540214895365,0.123072695056251,-0.204483645350373,0.579097742584763,0.523077639285129,0.189849811941991,-0.956744946897072,0.861468046337431,-1.50647221729671,1.50122389369519,-0.832612484268608,-1.45344174500656,0.103006029985913,126.0000000001,12.978759765725,0.103006029985913,126.0000000001,12.978759765725,0.107610057739295,0.198180901612803,1e-10,-0.333973469077045,-0.00915576255995101,-0.33568645475797,0,0.99023719019985,0.955946779738604,0.905265289894955,0.91026526157058,0.928192642138252,0.122515573803366,-0.420258427772063,0.00235834457049791,0.129486955246594,0.129486955246594,0.387732791961086,-0.188822921351599,0.315589463287392,0.413335109706417,0.504273970450195,0.220537531967678,-0.25382626209087,-0.105172507856854,-0.114354319719039,27839.0000000001,0.112153378778885,0.0109193161773662,0.799599984622606,0.691196471452713,18457.511286491,5.82076609134674e-11,112,1,"SNETWORK (1 318 18457.511286491 0.799599984622606 1000078 112)",1
137,1000079,0.384226418123541,34,-0.182434882136088,-0.493825587762665,-0.550040856219537,-0.551846948500872,-0.54975087933226,-0.044591721198172,-0.0670049953499456,-0.647813839359752,-0.408283927683991,-0.476337860128214,-0.0522362960055153,0.480046598266342,-0.476337860128214,-0.476337860128214,-0.968581020268298,0.171270679470031,0.0819053372743494,-0.70138588111777,0.13213785175279,0,0,0.455557254476404,0.364580677662562,0.384226418123541,1,-0.484094704488328,-1.05146007508787,-1.01674622323148,-0.752884517362635,-0.698300859742734,0.395057096463895,-0.278746530950396,-0.408442685228464,0.0846927577456468,0.098240287192559,5561.0000000001,1.01013603139672,0.0835674618200252,3877.0000000001,0.599060047639038,1.60919607893576,0.0131530869003019,-0.774583119184786,1.4078372752824,-0.206269083041798,0.0452282632643766,0.566491097037009,0.303115764262417,1.22193882477851,-0.515638016478157,0.148367208363552,0.0644664488541234,0.11223380806371,62.0000000001,6.95849609385,0.11223380806371,62.0000000001,6.95849609385,0.190005847564706,0.181419634438287,1e-10,0.802355685023095,1.3461296827946,2.06975163348635,2.05363372244379,0.00359517577603235,-0.0392206857128927,-0.00468862405562112,-0.0046990278379167,-0.0099390143415355,-0.705428927741702,0.258646717113199,-0.626199591143246,-0.652775378633171,-0.652775378633171,0.118622444559032,0.498140933459836,0.0263571570290602,0.134400342186289,0.0855545896177102,-0.0100491665373197,0.573144979386595,-0.0972872401567498,1.68088771888685,5561.0000000001,0.00825654938792223,0.00489653741237968,0.538737404883076,0.1686060152133,5144.79330343639,0.001953125,40,1,"SNETWORK (1 137 5144.79330343639 0.538737404883076 1000079 40)",1
137,1000080,0.619790664561658,42,-0.182434882136088,-0.493825587762665,-0.550040856219537,-0.551846948500872,-0.54975087933226,-0.0332490447895428,-0.0581859723378465,-0.721595129017667,-0.428373892581853,-0.982352066220074,-0.0738127485298573,0.692577756716729,-0.982352066220074,-0.982352066220074,-3.3516767727109,0.199324032688173,0.0654560800432505,-0.717443299286713,0.161456594082598,0,0,0.455557254476404,0.364580677662562,0.619790664561658,1,-1.37700720957343,-1.30001024255992,-1.24477158356856,0.305555052504913,-0.80058312740729,0.649266191420066,1.5699733405069,-0.423784127329594,-0.817545827796579,0.104435480351028,999.0000000001,0.192908294375437,0.0785066555344366,1817.0000000001,0.263753813604902,0.45666210788034,0.00445265762676309,-0.818641374029684,0.586885813898259,1.53165648493187,1.00139160314288,-1.81030217929923,1.74059176692519,-4.30452843811095,0.73822409661501,0.696034390240947,0.383585373137954,0.551066946576064,47.0000000001,25.900146484475,0.551066946576064,47.0000000001,25.900146484475,0.639722663202498,1.38623417034197,1e-10,-0.107924198685527,0.210404558659087,2.0510732754848,0.25463652362258,-0.0097628098001502,-1.25205827329644e-15,-0.0947347101050449,-0.0897347384294191,-0.0718073578617481,-0.157293550063487,-0.269755226838902,1.07778480402048,-0.158833504468962,-0.158833504468962,0.254259939819823,0.912052429143675,0.202267336471903,0.225701366720319,0,0.313191356102398,-0.554610695169462,-1.38557707591677,-0.114354319571211,1817.0000000001,0.001880941190097,0.00257171633666609,0.642183049604849,1.57876674593495,5324.47441178218,0.001953125,68,1,"SNETWORK (1 137 5324.47441178218 0.642183049604849 1000080 68)",1
318,1000081,0.334359778976178,42,0.810229799286478,0.535514907654324,0.449959143780463,0.448153051499128,0.45024912066774,0.958196597336196,0.956232044377301,0.434498053141263,0.634955129790087,-0.124231362531708,0.706409586671993,-0.29111239122615,-0.124231362531708,-0.124231362531708,-0.307280266455471,-0.828736971375755,-0.915063166206524,-0.0366016184382895,-0.924629623538708,-0.899030565225809,0.85530679981631,-0.544442745523596,-0.64199081528918,0.334359778976178,8,-1.2095167675512,0.17536091207572,0.175791609838491,0.683558764666017,0.175383452295895,0.366531429857981,1.39930054161545,0.635072015901122,-0.319068510103424,0.0915858941761792,14438.0000000001,2.56002937414654,0.11089276154964,15038.0000000001,3.22851345346485,5.78854282751138,0.019868837015095,-0.33279159041118,0.740933091777003,0.211649799647081,0.20865793510361,-0.130328919369093,0.47327417057817,-0.102803719317958,1.12900059249247,-0.333188977170066,-0.57048789928125,0.938510194216709,196.0000000001,183.947998046975,0.938510194216709,196.0000000001,183.947998046975,2.80283017301789,2.08998319138664,1e-10,0.197069773471621,-0.145195299543757,-0.066685751984361,0.0897861107350751,0.99023719019985,0.955946779738603,0.905265289894956,0.910265261570581,0.928192642138252,0.428690254772965,-0.828185400982056,0.0544411108997759,0.476643152178153,0.476643152178153,-0.384905989413491,-0.431486153612698,0.827784278560106,0.729186321658586,0.176292277013841,1.204136059595,-0.449086471621665,-0.68073603072549,0.216830649840482,15038.0000000001,0.00878715207736138,0.0110816848377336,0.612242333564627,0.00957553985062987,18235.4743835042,5.82076609134674e-11,110,1,"SNETWORK (1 318 18235.4743835042 0.612242333564627 1000081 110)",1
137,1000082,0.41647106866228,35,-0.182434882136088,-0.493825587762665,-0.550040856219537,-0.551846948500872,-0.54975087933226,-0.0448154001786628,-0.0683868247506967,-0.697666826987253,-0.411185429179883,-0.523872463342156,-0.0612085431167469,0.530832378689259,-0.523872463342156,-0.523872463342156,-1.15280488563973,0.178177061269826,0.085466494540216,-0.698865132445035,0.138541733829749,0,0,0.455557254476404,0.364580677662562,0.41647106866228,1,-0.502138556661678,-0.201102947208058,-0.199765041778918,0.23405665654228,-0.176221969787678,0.42565887448037,-0.228279772227378,-0.408939923051054,-0.178948768882159,0.108113908664916,12031.0000000001,2.40503078433245,0.204256563052081,27415.0000000001,10.3538439337118,12.7588747179443,0.0571307098418353,0.497303199779663,-0.728142257713558,-0.279287806609713,-0.300587536743422,0.0179772964748278,-0.145199538295106,0.0419842478972188,-1.07187160445967,-1.10286525223437,-0.443100732969569,0.472320986565669,142.0000000001,67.069580078225,0.472320986565669,142.0000000001,67.069580078225,1.20318436230867,1.24320059676441,1e-10,0.216046681300509,0.41498395537834,2.06683320328761,0.522391207006071,-0.0097628098001503,-1.87808740994466e-15,-0.0947347101050449,-0.0897347384294188,-0.0718073578617485,-0.0388826067298772,-0.320495313863527,0.777050752044123,-0.0400249055054188,-0.0400249055054188,-0.577173687389795,0.605782544067823,0.78500717701696,0.714546505515168,0.348713011263572,1.0439804447133,-0.519559664096937,-0.458078767392462,-0.0236936353257362,27415.0000000001,0.0107690622169051,0.0463616475249302,0.551002965361138,0.0314559641992673,5166.09811048852,0.001953125,43,1,"SNETWORK (1 137 5166.09811048852 0.551002965361138 1000082 43)",1
318,1000083,0.576659598679564,56,0.810229799286478,0.535514907654324,0.449959143780463,0.448153051499128,0.45024912066774,0.976270083440846,0.963945349693226,0.609906682853316,0.615743906281567,-0.277840433502125,0.719213911227726,-0.327942504073982,-0.277840433502125,-0.277840433502125,-0.819087470568125,-0.828694883284261,-0.921486001532074,-0.011230849950211,-0.927780273314241,-0.899030565225809,0.85530679981631,-0.544442745523596,-0.64199081528918,0.576659598679564,8,-0.163447750691136,0.202970835273498,0.203594160843608,0.199697678909355,0.205021817483449,0.595822811633369,-0.0226115320365705,0.617259462432486,0.569304323735015,0.168020373671283,19598.0000000001,6.37504156780297,0.0833871397037384,11601.0000000001,1.87285357812467,8.24789514582764,0.0277640871995175,0.599559771522416,-0.254727814132567,-0.213614753554971,0.0453236686807918,0.593077799227606,-0.208785848467227,0.504686837810067,0.287661410168991,0.446271535265802,0.781962258323192,0.391120031782028,217.0000000001,84.8730468751,0.391120031782028,217.0000000001,84.8730468751,0.876364547756837,0.325147219410038,1e-10,-0.189309055393151,0,0.195331705795898,0.143208963772115,0.99023719019985,0.955946779738603,0.905265289894956,0.91026526157058,0.928192642138252,0.0940837926324167,0.0385550284153107,0.203663585035586,0.0989745440978029,0.0989745440978029,-0.123897537880423,-0.156571126277265,0.0519370459139799,0.0511940485558079,0.0416235095290226,0.0538935567455694,0.0769692277356093,-0.0854660497309827,-0.101288626520135,19598.0000000001,0.0214596822851747,0.00630440481434278,0.892768030889754,2.18871070314657,18567.9244152512,5.82076609134674e-11,103,1,"SNETWORK (1 318 18567.9244152512 0.892768030889754 1000083 103)",1
56,1000084,-0.861217884186032,16,-0.016376969797183,-0.0406255841243769,-0.0539298651555209,-0.0526282971591558,-0.0497659234028937,-0.335921069976803,-0.0567456716026862,-0.499875362630427,-0.00724851045715361,5.34088139546521,-1.50576101691052,3.10804956604757,5.34088139546521,5.34088139546521,-0.0434390759243519,0.186185255344362,0.449584492252196,0.167938071445028,0.0372804302997963,0.591774111491733,-0.392108070777454,0.335861736600535,0.0625654665075635,-0.861217884186032,2,-0.644935143367433,-0.68866687463695,-0.674419013818462,-0.15566919665266,-0.512927823391266,-0.91971154903743,0.604293478568095,-0.00698640446248821,-0.344285027442418,0.64494084796772,11654.0000000001,12.0258250257705,0.17153249579656,8184.0000000001,2.24611511174714,14.2719401374177,0.0902146735645597,0.849561101958875,0.157228636515976,0.13498287471523,0.535239964458096,0.74043341318286,0.721836957736615,1.21066589045163,0.731988216182985,0.539376324352938,0.508315644173355,1.00489826453829,79.0000000001,79.386962890725,1.00489826453829,79.0000000001,79.386962890725,0.801279759518595,1.44000941683147,1e-10,0.396873531163035,0.405575882075764,0.189155461735666,0.894862075788027,-0.0330186018330553,-0.145374652181789,-0.103143662917727,-0.0904813584751364,-0.0677182775521394,0.428605805929775,-0.448207993545482,0.474002769187285,0.476542539458359,0.476542539458359,-0.814575377616568,0.448934916964844,-1.50211625216341,-1.40820773046389,-2.06507490424144,-1.26202055396732,-1.17080740757173,-0.99652646125114,0.508782689557328,11654.0000000001,0.076016706025555,0.0141979674390047,0.68402038718793,0.417487276368774,6102.38816658683,0.00048828125,3,1,"SNETWORK (1 56 6102.38816658683 0.68402038718793 1000084 3)",1
137,1000085,-0.143685297210323,22,-0.185712976940586,-0.500464661936247,-0.612877153222713,-0.614349237474709,-0.609405455638136,-0.0262005401335685,-0.0346608960131959,-0.254215068495031,-0.387720592681,0.0380932547708374,-0.0267458031333713,0.204855016582164,0.0380932547708374,0.0380932547708374,0.223721949854403,0.0998351604026459,0.0104264181871115,-0.781345856554814,0.0726831364172425,0.100969434774191,-0.14469320018369,0.808445717563054,0.35800918471082,-0.143685297210323,1,-0.523946294706724,0.035107251263951,0.0350799922536551,0.613928353553634,0.033401510754168,-0.113590620072732,1.99803932353746,-0.386736959552964,-0.22500025153454,0.328331855642942,4710.0000000001,2.859376033573,0.252358262273083,7093.0000000001,3.30967105966248,6.16904709313547,0.0233787047409486,-0.308141796729259,0.411484188689029,1.99300529048829,1.72562418219609,-1.38841273271432,0.790342497977763,-1.29667343286582,0.0429103065398516,1.66027557476422,0.743998532428815,0.431105259586607,140.0000000001,60.354736328225,0.431105259586607,140.0000000001,60.354736328225,0.540796926004269,0.397776088528492,1e-10,-0.247514248852705,-0.441481974829105,2.08793148316195,-0.0984187397819454,-0.00976280980015009,-0.0233041246988846,-0.0816567081711058,-0.0824522377785463,-0.0784387828022463,0.687394525702361,-0.860875842379861,0.405255801673051,0.798249642481273,0.798249642481273,0.673312614540035,0.741979888158939,-0.870233998311176,-0.865496045764774,-1.17536414566443,-0.744781548503352,-0.446369453172801,0.264859553076332,-0.0656389876098865,7093.0000000001,0.0108361156489534,0.0125425889919952,0.374164113421514,3.51109080195328,4858.93582250077,0.001953125,48,1,"SNETWORK (1 137 4858.93582250077 0.374164113421514 1000085 48)",1
137,1000086,0.482176721365048,37,-0.182434882136088,-0.493825587762665,-0.550040856219537,-0.551846948500872,-0.54975087933226,-0.0392756714950769,-0.0634269394568033,-0.70277662717858,-0.413076779516854,-0.597117378868553,-0.0260944396832757,0.472974267997743,-0.597117378868553,-0.597117378868553,-1.31632147332951,0.173348089310936,0.0756331987123394,-0.70680721904677,0.134841500488083,0,0,0.455557254476404,0.364580677662562,0.482176721365048,1,-0.821870187293211,-1.14013714560407,-1.09875512142174,-0.409597463385846,-0.736860593818156,0.497731664446561,-0.242017518223811,-0.413161691775483,-0.0195516001549453,0.279980779171933,3831.0000000001,1.98325114728549,0.18588499532484,5536.0000000001,1.90273260651008,3.88598375369557,0.033824955362574,-0.776384826727758,1.0250821219939,0.0233483242290743,-0.332066679677669,-0.819812031223484,0.399228457451637,-1.70029742611774,-0.426735693322087,0.606958680569478,0.25324581771473,1.17223182101346,52.0000000001,60.9560546876,1.17223182101346,52.0000000001,60.9560546876,0.549026814902439,1.74395283893119,1e-10,0.681202721350467,0.425533334101823,0.371976340429735,0.535082421301455,-0.0097628098001502,-6.2602913664822e-16,-0.0947347101050445,-0.0897347384294188,-0.0718073578617489,-0.189595090916285,-0.362327308644821,0.966966935116139,-0.190454642374872,-0.190454642374872,-0.966607507051966,0.568884286639673,0.515740385352883,0.575611065247769,0.262507207165818,0.6660038706525,-0.847010198703408,-0.687711311429299,0.869026494123339,5536.0000000001,0.0172629083345827,0.0165620469279914,0.577739665529222,2.32277491263358,5212.53873089967,0.001953125,63,1,"SNETWORK (1 137 5212.53873089967 0.577739665529222 1000086 63)",1
56,1000087,-0.627119303681494,23,-0.016376969797183,-0.0406255841243769,0,0,0,-0.253323959324918,-0.0363537396189299,-0.389547925338247,-0.0156205580589499,5.19100229003903,-1.4680256103128,3.05757797645608,5.19100229003903,5.19100229003903,-0.220032767308476,0.22873587489265,0.511626993904019,0.295184884425435,0.0626753289488446,0.658991673339333,-0.406278099940185,0.190739766812213,0.0312046492625428,-0.627119303681494,2,-0.101935801418274,0.181581996903516,0.182053243494148,0.0693404301633443,0.182011441134931,-0.678458328245004,0.7982903504228,-0.0155600694100734,-0.357668731166351,0.944945207622757,16994.0000000001,25.6934381707051,0.502778704221724,45415.0000000001,36.5339117563701,62.2273499269752,0.212655970164316,0.0553764340170374,0.609055388026389,-0.0773370161619721,0.783405708243463,1.80704268172196,0.221974919101963,1.54563558896019,0.201238102933811,-0.564256185632011,-0.518567700615656,1.54849959018488,162.0000000001,250.85693359385,1.54849959018488,162.0000000001,250.85693359385,3.14808787914102,2.4274028043585,1e-10,0.160906448781099,0.108934634143869,-0.0951470965693744,0.452869385927461,-0.033018601833055,-0.14537465218179,-0.0947347101050442,-0.0897347384294188,-0.0718073578617478,0.490947973903399,-0.421396871669696,-0.139081622695847,0.551576701421281,0.551576701421281,-1.68990294485139,0.338140426397653,-1.4349874638067,-1.43928363025361,-1.89844383197359,-1.24585863582956,-1.06299460846791,-0.681687515672605,0.514370047911996,45415.0000000001,0.0878048482681369,0.124851121796179,0.883408790913418,0.129806340006565,6261.88067958378,0.00048828125,7,1,"SNETWORK (1 56 6261.88067958378 0.883408790913418 1000087 7)",1
137,1000088,-0.756080565648556,11,-0.185712976940586,-0.500464661936247,-0.612877153222713,-0.614349237474709,-0.609405455638136,-0.0233756131457145,-0.00280592300175245,0.00280021308031693,-0.366582462825536,0.639611851174209,-0.173944336998681,0.0157482050672202,0.639611851174209,0.639611851174209,0.534464374404506,0.00249436381929944,-0.113783946682126,-0.968861066673373,0.00155212917938555,0.100969434774191,-0.14469320018369,0.808445717563054,0.35800918471082,-0.756080565648556,1,-0.961794525857866,-0.587428335797826,-0.577120349895004,0.531599280357746,-0.45218103376573,-0.796201246216286,1.60439944895399,-0.366749441303976,-0.49394017358758,0.224333004252115,7424.0000000001,3.07941683691171,0.116849727834473,2782.0000000001,0.601066017664454,3.68048285447617,0.0216562895274049,0.922424805779185,-0.45643574161916,1.86329925055391,1.26911487673301,-2.01471020457997,1.13687095036095,-2.91109835010858,0.412117852238723,-1.73702834420438,-0.81388577643222,0.205968057055645,93.0000000001,19.155029296975,0.205968057055645,93.0000000001,19.155029296975,0.0230791079439562,0.0111614447082266,1e-10,0.167527128404212,-0.270361618050332,0.109300269511838,0.0990669679582635,-0.0097628098001502,-0.0242514454667685,-0.0811250830455744,-0.0821561980604217,-0.078708348642961,0.759277267147669,-0.719744125278534,0.75363946313931,0.89253545883627,0.89253545883627,-0.668843274700054,0.450953634382973,-1.08214478982361,-1.00493968070393,-1.25088580205914,-1.03811562034879,-0.0751305603427986,-0.167202436757462,0.415536351142971,7424.0000000001,0.0181195633628136,0.00353672606459126,0.234934895024644,0.421456703583056,4617.10002223143,0.001953125,30,1,"SNETWORK (1 137 4617.10002223143 0.234934895024644 1000088 30)",1
319,1000089,-0.216307533223357,8,0.833299531937875,0.487253775027049,0.423921895297046,0.422083328008158,0.425620192291929,0.888352022224761,0.877189156474762,0.519774206816728,0.768716020047036,-0.0689703641259745,0.764892407860842,-0.0955316518533665,-0.0689703641259745,-0.0689703641259745,0.247466860967984,-0.68808279581915,-0.67530654819922,0.411952876289609,-0.844189884704843,-0.901078823296691,0.862021227679927,-0.569078322997003,-0.663467360499932,-0.216307533223357,8,0.398887190474939,0.782971106107112,0.794334338428111,0.0397508865480087,0.981312149221319,-0.250772097184202,-0.538849721520414,0.768787034712248,0.942175757604069,0.157758335199559,16661.0000000001,5.08865139869235,0.102025594509437,7677.0000000001,1.51638680217249,6.60503820076485,0.0147688987867439,0.452795356728632,-1.40697548445475,-0.343345962007382,-0.471651335196868,-0.198105353510872,-0.715560787340871,-0.117038262444708,-0.612188241368311,-0.455993946992795,-0.881558059230919,0.19690330175207,157.0000000001,30.913818359475,0.19690330175207,157.0000000001,30.913818359475,0.137856486609064,0.0276265985333289,1e-10,0.156546493342507,-0.381838254789901,-0.274225511066863,-0.699612625089815,0.891422681526609,0.980150379229174,1.23463148977426,1.24126950340423,1.28479877042647,-0.846201163235486,-0.151338510887136,-0.283984457098966,-0.766005256211835,-0.766005256211835,0.683127032518362,-0.880382557579868,0.598777886815844,0.602426643765337,0.629160465703959,0.599647508769363,-0.364959267607648,-0.488919638295331,-0.114354319719039,16661.0000000001,0.0113782501591593,0.00339064852758458,0.750995712532842,5.58543400422597,17371.5405935154,1.16415321826935e-10,124,1,"SNETWORK (1 319 17371.5405935154 0.750995712532842 1000089 124)",1
140,1000090,-0.508118598607329,28,-0.016376969797183,-0.0406255841243769,0,0,0,-0.157993776150631,-0.0246667328243185,-0.504697515111418,-0.038082452912455,5.2175323312188,-1.55838895491102,3.18230432302313,5.2175323312188,5.2175323312188,-1.33000440676043,0.297500920568781,0.609329281745059,0.464375208586594,0.108302662805716,0.674158771142803,-0.376868202347026,0,0,-0.508118598607329,2,-0.154428230702055,-0.313570639610604,-0.310543645592667,-0.435913275369049,-0.264433623950961,-0.553566931480499,0.506850613071434,-0.0380260740107524,-0.420880528998698,0.313215511699408,18330.0000000001,9.1859845242797,0.210188127072411,19709.0000000001,6.62815647129321,15.8141409954729,0.0766689493907404,0.738700948259296,-0.0400100533647639,0.643981277912586,0.23217778925137,0.261312106718971,0.397797913263628,0.213720162184745,0.362245863434485,0,0,1.31625863018721,129.0000000001,169.79736328135,1.31625863018721,129.0000000001,169.79736328135,2.03867346096375,2.00556205932009,1e-10,-1.3049733267655,-0.984332325189154,-0.635279347837072,-0.835248513500849,-0.0097628098001502,-1.25205827329644e-15,-0.0947347101050445,-0.0897347384294188,-0.0718073578617481,0.451242813735136,1.14825275987635,-0.741531434913827,0.503611829271778,0.503611829271778,1.67577158334719,-1.1629661724255,-0.0753758720538773,0,-0.23580085028698,0.00247987884420588,0.516447721574444,-0.149755572051153,-0.114354319719039,19709.0000000001,0.0445348110830633,0.0321341382076771,0.02191263025955,0.691708492960551,6377.11355980317,0.000244140625,79,1,"SNETWORK (1 140 6377.11355980317 0.02191263025955 1000090 79)",1
137,1000091,-0.143685297210323,22,-0.185712976940586,-0.500464661936247,-0.612877153222713,-0.614349237474709,-0.609405455638136,-0.0262005401335685,-0.0346608960131959,-0.254215068495031,-0.387720592681,0.0380932547708374,-0.0267458031333713,0.204855016582164,0.0380932547708374,0.0380932547708374,0.223721949854403,0.0998351604026459,0.0104264181871115,-0.781345856554814,0.0726831364172425,0.100969434774191,-0.14469320018369,0.808445717563054,0.35800918471082,-0.143685297210323,1,-0.523946294706724,0.035107251263951,0.0350799922536551,0.613928353553634,0.033401510754168,-0.113590620072732,1.99803932353746,-0.386736959552964,-0.22500025153454,0.328331855642942,4710.0000000001,2.859376033573,0.252358262273083,7093.0000000001,3.30967105966248,6.16904709313547,0.0233787047409486,-0.308141796729259,0.411484188689029,1.99300529048829,1.72562418219609,-1.38841273271432,0.790342497977763,-1.29667343286582,0.0429103065398516,1.66027557476422,0.743998532428815,0.431105259586607,140.0000000001,60.354736328225,0.431105259586607,140.0000000001,60.354736328225,0.540796926004269,0.397776088528492,1e-10,-0.247514248852705,-0.441481974829105,2.08793148316195,-0.0984187397819454,-0.00976280980015009,-0.0233041246988846,-0.0816567081711058,-0.0824522377785463,-0.0784387828022463,0.687394525702361,-0.860875842379861,0.405255801673051,0.798249642481273,0.798249642481273,0.673312614540035,0.741979888158939,-0.870233998311176,-0.865496045764774,-1.17536414566443,-0.744781548503352,-0.446369453172801,0.264859553076332,-0.0656389876098865,7093.0000000001,0.0108361156489534,0.0125425889919952,0.374164113421514,3.51109080195328,4858.93582250077,0.001953125,48,1,"SNETWORK (1 137 4858.93582250077 0.374164113421514 1000091 48)",1
140,1000092,-0.40370878828742,33,0,0,0,0,0,-0.11407410952616,-0.0110992859530323,-0.529342230454682,-0.0543138533915928,5.1414227245487,-1.61280796655012,3.2665506642872,5.1414227245487,5.1414227245487,-3.03788251516196,0.339827923700279,0.671407402942768,0.582490243038512,0.134630269133254,0.674158771142803,-0.376868202347026,0,0,-0.40370878828742,2,0.280273669704687,0.839879367501188,0.852894855484041,0.312198266420373,1.07595195254567,-0.451322402618936,-0.559499231153894,-0.0537780568981669,0.353490203448323,0.669082046440369,10278.0000000001,11.0029204357488,0.121795070770646,90435.0000000001,17.623259545845,28.6261799814938,0.0614913153847914,-0.363934621692058,-0.993423188691948,-0.467294086566213,-0.531154077522029,0,-0.740493062074381,-0.00789512728830389,-1.49133972638984,0.233282518744192,0.212148869015565,0.359821406097168,309.0000000001,111.184814453225,0.359821406097168,309.0000000001,111.184814453225,1.23647815564256,0.268296629498112,1e-10,0.460762037162828,0.623960688889571,2.28500820660859,0.704199685518218,-0.0097628098001503,-1.25205827329644e-15,-0.0152049569792591,-0.0052132692358435,0.0155470653361056,-0.120594418576626,0,-0.00940965297282885,-0.122500712176321,-0.122500712176321,-1.32057252632411,0.348269899811746,-0.598393357288307,-0.586664890293583,-1.04287878942617,-0.387642202937675,-0.0708694899623594,-0.361152684692422,-0.107145039969982,90435.0000000001,0.0236351497126657,0.0378561655721258,0.130879378577705,3.42776390735818,6486.36838576074,0.000244140625,78,1,"SNETWORK (1 140 6486.36838576074 0.130879378577705 1000092 78)",1
137,1000093,0.680638775194246,44,-0.182434882136088,-0.493825587762665,-0.550040856219537,-0.551846948500872,-0.54975087933226,-0.0313911071775503,-0.0561197606812133,-0.745132263427216,-0.430463504541256,-1.05676659247231,-0.071691039579678,0.699343999700506,-1.05676659247231,-1.05676659247231,-3.89556033150297,0.201364796571367,0.0620717569880286,-0.721446187314154,0.163946464560052,0,0,0.455557254476404,0.364580677662562,0.680638775194246,1,-1.43925950268753,-1.49171833641423,-1.41651768593978,0.159680631488572,-0.868122637475658,0.709111931518461,0.698204954981429,-0.430570915553481,-0.869992576137709,0.105505905113549,213.0000000001,0.0415521706758115,0.146182533640794,4646.0000000001,1.25577558316606,1.29732775374187,0.0144960139509404,-0.524266310532744,0.494390594284133,0.478469484323386,1.79835213752159,2.65688136964912,1.43490357016213,7.49793001716657,0.468562822765764,-0.570171724798658,-0.193674846675223,0.238364955457143,35.0000000001,8.3427734376,0.238364955457143,35.0000000001,8.3427734376,0.399425277854574,0.81824460937079,1e-10,0.268461480672468,0.523707890899998,0.141177654138478,0.584772104841145,0.000777296118831239,0.00598951719793975,0,-0.000271290224167266,-0.00671758123582111,-0.573705154039294,0.434748612872508,-0.799793566310623,-0.542009084019653,-0.542009084019653,-0.275484439404732,0.500142635532003,0.17056774698166,0.387968235709747,0.233260460895979,0.137768295239136,0.450427876372366,-0.61187709106921,1.06368872648615,4646.0000000001,0.000464293497547328,0.0140317203533931,0.66734096586022,0.136422420947335,5368.1727452267,0.001953125,50,1,"SNETWORK (1 137 5368.1727452267 0.66734096586022 1000093 50)",1
56,1000094,-1.31590828993296,2,-0.016376969797183,-0.0406255841243769,-0.0539298651555209,-0.0526282971591558,-0.0497659234028937,-0.354955638474506,-0.0638317232953195,-0.478214652114887,0.000747167767182524,5.3897780181169,-1.49058226808779,3.04542699194354,5.3897780181169,5.3897780181169,0.055088734643224,0.16874697471818,0.425811912596539,0.112509458482526,0.0272804871819066,0.591774111491733,-0.392108070777454,0.335861736600535,0.0625654665075635,-1.31590828993296,2,0.593454439975679,0.446061718638407,0.449718214647667,-0.609799220637989,0.492381978404358,-1.39690524742954,0.541342582876065,0.000653587487306833,0.536382135585741,0.65555713439112,19107.0000000001,20.0411682639238,0.0737765374892662,3264.0000000001,0.385290588961379,20.4264588527852,0.0579221179873827,0.551675909695633,-1.08476689671987,0.451298012855026,0.0497561501418067,-1.12015392967265,-0.0469064528178361,-0.789794010561669,-0.105413689027574,0.299339166073677,0.282663954684025,0.646449497867857,189.0000000001,122.178955078225,0.646449497867857,189.0000000001,122.178955078225,1.38694845887537,0.788925754449631,1e-10,-2.50918954707661,-1.89718273042267,2.30840523304036,-1.1527970134644,-0.0330186018330551,-0.145374652181791,-0.115651216794682,-0.0915916800038275,-0.0616360242687212,-1.70170902173002,0.167687630044529,-0.538935008314487,-1.35276458749285,-1.35276458749285,1.88326165309738,-0.828658985728989,0.091264013948101,-0.0401497041775016,-0.604419096010822,0.463365476607662,-0.126049400947861,3.62079060546251e-12,-0.114354319719039,19107.0000000001,0.0568295718386585,0.00109254604872416,0.272258243793747,2.95100055460052,5773.01605777872,0.00048828125,2,1,"SNETWORK (1 56 5773.01605777872 0.272258243793747 1000094 2)",1
56,1000095,-0.815915380734087,17,-0.016376969797183,-0.0406255841243769,-0.0539298651555209,-0.0526282971591558,-0.0497659234028937,-0.324900415996719,-0.0532317636240923,-0.478779802916518,-0.00861962885096576,5.31745295782129,-1.4947395685784,3.09767532502639,5.31745295782129,5.31745295782129,-0.0807888820358111,0.193049688147096,0.459669272422289,0.190481077668196,0.0411176739457315,0.591774111491733,-0.392108070777454,0.335861736600535,0.0625654665075635,-0.815915380734087,2,-0.125873958109443,-0.159330869911509,-0.158443001477859,-0.306274216923926,-0.141640363853414,-0.881881792746241,0.144003525287486,-0.00763048641462358,-0.420966859246302,0.636479391122901,29357.0000000001,29.8962007716897,0.0965552429029523,24370.0000000001,3.76488202746954,33.6610827990593,0.146341844537011,-0.674464228118863,0.909822776094018,0,0.651642506809247,1.36327125310713,0.0854692651674901,1.49567396859137,0.0512061344146211,1.77046892246628,1.65642587390495,1.08364470118696,138.0000000001,149.5429687501,1.08364470118696,138.0000000001,149.5429687501,1.7614635369808,1.58304385617123,1e-10,-0.484125269963092,-0.230783672278451,-0.346109089892347,-0.0425435536441357,-0.0330186018330551,-0.145374652181791,-0.0981764662238388,-0.0900403275570003,-0.0701337110666129,0.312994195947806,0.29420220949811,-0.523315979541378,0.341369454018841,0.341369454018841,-0.915552195354132,-0.978785190039112,-0.234830419914547,-0.0908516432647111,-0.761760382474292,0.0340969325928099,-0.403463838436678,-0.76806947570293,-0.114354319719039,29357.0000000001,0.12997398772653,0.0163678567104813,0.713514555890986,2.16578614480863,6125.98080787044,0.00048828125,5,1,"SNETWORK (1 56 6125.98080787044 0.713514555890986 1000095 5)",1
140,1000096,-0.308817323200913,38,0,0,0,0,0,-0.116406781445512,-0.0105738599142023,-0.634111880897541,-0.0585563244064809,5.11890915816525,-1.64560095182732,3.31284249847358,5.11890915816525,5.11890915816525,-3.5824610919348,0.349948549583436,0.686022268388107,0.616776328753163,0.14016410813775,0.674158771142803,-0.376868202347026,0,0,-0.308817323200913,2,0.443033006595141,0.207855617059466,0.20851640896194,-0.660542742614749,0.210325662571527,-0.349184957983005,-0.283497162712458,-0.0586081798735698,0.0242963500900853,0.462507784409291,6012.0000000001,4.44895487892418,0.0777742083527846,4427.0000000001,0.550890271995659,4.99984515081984,0.0167725698816104,2.86662086406112,-0.103009450076088,-0.518976856971918,-0.573968516019063,0.0259618667569925,-0.372104825747098,0.0292398894420048,-0.677863370999037,0.335538556248628,0.294226586009708,0.0964407636550214,234.0000000001,22.567138671975,0.0964407636550214,234.0000000001,22.567138671975,0.0236204161053463,0.210106002337614,1e-10,1.77841417511468,1.31648392508139,0.75087757344816,1.98623881871479,-0.0097628098001503,-1.87808740994466e-15,-0.0122530687093067,-0.00207610454381966,0.018789380155798,-0.325327544566865,-0.0652157949958943,0.26636484978423,-0.319745420929827,-0.319745420929827,-0.385937726644453,-0.462608861066109,-0.807201099598834,-0.832031896919138,-1.21028796136524,-0.62666162544916,-0.585249678959388,-0.621313851422218,1.19327341653559,6012.0000000001,0.0149245434430247,0.00184802633858571,0.259211990875727,1.69678162102355,6615.04027363211,0.000244140625,77,1,"SNETWORK (1 140 6615.04027363211 0.259211990875727 1000096 77)",1
328,1000097,0.681873704815193,62,0.817565117863912,0.621309110795204,0.584902015722838,0.581791403280787,0.581496445193316,0.858254583165065,0.996602202663201,0.466482663585208,0.0943415641400107,-0.209177565650379,0.454086080824833,-0.77805615945445,-0.209177565650379,-0.209177565650379,0.645893696910024,-0.0961587528759281,0.0195611216586381,1.00116570632861,-0.342311995811756,-0.835356739207357,0.822043687881501,-0.598119868767173,-0.651784673660024,0.681873704815193,8,0.37515778904184,0.924195926356382,0.939827235764944,0.265948863847234,1.22332452391208,0.708245235898109,-0.570048713177646,0.0942421367918622,0.0287613576828351,0.528914958017173,26332.0000000001,26.9636708631837,0.313191674121608,7046.0000000001,4.27230420452733,31.235975067611,0.0632258653313168,-0.0389435717476652,0.130947963493371,-0.515094407440143,-0.482382267442282,0.224734772950418,-0.765284144506869,0.103756241181873,-1.36833716721426,-0.195717332810329,-0.207421569689607,0.210787212529334,398.0000000001,83.893310546975,0.210787212529334,398.0000000001,83.893310546975,1.43344081540365,0.768152603105997,1e-10,-1.56224739424691,-1.76656032998621,-0.977429444977685,-0.995410336245587,0.99023719019985,0.955946779738603,1.05654091041018,1.06012109051712,1.0904613473797,0.323662323695143,0.628958012003414,-1.51651577460211,0.353630204349298,0.353630204349298,0.902444269536405,-1.86104345250851,0.527559392581773,0.45589743041244,0.580421622035833,0.513628605490282,0.183728624443522,0.127773689963287,-0.114354319719039,26332.0000000001,0.0545781399955111,0.00864772523580563,0.0523315131222382,3.73102313688918,18734.2178507853,2.91038304567337e-11,135,1,"SNETWORK (1 328 18734.2178507853 0.0523315131222382 1000097 135)",1
319,1000098,-0.29460733598425,3,0.833299531937875,0.487253775027049,0.423921895297046,0.422083328008158,0.425620192291929,0.888662156900598,0.872459981245635,0.513204722198745,0.772754003041432,-0.0746558092723104,0.760144904619782,-0.10259755783605,-0.0746558092723104,-0.0746558092723104,0.193739945484073,-0.670138663420033,-0.650798315774908,0.443008307104162,-0.83063545165587,-0.901078823296691,0.862021227679927,-0.569078322997003,-0.663467360499932,-0.29460733598425,8,-0.286101093052031,-0.0144793698489768,-0.014450932478089,0.116325677389793,-0.0135374213340629,-0.339418896513413,-0.257813566237279,0.77312827818047,-0.299040790997076,0.133961906910798,5050.0000000001,1.30973073894233,0.199321286559721,4690.0000000001,1.80982192792197,3.1195526667643,0.012243364737643,-0.539847253667341,0.469991898439114,-0.357010657798136,-0.087763403856256,0.683818217716172,-0.257083902890028,0.682952292817003,0.325387443508646,1.05018388413608,2.03919562902077,0.413969210592886,123.0000000001,50.918212890725,0.413969210592886,123.0000000001,50.918212890725,0.411644808386693,0.366650297132355,1e-10,0.440713537757785,0.199295364501916,0.16784033545822,-0.600977809249097,0.734423256053169,1.15858997967622,1.15102196884532,1.1559782675516,1.21354370456348,-2.30267369959628,0.132900651952079,-0.456857665722717,-1.67724769094702,-1.67724769094702,-0.319030784210437,-1.60661838316895,0.985869622854344,0.783574740361878,0.882203158939757,1.07356737988437,-0.197765970931506,0.708972130381389,1.44523906577238,5050.0000000001,0.00514032386249875,0.0071030407751442,0.540871603411624,2.05700391045351,17254.7781368253,1.16415321826935e-10,131,1,"SNETWORK (1 319 17254.7781368253 0.540871603411624 1000098 131)",1
319,1000099,-0.153336782932731,12,0.833299531937875,0.487253775027049,0.449959143780463,0.448153051499128,0.45024912066774,0.889286437720198,0.879613512989991,0.52721057738117,0.766469765020653,-0.0685746150965279,0.766298142876894,-0.0978976364893575,-0.0685746150965279,-0.0685746150965279,0.273047383294019,-0.696004108925566,-0.68805987444192,0.392907527198324,-0.84949935947129,-0.901078823296691,0.862021227679927,-0.569078322997003,-0.663467360499932,-0.153336782932731,8,0.368097743178426,0.897273572675509,0.912048407382031,0.241088702265593,1.17531515217916,-0.181774915890752,-0.413943656954569,0.766780547348382,0.280998083666137,0.189586848193162,27090.0000000001,9.94320819718807,0.138725977282096,9772.0000000001,2.62452414514112,12.5677323422292,0.0259261281518672,0.155819498495461,-0.498370162520237,-0.189042466198927,-0.585415085647648,-0.848725767736125,-0.680458199554869,-0.44483307882847,-0.516597842697269,-0.303669019028319,-0.586165200109454,0.0373324008601351,185.0000000001,6.906494140725,0.0373324008601351,185.0000000001,6.906494140725,0.190717567554682,0.317469991014056,1e-10,3.19501463302081,1.97295205520248,1.81579157468445,0.650990305213941,0.914656465619374,1.10572467891038,1.2704616409726,1.27716336420855,1.31315558686399,-1.95728481144382,0.179167113358694,0.0297502426142679,-1.49856587423288,-1.49856587423288,-0.522268110445706,-0.229811441187509,0.118456306706503,0.172275883255758,0.543561331708364,-0.111261118111117,0.0527304943812616,0.820925297354853,1.331123334373,27090.0000000001,0.020511965241329,0.00541416281053814,0.95264621603583,4.97627306653754,17483.5944091403,1.16415321826935e-10,127,1,"SNETWORK (1 319 17483.5944091403 0.95264621603583 1000099 127)",1
318,1000100,-0.0580260165095561,18,0.831613660734676,0.506174412237335,0.449959143780463,0.448153051499128,0.45024912066774,0.936239608614083,0.950601173875216,0.502171352743325,0.673106236933781,0.0885372155010773,0.80774827347902,-0.24129906093747,0.0885372155010773,0.0885372155010773,0.165109225113102,-0.804405444830696,-0.8759482073322,0.0509302369973256,-0.911964624664231,-0.901078823296691,0.862021227679927,-0.569078322997003,-0.663467360499932,-0.0580260165095561,8,0.691508454035168,-0.316548728072341,-0.313467249354999,-1.30212203729198,-0.266675902035051,-0.0787940531743132,-0.0633735210244438,0.673158400893651,-0.200920760151754,0.298039238523326,18696.0000000001,10.7877647194428,0.106609487936101,4098.0000000001,0.845818407909251,11.633583127252,0.056519923120459,2.39627629293097,-1.38332330002286,-0.332455725204527,-0.214969496875763,0.322634192094889,0.0378044970669506,0.417018481676579,0.664294793010701,-0.00580106410700656,-0.00858343136771775,0.16142578135,110.0000000001,17.7568359376,0.16142578135,110.0000000001,17.7568359376,0.528269985899014,0.678492868212282,1e-10,0.0990188820944311,0.00430024547215949,-0.194777134874317,-0.115483541772969,0.99023719019985,0.867841683603146,1.08214966251551,1.08821406597363,1.11689422993489,0.00460085126097271,-0.0934747782127,-0.811615253703421,0.00476969625543752,0.00476969625543752,-0.987555917391116,-0.337801994377113,0.504657466022865,0.509744104807735,0.437944473994045,0.554172071764174,-0.342724805271051,-0.0309746476981789,-0.114354319719039,18696.0000000001,0.0524106481069467,0.00410927491351233,0.112354222982972,2.01390334284543,17643.0587160004,5.82076609134674e-11,113,1,"SNETWORK (1 318 17643.0587160004 0.112354222982972 1000100 113)",1
318,1000101,0.441429251369779,47,0.810229799286478,0.535514907654324,0.449959143780463,0.448153051499128,0.45024912066774,0.974314241085926,0.962462296576753,0.571353754932072,0.63014851434046,-0.182802904088181,0.746586055408701,-0.29145369855136,-0.182802904088181,-0.182802904088181,-0.359230093070709,-0.846586230398235,-0.940591587632691,-0.0315719117217665,-0.942628474456066,-0.899030565225809,0.85530679981631,-0.544442745523596,-0.64199081528918,0.441429251369779,8,-0.446539554862761,-0.116825529017979,-0.116300789175514,0.252294160249537,-0.105393065640746,0.449936152255906,0.154252683110052,0.630689636410002,-0.64382601283976,0.219919779149126,15562.0000000001,6.62581068745907,0.252859573112673,16275.0000000001,7.967273375448,14.5930840628071,0.0615669186656323,-0.295919134860058,0.964070737887232,-0.187724162254362,0.362971648432395,1.19185992989878,0.0670498004726344,1.27036292878256,0.669599990263276,2.04992974256451,3.60320154565571,0.28834228525625,140.0000000001,40.367919921975,0.28834228525625,140.0000000001,40.367919921975,0.267249185631702,0.138462488309036,1e-10,-0.975700296474003,-1.25750398337491,-0.507823930310292,-0.993491684976726,0.99023719019985,0.955946779738603,0.905265289894956,0.910265261570581,0.928192642138252,-0.736831655659846,0.877127843934656,-0.124792920347916,-0.678486623402237,-0.678486623402237,2.35778747454586,-0.522291200424703,-0.0999524292296949,0.137759376087013,1.00956221260054,-0.706113442275188,1.07971233482758,1.05206290261378,-0.114354319719039,16275.0000000001,0.0279537036357111,0.0336132149299212,0.719443703128442,0.354783250285437,18362.5183550713,5.82076609134674e-11,120,1,"SNETWORK (1 318 18362.5183550713 0.719443703128442 1000101 120)",1
137,1000102,0.557061673600283,40,-0.182434882136088,-0.493825587762665,-0.550040856219537,-0.551846948500872,-0.54975087933226,-0.0184706497216225,-0.0561862394187125,-0.720911577576076,-0.41760386246411,-0.737579365949411,0.0108760640138694,0.42115580004283,-0.737579365949411,-0.737579365949411,-1.76729498924949,0.171986557140521,0.0609179816286895,-0.72217134263096,0.135449296002992,0,0,0.455557254476404,0.364580677662562,0.557061673600283,1,-1.62124431333931,-2.03130815328636,-1.8774337642695,-0.202946690867706,-1.01588290291927,0.577555729105796,1.17613552293335,-0.416450770833347,-0.872241294928561,0.191442460401646,326.0000000001,0.115396652814851,0.119682368714899,1158.0000000001,0.256257201908059,0.37165385462291,0.00610122281973768,0.108302667483109,0.374955401851922,0.854207000039315,0.506543253729157,-1.10765650332768,2.22109179135555,-4.35170048106534,1.1336290369512,-3.1220027167292,-1.23707216375585,0.481511896406818,33.0000000001,15.889892578225,0.481511896406818,33.0000000001,15.889892578225,0.0677671039342661,0.489334327141233,1e-10,1.38287397473485,1.2778812564104,0.649510740538156,2.0221751309473,0.000809257921448698,0.00600767916382121,0.000287274447472026,0,-0.00652020280382938,-0.645311218932638,0.402037117041254,-0.8112601741837,-0.602812585908398,-0.602812585908398,-0.334290017104963,0.786564544680205,0.0541819032207897,0.245932255384635,0.183730899398937,-0.0190064780264823,0.359193636835969,-0.564450007814821,2.04164784026647,1158.0000000001,0.00189439897032502,0.00420682374941266,0.61592410542507,1.37338525402215,5278.86363515738,0.001953125,69,1,"SNETWORK (1 137 5278.86363515738 0.61592410542507 1000102 69)",1
56,1000103,-0.997220386617505,12,-0.016376969797183,-0.0406255841243769,-0.0539298651555209,-0.0526282971591558,-0.0497659234028937,-0.340956313926839,-0.0576703331102242,-0.483541606193868,-0.00355920575410938,5.36406821558878,-1.48164540514366,3.06337405264469,5.36406821558878,5.36406821558878,-0.0310350656370735,0.17947868115325,0.4414377685224,0.148321094259584,0.0332211324281477,0.591774111491733,-0.392108070777454,0.335861736600535,0.0625654665075635,-0.997220386617505,2,-0.634446644134946,0.24907855189353,0.250095462074836,1.189308031578,0.255818397426901,-1.06941950660823,0.160990012851938,-0.00304308236316782,-0.0644589599837293,0.284245401110884,49554.0000000001,22.5367945627903,0.217766334901844,34417.0000000001,11.99178231189,34.5285768745803,0.112509021585102,-0.161483561017937,-0.481553196901931,0.495720940684054,0.205809028738995,-0.892576972761449,-0.128630636354761,-0.717675357472103,-0.221558724545418,-1.38869484309312,-1.29867225545285,0.17181396494375,224.0000000001,38.4863281251,0.17181396494375,224.0000000001,38.4863281251,0.241496951064832,0.0731986825095911,1e-10,-0.149901086623532,0.281041073570095,0,0.107272651539607,-0.0330186018330552,-0.145374652181791,-0.106241709699018,-0.0907564093262452,-0.0662117569626481,-0.578324102723961,0.444156114763799,-0.588382987800636,-0.54597421551335,-0.54597421551335,0.6001079655259,-0.169363442401458,-0.176705903193075,-0.0909720886536261,-0.257865922039809,-0.145340523232891,0.28241831497869,0.111032848468943,1.96609952837777,49554.0000000001,0.0734346136788827,0.0390744078062198,0.559768665432233,0.821539702825248,6002.99813699265,0.00048828125,27,1,"SNETWORK (1 56 6002.99813699265 0.559768665432233 1000103 27)",1
56,1000104,-0.893690731355646,15,-0.016376969797183,-0.0406255841243769,-0.0539298651555209,-0.0526282971591558,-0.0497659234028937,-0.339138277131101,-0.0571438953888519,-0.495827046241328,-0.00596226770005212,5.34888075056311,-1.49419780357236,3.08762272750867,5.34888075056311,5.34888075056311,-0.0498641093614348,0.184349273529898,0.447688641509067,0.162536615550397,0.0361731057757279,0.591774111491733,-0.392108070777454,0.335861736600535,0.0625654665075635,-0.893690731355646,2,-0.653895378494755,-0.267208402336179,-0.26496384600272,0.414096583759044,-0.228913730880451,-0.959212860222657,0.496348867072489,-0.00566546285072966,-0.471257148072635,0.207022335210377,17223.0000000001,5.70487308426482,0.0715312751674975,25748.0000000001,2.9468596327982,8.65173271696301,0.0405925889377613,0.103317197215145,0.151848804165553,0.556905772522986,0.53703331535854,-0.298641216488959,0.360845233677021,-0.324113962296532,0.369027821103044,-1.11346435152804,-1.03388885451663,0.641908115114098,133.0000000001,85.373779296975,0.641908115114098,133.0000000001,85.373779296975,0.883217776392707,0.780676820737121,1e-10,0.352333605633526,0.178542225587911,-0.121339848838115,0.139796003373911,-0.0330186018330551,-0.145374652181791,-0.105771834944897,-0.0907146991069675,-0.0664402515323025,-0.00863787256184817,0.58773597989137,-1.05291865392266,-0.008935555702801,-0.008935555702801,0.599791210046972,-0.604124672811366,-0.173412306732834,-0.0409109696314631,-0.307852174647676,-0.113263855944197,0.0509379108222575,-0.0677414509719043,1.06084014729161,25748.0000000001,0.0267663802218198,0.0138262086159415,0.653006047350397,0.80038449191769,6077.57952723166,0.00048828125,26,1,"SNETWORK (1 56 6077.57952723166 0.653006047350397 1000104 26)",1
318,1000105,0.565364905016158,55,0.810229799286478,0.535514907654324,0.449959143780463,0.448153051499128,0.45024912066774,0.978912504410212,0.965102058113269,0.647392486199089,0.618336873368336,-0.26463438359923,0.734848285742265,-0.320010894254871,-0.26463438359923,-0.26463438359923,-0.688313870868219,-0.840037865339595,-0.936501433622003,-0.024641231984139,-0.937129106183408,-0.899030565225809,0.85530679981631,-0.544442745523596,-0.64199081528918,0.565364905016158,8,0,-0.380343083040515,-0.375969271022074,-0.696277984364583,-0.313597380546757,0.579146218673423,0.042030403361334,0.618400618318674,0.784627120705677,0.156685229665057,17087.0000000001,5.18326244684295,0.105918109170304,8769.0000000001,1.79816529113006,6.981427737873,0.0354827284250754,-0.305163249481794,-0.0829465725854141,-0.0177441342136722,0.0151643329269733,0.0364516398955949,0.149876365362571,0.0758101892994652,0.760486185579052,0.715108579174672,1.260212364358,0.308083811213911,124.0000000001,38.202392578225,0.308083811213911,124.0000000001,38.202392578225,0.237610893091396,0.174320848601116,1e-10,0.841696220682189,1.07829120801068,0.293714962291713,1.49029219731128,0.99023719019985,0.955946779738602,0.905265289894954,0.910265261570582,0.928192642138252,-0.645298052397691,0.937323237100708,0.239271094525777,-0.60280153574712,-0.60280153574712,0.449661282355959,0.17798591370852,-0.896869033314375,-0.746882124225675,-0.117234155802476,-1.35590929914078,1.86863674715602,1.59695068848313,2.24682679593044,17087.0000000001,0.0263436506318424,0.00913907769323305,0.874616700812031,2.15174332819879,18546.413336879,5.82076609134674e-11,116,1,"SNETWORK (1 318 18546.413336879 0.874616700812031 1000105 116)",1
318,1000106,-0.0690156618777014,17,0.831613660734676,0.506174412237335,0.449959143780463,0.448153051499128,0.45024912066774,0.935363298939366,0.950087454546965,0.496159693370695,0.67370806746204,0.0915521337319529,0.807058694481099,-0.242681230698681,0.0915521337319529,0.0915521337319529,0.159019318500249,-0.800606082014123,-0.869669678683059,0.0596535065055674,-0.909363556843529,-0.901078823296691,0.862021227679927,-0.569078322997003,-0.663467360499932,-0.0690156618777014,8,0.613695597358761,0.524121249765708,0.529225479747953,-0.557156977692528,0.595577733170824,-0.091106119783317,-0.199349587689059,0.675161118821156,0.844809959815561,0.144177250135953,24772.0000000001,6.91460109596038,0.140200225876632,4568.0000000001,1.23989277654348,8.15449387240386,0.0218845191744328,-1.4242358783746,1.11230045437014,-0.0551084442352003,-0.231836323009455,-0.413738441770462,-0.447778372215812,-0.277442585539997,-0.06594581541394,-0.568433707708332,-1.02713446298279,0.141841529880983,117.0000000001,16.595458984475,0.141841529880983,117.0000000001,16.595458984475,0.512374906122889,0.642920180126628,1e-10,-0.338065440511072,-0.189043911788334,-0.343994428491669,-0.333329862231988,0.99023719019985,0.867841683603146,1.20217595717179,1.20896264899621,1.24493892342133,0,-0.00664653688712817,-0.594744198326949,0,0,-0.211926333488241,-0.468184776593125,0.764210562730995,0.777366229938054,0.728457425715809,0.806946975271494,-0.173894424629138,-0.165127378389375,-0.114354319719039,24772.0000000001,0.0185569726268858,0.00332754644754703,0.0913013466060553,5.11158472989959,17618.1090251642,5.82076609134674e-11,91,1,"SNETWORK (1 318 17618.1090251642 0.0913013466060553 1000106 91)",1
137,1000107,0.796278752403789,47,-0.182434882136088,-0.493825587762665,-0.550040856219537,-0.551846948500872,-0.54975087933226,-0.023320848451441,-0.05288184718947,-0.731124452968058,-0.433783977085544,-1.17169236611569,-0.0802985710720913,0.687759963894336,-1.17169236611569,-1.17169236611569,-4.85597818295021,0.20470878876877,0.0548053863900469,-0.734710928156145,0.168869124901775,0,0,0.455557254476404,0.364580677662562,0.796278752403789,1,-0.847433840921632,-2.38067490472483,-2.15533467177613,-1.38491846047333,-1.08562343220452,0.832666985492025,0.365376648451904,-0.433588103527734,-0.581428378414312,0.0763869236912959,87.0000000001,0.0122878420511361,0.0942613871433088,932.0000000001,0.162437794116515,0.174725636067651,0.00368425590048288,0.783468664144193,-0.232172347352385,-0.412767479247899,1.95411589706781,5.14587480261461,1.99569348153214,27.2455375011349,0.904670778186557,4.06492093306766,1.58569797196203,0.488351004564286,7.0000000001,3.41845703135,0.488351004564286,7.0000000001,3.41845703135,0.238456269417517,0.501756832114401,1e-10,0.812337140160058,0.455825122897539,0.45623368211589,0.465768866303589,-0.0097628098001502,-1.25205827329644e-15,-0.0872962564075393,-0.0827101777577055,-0.0666965881430047,-0.040824194162823,-0.192002871635611,1.42839815669147,-0.0420102547722254,-0.0420102547722254,-0.135400089598083,-0.726031465782863,0.675801520480706,0.790832234001746,0.75818805764389,0.651628829088033,-0.490979066489857,-0.652038250299192,1.34858321964992,932.0000000001,0.000259100805289224,0.00342515499519365,0.710003129539099,0.622283492096858,5442.27528356814,0.001953125,64,1,"SNETWORK (1 137 5442.27528356814 0.710003129539099 1000107 64)",1
137,1000108,0.482176721365048,37,-0.182434882136088,-0.493825587762665,-0.550040856219537,-0.551846948500872,-0.54975087933226,-0.0392756714950769,-0.0634269394568033,-0.70277662717858,-0.413076779516854,-0.597117378868553,-0.0260944396832757,0.472974267997743,-0.597117378868553,-0.597117378868553,-1.31632147332951,0.173348089310936,0.0756331987123394,-0.70680721904677,0.134841500488083,0,0,0.455557254476404,0.364580677662562,0.482176721365048,1,-0.821870187293211,-1.14013714560407,-1.09875512142174,-0.409597463385846,-0.736860593818156,0.497731664446561,-0.242017518223811,-0.413161691775483,-0.0195516001549453,0.279980779171933,3831.0000000001,1.98325114728549,0.18588499532484,5536.0000000001,1.90273260651008,3.88598375369557,0.033824955362574,-0.776384826727758,1.0250821219939,0.0233483242290743,-0.332066679677669,-0.819812031223484,0.399228457451637,-1.70029742611774,-0.426735693322087,0.606958680569478,0.25324581771473,1.17223182101346,52.0000000001,60.9560546876,1.17223182101346,52.0000000001,60.9560546876,0.549026814902439,1.74395283893119,1e-10,0.681202721350467,0.425533334101823,0.371976340429735,0.535082421301455,-0.0097628098001502,-6.2602913664822e-16,-0.0947347101050445,-0.0897347384294188,-0.0718073578617489,-0.189595090916285,-0.362327308644821,0.966966935116139,-0.190454642374872,-0.190454642374872,-0.966607507051966,0.568884286639673,0.515740385352883,0.575611065247769,0.262507207165818,0.6660038706525,-0.847010198703408,-0.687711311429299,0.869026494123339,5536.0000000001,0.0172629083345827,0.0165620469279914,0.577739665529222,2.32277491263358,5212.53873089967,0.001953125,63,1,"SNETWORK (1 137 5212.53873089967 0.577739665529222 1000108 63)",1
318,1000109,-0.0883513929204314,16,0.833299531937875,0.487253775027049,0.449959143780463,0.448153051499128,0.45024912066774,0.935156375533728,0.947558966361029,0.480494306607284,0.675193882662218,0.0935157900201263,0.807781470957864,-0.247627432872232,0.0935157900201263,0.0935157900201263,0.137938222710428,-0.789109337866734,-0.850535215079095,0.0879901399127411,-0.901740837464237,-0.901078823296691,0.862021227679927,-0.569078322997003,-0.663467360499932,-0.0883513929204314,8,0.235034280302748,0.162978687324533,0.163333660032499,-0.446511327577211,0.162277339783141,-0.115500192854673,-0.214990852539382,0.675467590386167,-0.123608654656731,0.0903068016170939,16552.0000000001,2.89387827837728,0.122156270103463,5956.0000000001,1.40857434432477,4.30245262260204,0.0148975498098201,1.05033031515649,0.171404562610538,-0.179750348041124,-0.11768480662938,0.14937056664835,-0.30848778689539,0.137693142875102,0.176140127669699,0.618153474855085,1.12259762760531,0.20160900307619,105.0000000001,21.1689453126,0.20160900307619,105.0000000001,21.1689453126,0.574969509748317,0.751481372011053,1e-10,0.392272080568473,0.163353046105764,0.20105689643572,-0.163892388916079,0.874963418364179,0.998857332302743,1.24151978544791,1.24854323862789,1.28691113026244,-0.900921067525226,0.402533590515041,-0.734657654408264,-0.808634525888737,-0.808634525888737,-1.64776121833706,-0.775027001913946,1.14423409538099,1.2276713943078,1.41104038651204,1.03868531801835,-0.000626772251626595,-0.216753461941857,0.392207529757899,16552.0000000001,0.0100202603694758,0.00487728934034433,0.0735565876365829,3.51232387098195,17597.0797728034,5.82076609134674e-11,96,1,"SNETWORK (1 318 17597.0797728034 0.0735565876365829 1000109 96)",1
56,1000110,-0.645351015362467,22,-0.016376969797183,-0.0406255841243769,0,0,0,-0.255449728570319,-0.0367189721873232,-0.390308937076156,-0.0153036671682194,5.1935102238394,-1.46484394870244,3.05465289148386,5.1935102238394,5.1935102238394,-0.217513982957744,0.227535507428816,0.51004192929855,0.29319278095323,0.0617537840464683,0.658991673339333,-0.406278099940185,0.190739766812213,0.0312046492625428,-0.645351015362467,2,-0.377121306915251,0.811977311913109,0.824171017439717,1.60632498170545,1.02907675800106,-0.680555921759956,0.726482627541551,-0.014965645684782,-0.130959571931333,0.48977304714535,16579.0000000001,12.9919157552328,0.225928404104595,41687.0000000001,15.0692438044706,28.0611595596034,0.0614749221184283,0.55133152736107,-1.36019683469967,0.734732209435628,0.658018220499334,-0.511297772101241,-0.162026652787602,-0.286186763007996,-0.285517310641691,-0.643428262563068,-0.592117814006094,1.23541673573294,236.0000000001,291.558349609475,1.23541673573294,236.0000000001,291.558349609475,3.70514409833741,1.85872144607406,1e-10,-0.744269313343762,-0.485318235659927,-0.554811822411977,-0.565468442482115,-0.0330186018330551,-0.145374652181791,-0.0947347101050445,-0.0897347384294191,-0.0718073578617481,0.135012076396835,0.853619029910158,-0.698604943056382,0.142987743687517,0.142987743687517,1.11386960578981,-0.338791567446668,-0.844982461911011,-0.661023771932739,-0.305524145559744,-1.17286170522574,0.0856472768777745,0.266815970224884,-0.114354319719039,41687.0000000001,0.0284620101397875,0.0330129118786408,0.854732350803688,0.584133655563768,6238.94214649234,0.00048828125,20,1,"SNETWORK (1 56 6238.94214649234 0.854732350803688 1000110 20)",1
318,1000111,0.27075818793579,38,0.831613660734676,0.506174412237335,0.449959143780463,0.448153051499128,0.45024912066774,0.968793741277608,0.966357479284523,0.596985692653717,0.651374305326503,-0.0383791207305906,0.805283480426128,-0.262426761619917,-0.0383791207305906,-0.0383791207305906,0.0296706993029884,-0.869150733061141,-0.968207977304324,-0.0430468319376274,-0.96314381248537,-0.899030565225809,0.85530679981631,-0.544442745523596,-0.64199081528918,0.27075818793579,8,0.384096951423546,1.07992299960108,1.10087964574616,-0.284058937809845,1.5195930568168,0.262592707019703,-0.546807729610952,0.651737185719146,0.321356935418147,0.141923838601181,17882.0000000001,4.91338460569614,0.118233055936632,12693.0000000001,2.90544404617477,7.81882865177091,0.014181391119974,-0.397171864234863,-1.51891646480202,-0.390039320463173,-0.560680070321339,-0.287071429352857,-0.787542008963896,-0.141791968472898,-0.918985112311354,0.278533012886197,0.49860616570422,0.0191872337647727,352.0000000001,6.7539062501,0.0191872337647727,352.0000000001,6.7539062501,0.192805947806958,0.350428736992505,1e-10,0.0191314507749428,0.0805484546455643,-0.115799145495823,-0.152908956482802,0.99023719019985,0.867841683603145,0.905265289894956,0.910265261570581,0.928192642138252,-0.702690908835953,1.00384880829623,0.342740432935803,-0.650521093299844,-0.650521093299844,-0.287875755597857,0.10465532972426,-0.0868968249688458,-0.0590757186384115,0.649442755256195,-0.491836431124155,2.15908452394522,2.15287932605864,1.42877461940017,17882.0000000001,0.00891164539186943,0.0052697456281046,0.521788361449755,8.75338437606553,18128.2776946163,5.82076609134674e-11,102,1,"SNETWORK (1 318 18128.2776946163 0.521788361449755 1000111 102)",1
137,1000112,0.796278752403789,47,-0.182434882136088,-0.493825587762665,-0.550040856219537,-0.551846948500872,-0.54975087933226,-0.023320848451441,-0.05288184718947,-0.731124452968058,-0.433783977085544,-1.17169236611569,-0.0802985710720913,0.687759963894336,-1.17169236611569,-1.17169236611569,-4.85597818295021,0.20470878876877,0.0548053863900469,-0.734710928156145,0.168869124901775,0,0,0.455557254476404,0.364580677662562,0.796278752403789,1,-0.847433840921632,-2.38067490472483,-2.15533467177613,-1.38491846047333,-1.08562343220452,0.832666985492025,0.365376648451904,-0.433588103527734,-0.581428378414312,0.0763869236912959,87.0000000001,0.0122878420511361,0.0942613871433088,932.0000000001,0.162437794116515,0.174725636067651,0.00368425590048288,0.783468664144193,-0.232172347352385,-0.412767479247899,1.95411589706781,5.14587480261461,1.99569348153214,27.2455375011349,0.904670778186557,4.06492093306766,1.58569797196203,0.488351004564286,7.0000000001,3.41845703135,0.488351004564286,7.0000000001,3.41845703135,0.238456269417517,0.501756832114401,1e-10,0.812337140160058,0.455825122897539,0.45623368211589,0.465768866303589,-0.0097628098001502,-1.25205827329644e-15,-0.0872962564075393,-0.0827101777577055,-0.0666965881430047,-0.040824194162823,-0.192002871635611,1.42839815669147,-0.0420102547722254,-0.0420102547722254,-0.135400089598083,-0.726031465782863,0.675801520480706,0.790832234001746,0.75818805764389,0.651628829088033,-0.490979066489857,-0.652038250299192,1.34858321964992,932.0000000001,0.000259100805289224,0.00342515499519365,0.710003129539099,0.622283492096858,5442.27528356814,0.001953125,64,1,"SNETWORK (1 137 5442.27528356814 0.710003129539099 1000112 64)",1
137,1000113,0.114128362497848,26,-0.185712976940586,-0.500464661936247,-0.612877153222713,-0.614349237474709,-0.609405455638136,-0.00178570374286237,-0.0291343323109605,-0.27072312225397,-0.389498884737411,-0.0640312890883828,0.0164397128837414,0.180548245804212,-0.0640312890883828,-0.0640312890883828,0.15502792063245,0.111805513327493,0.0263993177824914,-0.754155002471182,0.0809130576487652,0.100969434774191,-0.14469320018369,0.808445717563054,0.35800918471082,0.114128362497848,1,-1.57961416683729,-1.41244221926238,-1.34595837568795,0.548771777571848,-0.841293031938696,0.116423685596853,1.46361729777669,-0.389557645170828,-0.633380681716098,0.213162799343918,191.0000000001,0.0752804362370504,0.084970880996121,278.0000000001,0.0436769458231913,0.118957381960242,0.00125634814190743,2.26446232084792,-1.32125420134097,1.27084269955879,1.87821459890586,0.756317221895197,1.79255586361785,2.08829331401854,0.88647036191384,-5.64619785725155,-2.4719669453464,0.357001410690278,18.0000000001,6.426025390725,0.357001410690278,18.0000000001,6.426025390725,0.19729345929305,0.263174410904719,1e-10,0.117195694911649,0.0245960197350606,0.0586721877017247,0.0267647947017109,-0.0097628098001503,-0.0380988915801952,-0.0857105789268016,-0.0847096440001412,-0.0763832018767848,-0.347551167571075,0.0950872552017132,-0.384627567981038,-0.340374234236119,-0.340374234236119,0.139340213192914,0.787709728318876,-0.636022118409981,-0.603998752453173,-0.502255577819325,-0.737736123997365,1.06478892571805,0.873814498286866,0.578018385271579,278.0000000001,0.000795061450207747,0.000461286591699681,0.421838620885814,0.512094934627856,4941.74460931885,0.001953125,57,1,"SNETWORK (1 137 4941.74460931885 0.421838620885814 1000113 57)",1
318,1000114,0.298923149793433,40,0.831613660734676,0.506174412237335,0.449959143780463,0.448153051499128,0.45024912066774,0.967278830878069,0.963841703966317,0.554749536952817,0.648293876812681,-0.0529845593521517,0.785544731636741,-0.271645615000888,-0.0529845593521517,-0.0529845593521517,-0.00740899306999591,-0.868647387999065,-0.967630707784127,-0.0555783310563297,-0.961076445385574,-0.899030565225809,0.85530679981631,-0.544442745523596,-0.64199081528918,0.298923149793433,8,-0.190275444633252,1.48442208147693,1.52181885232579,2.46624345843388,2.45943422629966,0.303337884764546,-0.347246021691357,0.648398120657363,-0.0431891992505708,0.27364984638126,19074.0000000001,10.1052324590176,0.109705441863027,10675.0000000001,2.26728114236921,12.3725136012868,0.0168761745753284,-0.233154942639112,-1.00173923945911,0.180350526721152,-0.462356225440483,-1.60527188884157,-0.791537627569605,-0.563006385952556,-0.935126056023758,-0.767659474281156,-1.36540512391691,0.51019575565293,529.0000000001,269.8935546876,0.51019575565293,529.0000000001,269.8935546876,3.97911619757724,1.31199604443259,1e-10,1.96130610252379,0.962551117495807,2.49271510465197,0.86521800252002,0.99023719019985,0.911894231670875,0.905265289894956,0.91026526157058,0.928192642138252,-0.703790432251013,0.946761661175151,0.0247418430618378,-0.651426602751009,-0.651426602751009,0.179556644361875,0.153518044166135,-0.717305889985035,-0.588767043600424,0.129971179328315,-1.20589934160845,1.84994394550861,1.38984806058972,1.45864197956095,19074.0000000001,0.0137835909167306,0.00309258355859771,0.575731226040681,9.15524714491133,18192.2051965057,5.82076609134674e-11,105,1,"SNETWORK (1 318 18192.2051965057 0.575731226040681 1000114 105)",1
56,1000115,-0.961481558273197,13,-0.016376969797183,-0.0406255841243769,-0.0539298651555209,-0.0526282971591558,-0.0497659234028937,-0.341238753383445,-0.0577441877052353,-0.486807804644678,-0.00419610073460027,5.36196764338164,-1.48637748397399,3.07069464438312,5.36196764338164,5.36196764338164,-0.0358308131401877,0.180509019529002,0.442694379967214,0.151022981995236,0.0338852681864095,0.591774111491733,-0.392108070777454,0.335861736600535,0.0625654665075635,-0.961481558273197,2,-0.47769370335499,-0.341187910978452,-0.337635805448157,0.00868866929004337,-0.285048276325249,-1.03238650184951,0.537544877022758,-0.00421455762878197,-0.36859494243093,0.245747873292087,20476.0000000001,8.05109352246308,0.14134998641979,22821.0000000001,5.16119686058192,13.212290382945,0.0653175401542817,0.63637061235346,-0.109825469434111,0.45948320971972,0.173604282135684,-0.825474287893855,0.433823532306514,-0.987962873082537,0.448493732555766,-0.70949782758537,-0.662408393491578,0.358433024188542,120.0000000001,43.011962890725,0.358433024188542,120.0000000001,43.011962890725,0.303436638643146,0.265774782969667,1e-10,-0.121042940265041,0.172212471345861,-0.140263067020261,0.301449531921984,-0.0330186018330551,-0.145374652181791,-0.111144914527927,-0.0911916609476247,-0.0638273860904481,0.257871123497384,-0.172066473916924,0.072670868367213,0.2786926121195,0.2786926121195,-0.193223247177735,-0.125222823283372,-0.768676142754226,-0.694435109944266,-1.23200320273099,-0.554268505439497,-0.624462311988658,-0.307799974567612,0.0875571628883684,22821.0000000001,0.0398021545386653,0.0255153855156164,0.587946586650499,2.37275404193474,6025.53790050025,0.00048828125,18,1,"SNETWORK (1 56 6025.53790050025 0.587946586650499 1000115 18)",1
137,1000116,0.41647106866228,35,-0.182434882136088,-0.493825587762665,-0.550040856219537,-0.551846948500872,-0.54975087933226,-0.0448154001786628,-0.0683868247506967,-0.697666826987253,-0.411185429179883,-0.523872463342156,-0.0612085431167469,0.530832378689259,-0.523872463342156,-0.523872463342156,-1.15280488563973,0.178177061269826,0.085466494540216,-0.698865132445035,0.138541733829749,0,0,0.455557254476404,0.364580677662562,0.41647106866228,1,-0.502138556661678,-0.201102947208058,-0.199765041778918,0.23405665654228,-0.176221969787678,0.42565887448037,-0.228279772227378,-0.408939923051054,-0.178948768882159,0.108113908664916,12031.0000000001,2.40503078433245,0.204256563052081,27415.0000000001,10.3538439337118,12.7588747179443,0.0571307098418353,0.497303199779663,-0.728142257713558,-0.279287806609713,-0.300587536743422,0.0179772964748278,-0.145199538295106,0.0419842478972188,-1.07187160445967,-1.10286525223437,-0.443100732969569,0.472320986565669,142.0000000001,67.069580078225,0.472320986565669,142.0000000001,67.069580078225,1.20318436230867,1.24320059676441,1e-10,0.216046681300509,0.41498395537834,2.06683320328761,0.522391207006071,-0.0097628098001503,-1.87808740994466e-15,-0.0947347101050449,-0.0897347384294188,-0.0718073578617485,-0.0388826067298772,-0.320495313863527,0.777050752044123,-0.0400249055054188,-0.0400249055054188,-0.577173687389795,0.605782544067823,0.78500717701696,0.714546505515168,0.348713011263572,1.0439804447133,-0.519559664096937,-0.458078767392462,-0.0236936353257362,27415.0000000001,0.0107690622169051,0.0463616475249302,0.551002965361138,0.0314559641992673,5166.09811048852,0.001953125,43,1,"SNETWORK (1 137 5166.09811048852 0.551002965361138 1000116 43)",1
56,1000117,-0.726287505807994,20,-0.016376969797183,-0.0406255841243769,-0.0539298651555209,-0.0526282971591558,-0.0497659234028937,-0.300023268174348,-0.0475801631127907,-0.453733046110009,-0.0111585245861616,5.27297573678525,-1.4892789133261,3.09029777540638,5.27297573678525,5.27297573678525,-0.0961123722510145,0.203022717894137,0.473574649437782,0.222933506083699,0.0467441619691705,0.591774111491733,-0.392108070777454,0.335861736600535,0.0625654665075635,-0.726287505807994,2,0.161091701993133,0.117665160473065,0.117800304510203,-0.396575023798107,0.115276279067553,-0.768052613842981,0.559970041157965,-0.0103195695369231,-0.165757309414075,0.511102977662275,31274.0000000001,25.5747752325306,0.191966306847113,34701.0000000001,10.6582764967815,36.2330517292121,0.129537259825788,0.490397434934317,0.271423932745899,0.562325393406144,0.84709588718474,0.347003742811025,0.149819158195779,0.319207161476746,0.124797719817655,0.955150681368859,0.895654722924057,1.83061375483485,165.0000000001,302.05126953135,1.83061375483485,165.0000000001,302.05126953135,3.84875449011754,2.93983286580429,1e-10,1.03586619704051,0.530037660748156,0.498544852520099,0.906165717320449,-0.0330186018330551,-0.145374652181791,-0.00914078885271868,0.00735484786820135,0.0321704840808103,0.58926065917475,-0.504653972794962,0.996630952021146,0.673049474533103,0.673049474533103,-0.971408085330994,0.508037090703387,-1.9673170726719,-1.89841326819175,-2.42257533441303,-1.80284871585563,-1.31778900205511,-1.09644437866201,0.744178007186766,34701.0000000001,0.0914327152589856,0.0381045444668021,0.797231917242205,0.625526998714607,6192.94705111176,0.00048828125,24,1,"SNETWORK (1 56 6192.94705111176 0.797231917242205 1000117 24)",1
137,1000118,-0.632432001205662,13,-0.185712976940586,-0.500464661936247,-0.612877153222713,-0.614349237474709,-0.609405455638136,0.00426919108187378,0.00270402009631549,0.0102036457947686,-0.36847168307896,0.532688282948878,-0.11840410253894,-0.00508803122014418,0.532688282948878,0.532688282948878,0.49660032965412,0.0161619533022449,-0.0955469691022896,-0.934932679641967,0.0105858221730956,0.100969434774191,-0.14469320018369,0.808445717563054,0.35800918471082,-0.632432001205662,1,-0.906970201392228,-0.476896742476044,-0.47009722192451,0.5892869423523,-0.380726926645552,-0.666486433807373,1.7260965220627,-0.368246235316406,-0.456560613715532,0.315803878903922,1376.0000000001,0.803476609598199,0.228372704981851,4109.0000000001,1.73507272006963,2.53854932956783,0.0138136563347729,0.497917265029685,-0.90035808664856,1.3695639907926,2.18850107350445,1.24010280697725,1.09558804303902,1.71412675779751,0.371980271426358,0.139234442891077,0.0764713507734159,0.445556640725,41.0000000001,18.267822265725,0.445556640725,41.0000000001,18.267822265725,0.0352217860827918,0.424025469285077,1e-10,-0.556097244997327,-0.690542948973381,-0.35347851431528,-0.381527839968344,-0.0097628098001502,-0.0440532202613972,-0.0700125630124127,-0.0759681020877419,-0.0843430631463477,0.206870570970256,-0.240198313413534,-0.109987473194723,0.221698537016349,0.221698537016349,0.50619492426271,0.253558645179582,-0.885678015223676,-0.834852701287196,-0.976084216662853,-0.876310080566956,-0.165752530022987,1.02706884387207,-0.114354319719039,4109.0000000001,0.0043721623005119,0.00944149393426104,0.260107320891565,0.764271194478995,4660.82355831345,0.001953125,36,1,"SNETWORK (1 137 4660.82355831345 0.260107320891565 1000118 36)",1
318,1000119,0.249876225871808,37,0.831613660734676,0.506174412237335,0.449959143780463,0.448153051499128,0.45024912066774,0.967702017867424,0.965771388149517,0.601249127718573,0.653092463485862,-0.030556908917154,0.808772837264822,-0.256633148957822,-0.030556908917154,-0.030556908917154,0.034907990862023,-0.865926897570552,-0.963928240316807,-0.0364533434729773,-0.960836505127779,-0.899030565225809,0.85530679981631,-0.544442745523596,-0.64199081528918,0.249876225871808,8,0.335610388736069,0.4875129745294,0.49191125856397,-0.22492757116283,0.546475204659441,0.246258727979438,-0.51994046815222,0.653592403962956,1.55617354697479,0.165830492453191,7497.0000000001,2.40691760000939,0.159637137299202,10789.0000000001,3.33445181215578,5.74136941206517,0.0158113502962849,-1.55868493586805,-0.841557307152666,-0.498246428743566,-0.614985346173135,-0.113732294574987,-0.623825342340211,-0.0781038775332628,-0.453038072048989,0.0683559406250251,0.123888253011016,0.0250810896647321,224.0000000001,5.6181640626,0.0250810896647321,224.0000000001,5.6181640626,0.208350179700702,0.339723181159404,1e-10,0.468346609506598,0.649501981901139,0.137587077345259,0.95340046443336,0.99023719019985,0.889186583214532,0.905265289894956,0.91026526157058,0.928192642138252,-0.49199805609563,0.538939653737477,0.258442756739571,-0.470870932679326,-0.470870932679326,-0.207322312969626,-0.434350460327041,0.390195696257656,0.360579843771393,0.792040936711081,0.183325929850746,1.19805540994001,1.47174998498644,0.923474422204606,10789.0000000001,0.0066284912770911,0.00918285891919377,0.504996907848565,4.16493524922327,18108.3782011437,5.82076609134674e-11,99,1,"SNETWORK (1 318 18108.3782011437 0.504996907848565 1000119 99)",1
56,1000120,-0.925890052020151,14,-0.016376969797183,-0.0406255841243769,-0.0539298651555209,-0.0526282971591558,-0.0497659234028937,-0.339637297908858,-0.0570036126498946,-0.485996871656455,-0.00489427658020658,5.35136491742324,-1.48380405765664,3.07204021920063,5.35136491742324,5.35136491742324,-0.042866886878361,0.182576696230206,0.44563163557543,0.158379631245156,0.034971195482287,0.591774111491733,-0.392108070777454,0.335861736600535,0.0625654665075635,-0.925890052020151,2,-0.295878717010175,-0.117133604138581,-0.116606570714247,0,-0.105659701025616,-0.995664891112519,0.498011911214942,-0.00458855127121783,-0.38304524243977,0.357327843362675,39413.0000000001,22.5333796584999,0.200595278834843,26531.0000000001,8.51518934427543,31.0485690026753,0.131019648555691,0.0979827587855584,0.694818121354617,0.457958787127471,0.579663861366834,0.0420464235508355,0.263953459651305,0.062810446082152,0.264154248317661,0.161897611834121,0.155568138264494,0.678669757253614,166.0000000001,112.6591796876,0.678669757253614,166.0000000001,112.6591796876,1.25665692099216,0.847450392931815,1e-10,0.220170892993787,0.173020320323474,0.017771655470359,0.0324192187939311,-0.0330186018330552,-0.145374652181791,-0.105406778994435,-0.0906822935273768,-0.06661777394986,-0.532736566107118,0.575449393223912,-0.862449744705925,-0.50657688071604,-0.50657688071604,0.452396862671777,-0.238468875760725,-0.243579011990855,-0.129693557098076,-0.286494760275279,-0.235328647315764,0.382688409278672,0.152814240541766,1.57242609460221,39413.0000000001,0.0950870064613053,0.0359326419943853,0.623514409766052,0.347862578433336,6053.98891061186,0.00048828125,23,1,"SNETWORK (1 56 6053.98891061186 0.623514409766052 1000120 23)",1
318,1000121,0.45721129313045,48,0.810229799286478,0.535514907654324,0.449959143780463,0.448153051499128,0.45024912066774,0.974036837086745,0.962505883843104,0.570999055770652,0.629917973759665,-0.184173051418107,0.74522503556251,-0.292305543566985,-0.184173051418107,-0.184173051418107,-0.360120897872974,-0.846446115641844,-0.940860285629194,-0.0333920934456565,-0.942264362118435,-0.899030565225809,0.85530679981631,-0.544442745523596,-0.64199081528918,0.45721129313045,8,-0.0153651355463475,0.549719320085639,0.555344884628746,0.423553703457628,0.630671263292233,0.475017055603788,-0.208048491187185,0.630098654343997,0.224352639926868,0.117093260509685,9325.0000000001,2.11392736602064,0.133742292019903,12186.0000000001,3.15528982340898,5.26921718932962,0.0138881891792048,0.423668377076996,-0.245405035821506,-0.180692851466428,0.166339053239609,0.776150387846648,-0.462209009532644,0.507601532418273,-0.126190753672356,0.517173387610636,0.909857958125438,0.0536159940236111,180.0000000001,9.65087890635,0.0536159940236111,180.0000000001,9.65087890635,0.153156795689341,0.28789259402064,1e-10,-0.166488907945603,0.0679998655562092,-0.180031457943398,0.251759848382293,0.99023719019985,0.955946779738603,0.905265289894956,0.910265261570581,0.928192642138252,0.0490425657981983,-0.14509767163835,-0.0088699038210776,0.0512128149487924,0.0512128149487924,-1.07498497870017,-0.477070196676703,0.290584308632873,0.319315093766489,0.374224935858921,0.251082625237272,0.0442545043238631,-0.262092314821764,-0.0310625135085196,12186.0000000001,0.00557172382600224,0.00831646525320255,0.738817427388347,2.4830122794956,18385.4780885527,5.82076609134674e-11,117,1,"SNETWORK (1 318 18385.4780885527 0.738817427388347 1000121 117)",1
137,1000122,0.34908443312332,33,-0.182434882136088,-0.493825587762665,-0.550040856219537,-0.551846948500872,-0.54975087933226,-0.0434334193456468,-0.0664790578198302,-0.638336348525601,-0.4080483076732,-0.462178328877631,-0.0552022450789286,0.480946648040076,-0.462178328877631,-0.462178328877631,-0.942546654913683,0.172535723133427,0.0843025900562248,-0.699659626883947,0.133151695309418,0,0,0.455557254476404,0.364580677662562,0.34908443312332,1,-0.31559799928575,-0.0262520174081365,-0.0261929647719139,0.150081024160828,-0.0244430339844627,0.356660742637504,0.0419419302025739,-0.40715534076688,-0.121200121598984,0.130652180768501,9698.0000000001,2.34280524205671,0.0742542272544684,10793.0000000001,1.48183791918852,3.82464316114523,0.0151359560792063,1.34337345705069,-1.68547922363004,-0.252529230437194,-0.219920225203228,0.127345394471293,-0.0528244576478095,0.140736833448145,-0.939807675650973,-0.146331066459636,-0.0542673341473157,0.470238095338095,147.0000000001,69.1250000001,0.470238095338095,147.0000000001,69.1250000001,1.23131567965893,1.2394172486966,1e-10,-0.438595311201968,0.141004853105386,-0.286556610204933,0.189381553873228,-0.0097628098001502,-6.2602913664822e-16,-0.0947347101050445,-0.0897347384294188,-0.0718073578617485,-0.224208861645272,0.00627607879791088,0,-0.223971480818599,-0.223971480818599,-1.14525556521847,0.385063383381256,0.765325322572923,0.690469474340704,0.326102734549936,1.02512418143964,0.194768547378821,0.232562120607838,-0.114354319719039,10793.0000000001,0.00927160927620225,0.00586434670300401,0.522580708429372,0.721538640651326,5116.72974277305,0.001953125,65,1,"SNETWORK (1 137 5116.72974277305 0.522580708429372 1000122 65)",1
318,1000123,0.642576481343485,60,0.810229799286478,0.535514907654324,0.449959143780463,0.448153051499128,0.45024912066774,0.97885749522437,0.966726611064162,0.661183746310874,0.096493603932593,-0.299563704484349,0.721344908391859,-0.344113952122006,-0.299563704484349,-0.299563704484349,-0.929510490216027,-0.827906230687142,-0.919828864046442,0.00462381888221144,-0.929006977568264,-0.899030565225809,0.85530679981631,-0.544442745523596,-0.64199081528918,0.642576481343485,8,0.197484097850399,1.56938975879419,1.61065475550807,-0.136994481675956,2.6931846293424,0.681317922338046,-0.440462095487663,0.613502153823159,0.686652081556122,0.114627155444625,23074.0000000001,5.12058671004884,0.201702099214327,21502.0000000001,8.39650589152965,13.5170926014785,0.0173663733889551,1.16566539265255,0.0858885388958538,-0.407062286160128,-0.30679430737361,0.31052294032121,-0.840134146266522,0.080359484013386,-1.14089327447676,0.0150424076368476,0.194043821019515,0.0253572979670635,315.0000000001,7.987548828225,0.0253572979670635,315.0000000001,7.987548828225,0.394563528627274,0.43133909134587,1e-10,2.29618038016471,1.06995450352327,1.98585985361188,0.573577803001114,0.99023719019985,0.955946779738603,1.05621390713484,1.05979715714868,1.0901105810241,-1.26003377341192,0.74288618578598,0.410396936485295,-1.07028357166631,-1.07028357166631,-0.0223734280674529,-1.36158877659849,-1.16753582441151,-0.993067660195049,-0.367386092904811,-1.64790783468969,2.21934073838625,1.67040647527712,2.3073132045357,23074.0000000001,0.00657878309233194,0.0107875901966231,0.987528569779107,3.25886416567937,18680.2248014993,5.82076609134674e-11,123,1,"SNETWORK (1 318 18680.2248014993 0.987528569779107 1000123 123)",1
318,1000124,0.595225650216131,57,0.810229799286478,0.535514907654324,0.449959143780463,0.448153051499128,0.45024912066774,0.976799720198925,0.964526054136992,0.628721685275849,0.615091281453346,-0.283382344633644,0.720499659648896,-0.330052709427347,-0.283382344633644,-0.283382344633644,-0.841573982423357,-0.829251057527953,-0.922138993786465,-0.00803036741098114,-0.928722221672853,-0.899030565225809,0.85530679981631,-0.544442745523596,-0.64199081528918,0.595225650216131,8,-0.0034211576780179,-0.295608130134324,-0.292898889164717,-0.610985143829694,-0.25080913702959,0.61272730202575,-0.236293412527279,0.615181847443372,0.128551038873585,0.179496355121543,17059.0000000001,5.92814099964546,0.107932162222662,5145.0000000001,1.07509187020028,7.00323286974574,0.0335242342343265,0.379356755645694,0.657694035105768,-0.00300368990214381,-0.0243832441382999,-0.0875551201054811,-0.102736291675236,-0.0784276982493751,0.437302837247063,0.295478232262186,0.51701745980739,0.293539557758451,71.0000000001,20.84130859385,0.293539557758451,71.0000000001,20.84130859385,1e-10,0.14790277526151,1e-10,0.287845912233287,0.105072402146917,-0.186084781982789,0.132439004071602,0.99023719019985,0.955946779738603,0.905265289894955,0.910265261570581,0.928192642138252,-0.158386602062042,0.734064407088819,0.152083528201781,-0.159908988444951,-0.159908988444951,0.499071089009618,-0.553440793773387,-0.368798395127908,-0.265410250919336,0.0756230267816093,-0.627443177339404,0.867437077510565,0.353139974377552,0.00120536633559908,17059.0000000001,0.028377806443,0.00514642769132649,0.917491694261861,2.39410357799821,18597.2243430344,5.82076609134674e-11,118,1,"SNETWORK (1 318 18597.2243430344 0.917491694261861 1000124 118)",1
137,1000125,-0.20744932030005,21,-0.185712976940586,-0.500464661936247,-0.612877153222713,-0.614349237474709,-0.609405455638136,-0.0406562198801694,-0.0374941161568962,-0.236682879785151,-0.386394697599412,0.103309228616353,-0.0647759782411133,0.246519331906837,0.103309228616353,0.103309228616353,0.271879148260269,0.091932566762016,0,-0.800512948785796,0.0674048442630897,0.100969434774191,-0.14469320018369,0.808445717563054,0.35800918471082,-0.20744932030005,1,-0.66150148596325,-0.478576661084281,-0.471729770980266,0.135900887924232,-0.381855021500908,-0.206584415962533,1.60023851861117,-0.386132866403964,-0.296212734259507,0.241659517335594,5020.0000000001,2.24308104415733,0.0979688964757228,13542.0000000001,2.45306112333366,4.696142167391,0.0255846952857125,0.355427393240286,0.145051485879639,1.8344771849029,1.71127543979139,-0.9968418369901,1.04606495718038,-1.31754636788393,0.277148870535373,0.306207635457164,0.139385063651877,0.425275390725,125.0000000001,53.159423828225,0.425275390725,125.0000000001,53.159423828225,1.01280427710276,1.15774732788194,1e-10,0.372573058488757,0.0623097540025434,0.158440111827033,0.116550905436786,-0.0097628098001502,-0.0232715575287149,-0.0816749844788954,-0.0824624150872303,-0.0784295156174614,0.625421283542886,-0.739987440615685,0.724159098630241,0.718717851749432,0.718717851749432,0.144075301543621,0.678284904484637,-0.682826165700869,-0.659551718739335,-0.850942611002434,-0.623942474217727,-0.129727854830498,0.37143175730971,0.34347333564099,13542.0000000001,0.0122203593385167,0.0133643358471958,0.359788112536877,2.14185690094102,4833.96526158949,0.001953125,47,1,"SNETWORK (1 137 4833.96526158949 0.359788112536877 1000125 47)",1
56,1000126,-0.684580244022823,21,-0.016376969797183,-0.0406255841243769,0,0,0,-0.259271386779625,-0.0370955815555329,-0.393797689275865,-0.0146169610032497,5.19772445409412,-1.45581094236902,3.04712402806389,5.19772445409412,5.19772445409412,-0.206470237932299,0.22530215825079,0.507169642709341,0.290113993126903,0.0599722159201152,0.658991673339333,-0.406278099940185,0.190739766812213,0.0312046492625428,-0.684580244022823,2,-0.0631838334805734,0.632304121909783,0.639762386833317,0.634366775969505,0.748296080709436,-0.709804597586215,0.610205926212129,-0.0145823103957122,0.669820580412359,0.365771921507122,26279.0000000001,15.3793925163394,0.250624854525903,35619.0000000001,14.2832107037619,29.6626032200013,0.0737592087994303,-1.40130454941771,0.547602771034322,0.668909954773983,0.603846134866296,-0.459769490586728,-0.115998774219075,-0.288157712003357,-0.220188508746117,0.57229710082486,0.538931117290948,1.48769743556196,230.0000000001,342.17041015635,1.48769743556196,230.0000000001,342.17041015635,4.39784145027125,2.31696222485723,1e-10,-0.133641276504648,-0.198170199807635,2.30216008256768,-0.422478158094782,-0.0330186018330551,-0.14537465218179,-0.0947347101050445,-0.0897347384294188,-0.0718073578617478,-0.309768199365323,0.870619021611055,-0.671935109946397,-0.305213372408174,-0.305213372408174,1.28358925271868,-0.00651604220728729,-0.801449720690085,-0.630611752849702,-0.335877591018077,-1.08793136020133,0.127017098405905,-0.0607670051108628,0.493168696349468,35619.0000000001,0.0382424905146115,0.0355167181848188,0.827253568533137,1.08440137747675,6216.9616302911,0.00048828125,16,1,"SNETWORK (1 56 6216.9616302911 0.827253568533137 1000126 16)",1
319,1000127,-0.163705991663851,11,0.833299531937875,0.487253775027049,0.449959143780463,0.448153051499128,0.45024912066774,0.888331704566412,0.879213214447275,0.524244065120953,0.766995404098969,-0.0688060608018872,0.766035636171516,-0.0975903569425811,-0.0688060608018872,-0.0688060608018872,0.266269418070864,-0.693671106217811,-0.684285990772614,0.398551933172405,-0.847938355594602,-0.901078823296691,0.862021227679927,-0.569078322997003,-0.663467360499932,-0.163705991663851,8,0.385587728781793,0.747566160452795,0.757949300443667,0.0156515962888022,0.924316095222672,-0.197972641999203,-0.542878211313205,0.767177649274597,0.443879095611153,0.279763188122828,24805.0000000001,13.4350448712566,0.157103250960757,12489.0000000001,3.79858771163808,17.2336325827947,0.0395084117031777,-0.546749793756091,0.131998833463365,-0.376457121481528,-0.418501761468462,0.0105924705881371,-0.708894491706757,0,-0.594315992562102,0.411509238983103,0.795996137975093,0.281062885022445,137.0000000001,38.505615234475,0.281062885022445,137.0000000001,38.505615234475,0.241760922328719,0.125240240097127,1e-10,-0.414099341041126,-0.450240252066541,-0.277798281390602,-0.719869104768252,0.92168777453921,0.945752261332485,1.17694786707726,1.18358274252666,1.21802546211881,-1.08943163421696,0.0936726211372872,-0.095558702422445,-0.949800485306503,-0.949800485306503,-0.600274558681488,-1.33629689021781,0.95925661748196,1.00742130925994,1.16028964942252,0.882049350840791,0.0282163772984947,0.00634231732505296,-0.114354319719039,24805.0000000001,0.0308000811860073,0.0087083304171704,0.911352631154087,0.130321838892996,17460.6482539537,1.16415321826935e-10,133,1,"SNETWORK (1 319 17460.6482539537 0.911352631154087 1000127 133)",1
140,1000128,-0.364075368248473,35,0,0,0,0,0,-0.112957150323187,-0.0103813151594406,-0.55846004796584,-0.0566290903543754,5.13046620241055,-1.61849646955024,3.28084170823967,5.13046620241055,5.13046620241055,-3.35331504613943,0.34640790130542,0.68116498098445,0.605155090802831,0.138181418518699,0.674158771142803,-0.376868202347026,0,0,-0.364075368248473,2,0.253466064401414,0.719669325189546,0.729306741741278,0.193330464305886,0.8803960426775,-0.413678321385117,-0.639025564166684,-0.0562978431612919,1.01402661660463,0.43670691038566,18021.0000000001,12.591832368502,0.0585166791633947,80806.0000000001,7.5655980295283,20.1574303979303,0.0471291430319457,-0.182314558166299,-0.919581714382842,-0.66501726510987,-0.553239754101731,0.48364529438091,-0.757156473612021,0.276031079065045,-1.54660464708383,-0.0138610225758765,-0.0115618261145381,0.0171894095797486,358.0000000001,6.15380859385,0.0171894095797486,358.0000000001,6.15380859385,0.201019129663111,0.354057569919628,1e-10,-0.134603294311001,0.0431295440309472,-0.471562104055709,-0.0296414699419979,-0.00976280980015009,-6.2602913664822e-16,-0.0947347101050445,-0.0897347384294191,-0.0718073578617481,-0.277163929933228,0.819167048406704,-0.969983679788032,-0.274521485605361,-0.274521485605361,-0.180246283748592,-0.351636655376976,0.028009564543279,0.0431019749646332,-0.286362742859283,0.192604827269017,0.570908155913996,-0.0889537556463982,-0.114354319719039,80806.0000000001,0.0294403728924395,0.0176887700395063,0.182139772990006,5.40482225682197,6537.76429833474,0.000244140625,82,1,"SNETWORK (1 140 6537.76429833474 0.182139772990006 1000128 82)",1
137,1000129,-0.632432001205662,13,-0.185712976940586,-0.500464661936247,-0.612877153222713,-0.614349237474709,-0.609405455638136,0.00426919108187378,0.00270402009631549,0.0102036457947686,-0.36847168307896,0.532688282948878,-0.11840410253894,-0.00508803122014418,0.532688282948878,0.532688282948878,0.49660032965412,0.0161619533022449,-0.0955469691022896,-0.934932679641967,0.0105858221730956,0.100969434774191,-0.14469320018369,0.808445717563054,0.35800918471082,-0.632432001205662,1,-0.906970201392228,-0.476896742476044,-0.47009722192451,0.5892869423523,-0.380726926645552,-0.666486433807373,1.7260965220627,-0.368246235316406,-0.456560613715532,0.315803878903922,1376.0000000001,0.803476609598199,0.228372704981851,4109.0000000001,1.73507272006963,2.53854932956783,0.0138136563347729,0.497917265029685,-0.90035808664856,1.3695639907926,2.18850107350445,1.24010280697725,1.09558804303902,1.71412675779751,0.371980271426358,0.139234442891077,0.0764713507734159,0.445556640725,41.0000000001,18.267822265725,0.445556640725,41.0000000001,18.267822265725,0.0352217860827918,0.424025469285077,1e-10,-0.556097244997327,-0.690542948973381,-0.35347851431528,-0.381527839968344,-0.0097628098001502,-0.0440532202613972,-0.0700125630124127,-0.0759681020877419,-0.0843430631463477,0.206870570970256,-0.240198313413534,-0.109987473194723,0.221698537016349,0.221698537016349,0.50619492426271,0.253558645179582,-0.885678015223676,-0.834852701287196,-0.976084216662853,-0.876310080566956,-0.165752530022987,1.02706884387207,-0.114354319719039,4109.0000000001,0.0043721623005119,0.00944149393426104,0.260107320891565,0.764271194478995,4660.82355831345,0.001953125,36,1,"SNETWORK (1 137 4660.82355831345 0.260107320891565 1000129 36)",1
56,1000130,-0.961481558273197,13,-0.016376969797183,-0.0406255841243769,-0.0539298651555209,-0.0526282971591558,-0.0497659234028937,-0.341238753383445,-0.0577441877052353,-0.486807804644678,-0.00419610073460027,5.36196764338164,-1.48637748397399,3.07069464438312,5.36196764338164,5.36196764338164,-0.0358308131401877,0.180509019529002,0.442694379967214,0.151022981995236,0.0338852681864095,0.591774111491733,-0.392108070777454,0.335861736600535,0.0625654665075635,-0.961481558273197,2,-0.47769370335499,-0.341187910978452,-0.337635805448157,0.00868866929004337,-0.285048276325249,-1.03238650184951,0.537544877022758,-0.00421455762878197,-0.36859494243093,0.245747873292087,20476.0000000001,8.05109352246308,0.14134998641979,22821.0000000001,5.16119686058192,13.212290382945,0.0653175401542817,0.63637061235346,-0.109825469434111,0.45948320971972,0.173604282135684,-0.825474287893855,0.433823532306514,-0.987962873082537,0.448493732555766,-0.70949782758537,-0.662408393491578,0.358433024188542,120.0000000001,43.011962890725,0.358433024188542,120.0000000001,43.011962890725,0.303436638643146,0.265774782969667,1e-10,-0.121042940265041,0.172212471345861,-0.140263067020261,0.301449531921984,-0.0330186018330551,-0.145374652181791,-0.111144914527927,-0.0911916609476247,-0.0638273860904481,0.257871123497384,-0.172066473916924,0.072670868367213,0.2786926121195,0.2786926121195,-0.193223247177735,-0.125222823283372,-0.768676142754226,-0.694435109944266,-1.23200320273099,-0.554268505439497,-0.624462311988658,-0.307799974567612,0.0875571628883684,22821.0000000001,0.0398021545386653,0.0255153855156164,0.587946586650499,2.37275404193474,6025.53790050025,0.00048828125,18,1,"SNETWORK (1 56 6025.53790050025 0.587946586650499 1000130 18)",1
318,1000131,0.565364905016158,55,0.810229799286478,0.535514907654324,0.449959143780463,0.448153051499128,0.45024912066774,0.978912504410212,0.965102058113269,0.647392486199089,0.618336873368336,-0.26463438359923,0.734848285742265,-0.320010894254871,-0.26463438359923,-0.26463438359923,-0.688313870868219,-0.840037865339595,-0.936501433622003,-0.024641231984139,-0.937129106183408,-0.899030565225809,0.85530679981631,-0.544442745523596,-0.64199081528918,0.565364905016158,8,0,-0.380343083040515,-0.375969271022074,-0.696277984364583,-0.313597380546757,0.579146218673423,0.042030403361334,0.618400618318674,0.784627120705677,0.156685229665057,17087.0000000001,5.18326244684295,0.105918109170304,8769.0000000001,1.79816529113006,6.981427737873,0.0354827284250754,-0.305163249481794,-0.0829465725854141,-0.0177441342136722,0.0151643329269733,0.0364516398955949,0.149876365362571,0.0758101892994652,0.760486185579052,0.715108579174672,1.260212364358,0.308083811213911,124.0000000001,38.202392578225,0.308083811213911,124.0000000001,38.202392578225,0.237610893091396,0.174320848601116,1e-10,0.841696220682189,1.07829120801068,0.293714962291713,1.49029219731128,0.99023719019985,0.955946779738602,0.905265289894954,0.910265261570582,0.928192642138252,-0.645298052397691,0.937323237100708,0.239271094525777,-0.60280153574712,-0.60280153574712,0.449661282355959,0.17798591370852,-0.896869033314375,-0.746882124225675,-0.117234155802476,-1.35590929914078,1.86863674715602,1.59695068848313,2.24682679593044,17087.0000000001,0.0263436506318424,0.00913907769323305,0.874616700812031,2.15174332819879,18546.413336879,5.82076609134674e-11,116,1,"SNETWORK (1 318 18546.413336879 0.874616700812031 1000131 116)",1
318,1000132,0.576659598679564,56,0.810229799286478,0.535514907654324,0.449959143780463,0.448153051499128,0.45024912066774,0.976270083440846,0.963945349693226,0.609906682853316,0.615743906281567,-0.277840433502125,0.719213911227726,-0.327942504073982,-0.277840433502125,-0.277840433502125,-0.819087470568125,-0.828694883284261,-0.921486001532074,-0.011230849950211,-0.927780273314241,-0.899030565225809,0.85530679981631,-0.544442745523596,-0.64199081528918,0.576659598679564,8,-0.163447750691136,0.202970835273498,0.203594160843608,0.199697678909355,0.205021817483449,0.595822811633369,-0.0226115320365705,0.617259462432486,0.569304323735015,0.168020373671283,19598.0000000001,6.37504156780297,0.0833871397037384,11601.0000000001,1.87285357812467,8.24789514582764,0.0277640871995175,0.599559771522416,-0.254727814132567,-0.213614753554971,0.0453236686807918,0.593077799227606,-0.208785848467227,0.504686837810067,0.287661410168991,0.446271535265802,0.781962258323192,0.391120031782028,217.0000000001,84.8730468751,0.391120031782028,217.0000000001,84.8730468751,0.876364547756837,0.325147219410038,1e-10,-0.189309055393151,0,0.195331705795898,0.143208963772115,0.99023719019985,0.955946779738603,0.905265289894956,0.91026526157058,0.928192642138252,0.0940837926324167,0.0385550284153107,0.203663585035586,0.0989745440978029,0.0989745440978029,-0.123897537880423,-0.156571126277265,0.0519370459139799,0.0511940485558079,0.0416235095290226,0.0538935567455694,0.0769692277356093,-0.0854660497309827,-0.101288626520135,19598.0000000001,0.0214596822851747,0.00630440481434278,0.892768030889754,2.18871070314657,18567.9244152512,5.82076609134674e-11,103,1,"SNETWORK (1 318 18567.9244152512 0.892768030889754 1000132 103)",1
318,1000133,0.595225650216131,57,0.810229799286478,0.535514907654324,0.449959143780463,0.448153051499128,0.45024912066774,0.976799720198925,0.964526054136992,0.628721685275849,0.615091281453346,-0.283382344633644,0.720499659648896,-0.330052709427347,-0.283382344633644,-0.283382344633644,-0.841573982423357,-0.829251057527953,-0.922138993786465,-0.00803036741098114,-0.928722221672853,-0.899030565225809,0.85530679981631,-0.544442745523596,-0.64199081528918,0.595225650216131,8,-0.0034211576780179,-0.295608130134324,-0.292898889164717,-0.610985143829694,-0.25080913702959,0.61272730202575,-0.236293412527279,0.615181847443372,0.128551038873585,0.179496355121543,17059.0000000001,5.92814099964546,0.107932162222662,5145.0000000001,1.07509187020028,7.00323286974574,0.0335242342343265,0.379356755645694,0.657694035105768,-0.00300368990214381,-0.0243832441382999,-0.0875551201054811,-0.102736291675236,-0.0784276982493751,0.437302837247063,0.295478232262186,0.51701745980739,0.293539557758451,71.0000000001,20.84130859385,0.293539557758451,71.0000000001,20.84130859385,1e-10,0.14790277526151,1e-10,0.287845912233287,0.105072402146917,-0.186084781982789,0.132439004071602,0.99023719019985,0.955946779738603,0.905265289894955,0.910265261570581,0.928192642138252,-0.158386602062042,0.734064407088819,0.152083528201781,-0.159908988444951,-0.159908988444951,0.499071089009618,-0.553440793773387,-0.368798395127908,-0.265410250919336,0.0756230267816093,-0.627443177339404,0.867437077510565,0.353139974377552,0.00120536633559908,17059.0000000001,0.028377806443,0.00514642769132649,0.917491694261861,2.39410357799821,18597.2243430344,5.82076609134674e-11,118,1,"SNETWORK (1 318 18597.2243430344 0.917491694261861 1000133 118)",1
318,1000134,0.495889317772896,50,0.810229799286478,0.535514907654324,0.449959143780463,0.448153051499128,0.45024912066774,0.975710900097502,0.963648477947822,0.596424491365006,0.628651229459645,-0.196530700979489,0.750221028851226,-0.295315595222786,-0.196530700979489,-0.196530700979489,-0.370413636926601,-0.849696954333091,-0.946170214477732,-0.0358591119053341,-0.945118042619103,-0.899030565225809,0.85530679981631,-0.544442745523596,-0.64199081528918,0.495889317772896,8,-0.949036097666844,-0.278897593519133,-0.276467330348949,0.989374136581976,-0.237978769380843,0.505533933769383,0.176055125417881,0.629160556355696,-0.745067227995938,0.261311480265848,11916.0000000001,6.02834787627454,0.091681596552604,4709.0000000001,0.835834280541368,6.86418215671591,0.0324728259639315,0.521626658381062,0.328162540982604,0.724256677429909,-0.216078270371403,-2.28611436001474,0.177315059268049,-2.66706195686342,0.800758155826555,-2.36064061423258,-4.13856759915808,0.174655581580705,149.0000000001,26.023681640725,0.174655581580705,149.0000000001,26.023681640725,0.0709280762841116,0.0680371912754067,1e-10,0.489513491287709,0.221117493618633,0.207078006916875,0.296440732680072,0.99023719019985,0.955946779738603,0.905265289894956,0.910265261570581,0.928192642138252,-0.0140355680304789,-0.495708823556071,0.336322611138478,-0.0145064992334366,-0.0145064992334366,0.494480705140347,-0.0797534243308598,0.415328725446059,0.467624205801701,0.630455226785636,0.309847190015811,-0.492734664360527,0.0169280513297149,1.14054337214466,11916.0000000001,0.0285186911366476,0.00395413472728383,0.780693216201341,0.950669754296541,18435.1049407557,5.82076609134674e-11,97,1,"SNETWORK (1 318 18435.1049407557 0.780693216201341 1000134 97)",1
137,1000135,0.384226418123541,34,-0.182434882136088,-0.493825587762665,-0.550040856219537,-0.551846948500872,-0.54975087933226,-0.044591721198172,-0.0670049953499456,-0.647813839359752,-0.408283927683991,-0.476337860128214,-0.0522362960055153,0.480046598266342,-0.476337860128214,-0.476337860128214,-0.968581020268298,0.171270679470031,0.0819053372743494,-0.70138588111777,0.13213785175279,0,0,0.455557254476404,0.364580677662562,0.384226418123541,1,-0.484094704488328,-1.05146007508787,-1.01674622323148,-0.752884517362635,-0.698300859742734,0.395057096463895,-0.278746530950396,-0.408442685228464,0.0846927577456468,0.098240287192559,5561.0000000001,1.01013603139672,0.0835674618200252,3877.0000000001,0.599060047639038,1.60919607893576,0.0131530869003019,-0.774583119184786,1.4078372752824,-0.206269083041798,0.0452282632643766,0.566491097037009,0.303115764262417,1.22193882477851,-0.515638016478157,0.148367208363552,0.0644664488541234,0.11223380806371,62.0000000001,6.95849609385,0.11223380806371,62.0000000001,6.95849609385,0.190005847564706,0.181419634438287,1e-10,0.802355685023095,1.3461296827946,2.06975163348635,2.05363372244379,0.00359517577603235,-0.0392206857128927,-0.00468862405562112,-0.0046990278379167,-0.0099390143415355,-0.705428927741702,0.258646717113199,-0.626199591143246,-0.652775378633171,-0.652775378633171,0.118622444559032,0.498140933459836,0.0263571570290602,0.134400342186289,0.0855545896177102,-0.0100491665373197,0.573144979386595,-0.0972872401567498,1.68088771888685,5561.0000000001,0.00825654938792223,0.00489653741237968,0.538737404883076,0.1686060152133,5144.79330343639,0.001953125,40,1,"SNETWORK (1 137 5144.79330343639 0.538737404883076 1000135 40)",1
328,1000136,0.759697543896625,66,0.817565117863912,0.621309110795204,0.679648502105189,0.676245639047415,0.674971766192546,0.86756605873928,1.01634575058712,0.185755475872964,0.0859863933540082,-0.222524416587053,0.497419023009064,-0.833750267958905,-0.222524416587053,-0.222524416587053,-0.857069533908183,-0.0828875556966623,0.0317616230338178,1.01779798961332,-0.331488384392225,-0.835356739207357,0.822043687881501,-0.598119868767174,-0.651784673660024,0.759697543896625,8,0.0677903511185016,0.611300424467652,0.618271156101092,0.362977624092055,0.717729747142992,0.792285451887073,-0.615956860990273,0.0859456073610864,0.61698242635967,0.341056267642679,32510.0000000001,21.4660593603217,0.0950593491134285,10635.0000000001,1.95722904348458,23.4232884037062,0.0591135605863287,0.471922687302789,-0.469199120639258,-0.436733624794642,-0.586938863028688,-0.203417358107338,-0.717564779051858,-0.1308784470387,-1.23353717474247,-0.335553163692443,-0.352552582285119,0.0684067456690299,201.0000000001,13.749755859475,0.0684067456690299,201.0000000001,13.749755859475,0.0970578900005931,0.261026783209987,1e-10,0.0667968904124269,0.0937204154821165,-0.28165830584076,0.286628796950985,0.99023719019985,0.955946779738604,1.36911100441257,1.3734157625249,1.41903059295605,0.378244608340457,-0.341990618594449,0.27473723327986,0.417033019912702,0.417033019912702,-0.10876200852207,0.153274842641248,0.124508732814458,0.0378661453932406,-0.291384267667829,0.347381589520438,0.0707086408314218,0.130366853892875,-0.114354319719039,32510.0000000001,0.0541740842075027,0.004939476278826,0.178972510015158,5.26414972823113,18829.112848327,2.91038304567337e-11,139,1,"SNETWORK (1 328 18829.112848327 0.178972510015158 1000136 139)",1
56,1000137,-1.27090705728676,3,-0.016376969797183,-0.0406255841243769,-0.0539298651555209,-0.0526282971591558,-0.0497659234028937,-0.354357891607323,-0.0634695182601142,-0.478697174758644,0.000662783688213445,5.3903009309431,-1.4910464573643,3.04587568609318,5.3903009309431,5.3903009309431,0.0541949328098114,0.169107185949198,0.426394888884677,0.113795756202978,0.0274694620349665,0.591774111491733,-0.392108070777454,0.335861736600535,0.0625654665075635,-1.27090705728676,2,0.94178867487189,0.514028116220589,0.518933020628535,-0.931680262014736,0.581913368812549,-1.35355296575449,0.489082403236072,0.000580657088146467,1.80489193357476,0.647474712093131,51175.0000000001,53.0152294180529,0.0696083789743254,6004.0000000001,0.668685930917756,53.6839153488707,0.145102777690489,-0.585851561997861,0.609402700915806,0.406551842294395,0.583759134028451,0.186214595645495,-0.105998311299573,0.124506050860567,-0.18516177614405,-0.595052516260738,-0.561151086155122,0.662505252527789,251.0000000001,166.288818359475,0.662505252527789,251.0000000001,166.288818359475,1.99065408079501,0.818089307287027,1e-10,-2.5695939521016,-2.58414917264945,2.30837862678131,-1.19651987379075,-0.0330186018330552,-0.145374652181791,-0.115651216794682,-0.0915916800038275,-0.0616360242687212,-0.721123836889479,-0.199481022005289,-0.820901542422336,-0.66565864191582,-0.66565864191582,2.88510509309745,-0.753516017018586,-0.00221014036526848,-0.106678403286952,-0.64166418021653,0.336091273619623,0.0160591581730638,0,-0.114354319719039,51175.0000000001,0.143295379876165,0.00180739771432412,0.297999302690399,1.35837478935719,5793.60655398572,0.00048828125,4,1,"SNETWORK (1 56 5793.60655398572 0.297999302690399 1000137 4)",1
319,1000138,-0.163705991663851,11,0.833299531937875,0.487253775027049,0.449959143780463,0.448153051499128,0.45024912066774,0.888331704566412,0.879213214447275,0.524244065120953,0.766995404098969,-0.0688060608018872,0.766035636171516,-0.0975903569425811,-0.0688060608018872,-0.0688060608018872,0.266269418070864,-0.693671106217811,-0.684285990772614,0.398551933172405,-0.847938355594602,-0.901078823296691,0.862021227679927,-0.569078322997003,-0.663467360499932,-0.163705991663851,8,0.385587728781793,0.747566160452795,0.757949300443667,0.0156515962888022,0.924316095222672,-0.197972641999203,-0.542878211313205,0.767177649274597,0.443879095611153,0.279763188122828,24805.0000000001,13.4350448712566,0.157103250960757,12489.0000000001,3.79858771163808,17.2336325827947,0.0395084117031777,-0.546749793756091,0.131998833463365,-0.376457121481528,-0.418501761468462,0.0105924705881371,-0.708894491706757,0,-0.594315992562102,0.411509238983103,0.795996137975093,0.281062885022445,137.0000000001,38.505615234475,0.281062885022445,137.0000000001,38.505615234475,0.241760922328719,0.125240240097127,1e-10,-0.414099341041126,-0.450240252066541,-0.277798281390602,-0.719869104768252,0.92168777453921,0.945752261332485,1.17694786707726,1.18358274252666,1.21802546211881,-1.08943163421696,0.0936726211372872,-0.095558702422445,-0.949800485306503,-0.949800485306503,-0.600274558681488,-1.33629689021781,0.95925661748196,1.00742130925994,1.16028964942252,0.882049350840791,0.0282163772984947,0.00634231732505296,-0.114354319719039,24805.0000000001,0.0308000811860073,0.0087083304171704,0.911352631154087,0.130321838892996,17460.6482539537,1.16415321826935e-10,133,1,"SNETWORK (1 319 17460.6482539537 0.911352631154087 1000138 133)",1
140,1000139,-0.486114722156046,29,-0.016376969797183,-0.0406255841243769,0,0,0,-0.157966756305742,-0.0244898308224374,-0.506220967208109,-0.0382451585249139,5.2163640914308,-1.56033510504881,3.18376838332289,5.2163640914308,5.2163640914308,-1.3314138506222,0.297789440744219,0.609684004651954,0.465187697612658,0.108480296728017,0.674158771142803,-0.376868202347026,0,0,-0.486114722156046,2,0.13221504841855,-0.543042980540373,-0.534240629307986,-0.0463515721176968,-0.424153455174615,-0.53636013111693,0.311376975246269,-0.0383274650311028,-0.363669896130608,0.460508445747498,12848.0000000001,9.4665800155785,0.25026866565387,18945.0000000001,7.5861437903625,17.052723805841,0.0972379203615468,1.48414042297778,-0.133052358327025,2.0537157039873,0.54656456803456,-3.88094837299325,0.435886282333718,-5.4712806231177,0.401921642430918,-0.51432261406969,-0.45733490909076,1.39330015801223,94.0000000001,130.97021484385,1.39330015801223,94.0000000001,130.97021484385,1.50726923408212,2.14549971500723,1e-10,0.276216412308576,-0.15072625497664,-0.073603249996382,0.165922983203341,-0.00976280980014989,0,0.0485567920869498,0.0625505109547519,0.0855821224148614,0.508202605148406,-0.674137782030982,0.664277917144293,0.572615198302897,0.572615198302897,-1.71578408728438,0.603285221088399,-1.46258064502881,-1.44669221811564,-2.11492288954712,-1.17290274853014,-0.711815142202133,-0.898306611938036,0.327672980724035,18945.0000000001,0.053980265157684,0.0432576551038627,0.0422705315913241,1.95936454832554,6397.52528173848,0.000244140625,83,1,"SNETWORK (1 140 6397.52528173848 0.0422705315913241 1000139 83)",1
318,1000140,0.188756754897695,33,0.831613660734676,0.506174412237335,0.449959143780463,0.448153051499128,0.45024912066774,0.968079581481244,0.967210311636844,0.628674814897297,0.657037869772263,-0.015111828324977,0.825800558363573,-0.231961929904108,-0.015111828324977,-0.015111828324977,0.0576446767297445,-0.854011798978649,-0.945819374479913,-0.00219340237030539,-0.953551044450039,-0.899030565225809,0.85530679981631,-0.544442745523596,-0.64199081528918,0.188756754897695,8,0.5474747759369,0.834849013726091,0.84771470337031,-0.124060658247636,1.06743288456409,0.18419255709134,-0.60208748200814,0.658672129180879,1.2435983111971,0.170960248385221,21404.0000000001,7.08434012360006,0.123796828664714,30915.0000000001,7.40948616510082,14.4938262886009,0.0312444880933712,-0.52497057245518,0.289069321670316,-0.62616887615,-0.420336138633165,0.654392439563896,-0.762242601664139,0.34337033853575,-0.830496260848505,0.35321253101216,0.634884450846082,0.513949657149705,254.0000000001,130.543212890725,0.513949657149705,254.0000000001,130.543212890725,1.50142511078415,0.548254033463901,1e-10,-0.238488359324842,-0.571336227774409,-0.340702184882312,-0.627102185752517,0.99023719019985,0.867841683603146,0.905265289894956,0.910265261570581,0.928192642138252,-0.581611691338899,0.945592400782709,0.869352057766093,-0.548792804748039,-0.548792804748039,0,0.507644533966995,0.28065212956068,0.336726588368908,0.787324816228195,0.0132298824212376,2.18528287805001,1.70005372956028,-0.114354319719039,30915.0000000001,0.0152717836907751,0.0159727043025961,0.424262992735939,4.04514058236799,18012.7007181246,5.82076609134674e-11,100,1,"SNETWORK (1 318 18012.7007181246 0.424262992735939 1000140 100)",1
137,1000141,-0.0697220524178542,23,-0.185712976940586,-0.500464661936247,-0.612877153222713,-0.614349237474709,-0.609405455638136,-0.0172115120123782,-0.0329871007697895,-0.261433313092923,-0.388305218688304,0.00266230889054894,-0.00777897183951262,0.19573711494352,0.00266230889054894,0.00266230889054894,0.201390869784563,0.104012700685858,0.0161647153084172,-0.770376533998019,0.0753703764612917,0.100969434774191,-0.14469320018369,0.808445717563054,0.35800918471082,-0.0697220524178542,1,-0.228194666972112,0.534119320090867,0.539424485299189,0.804439815638369,0.609209379407695,-0.0306074013970454,2.17098299332333,-0.388181309233415,-0.184289925179254,0.290725892726259,8480.0000000001,4.55844699671484,0.19434264744682,9105.0000000001,3.2717899126355,7.83023690925034,0.0208666403250823,-0.465111590141872,-0.257731707616518,1.86310810141695,2.15459441425477,-0.127535607449087,0.481161613519596,-0.0858801620735292,-0.264396582548318,1.2858073055067,0.575115928616664,0.642988675478363,223.0000000001,143.386474609475,0.642988675478363,223.0000000001,143.386474609475,1.67720324126615,0.782639542511631,1e-10,-0.537522096801,-0.311128275640196,-0.310217965673516,-0.156215180514625,-0.00976280980015009,-0.0278450351106286,-0.0881801721651124,-0.0860848151493469,-0.0751309266271889,0.553887673650548,-0.572195473748107,0.204214059442649,0.628894089340527,0.628894089340527,1.5371624600386,0.723010338454804,-0.823069592737962,-0.776977528262932,-0.864910266353515,-0.837443049136036,-0.319910500391438,0.322572191392832,-0.114354319719039,9105.0000000001,0.0121477133536423,0.00871892687143996,0.38684981722648,2.79443262796849,4880.97040236107,0.001953125,51,1,"SNETWORK (1 137 4880.97040236107 0.38684981722648 1000141 51)",1
137,1000142,0.58770089109322,41,-0.182434882136088,-0.493825587762665,-0.550040856219537,-0.551846948500872,-0.54975087933226,-0.0395843650501369,-0.0591224895991102,-0.730324416777078,-0.423234328688604,-0.873089127483403,-0.0364441671574218,0.572843202730597,-0.873089127483403,-0.873089127483403,-2.6440347272931,0.182667086529559,0.0574851346558674,-0.731995458587679,0.147078377761972,0,0,0.455557254476404,0.364580677662562,0.58770089109322,1,-1.47053044617104,-1.88670866128532,-1.75745441393985,-0.278533922635768,-0.981612942855416,0.614894360114328,0.928629438609094,-0.418642616133057,-0.68959954982504,0.148425242555053,481.0000000001,0.132004941278637,0.104188308809249,771.0000000001,0.14852881325146,0.280533754430097,0.00415338596411409,0.529349015547788,0.162256531126384,1.4420922572591,1.26829086808576,-0.949272740355791,1.93808091285312,-3.34436553931478,0.909867949710951,3.0862744214241,1.31644845407458,0.248612837457955,22.0000000001,5.469482421975,0.248612837457955,22.0000000001,5.469482421975,0.360100242352109,0.836858785691503,1e-10,1.25780922746052,1.32641116960028,0.639671075264886,2.15056075642241,0.000377923422130602,0.00576256918605457,-0.0035895698189942,-0.00366112755717756,-0.00918388251912966,-0.601296384120206,0.367710805899585,-0.750811942766849,-0.565606233337128,-0.565606233337128,-0.183158798062663,0.0740246434111116,-0.0838126933335457,0.0964182242090838,-0.0278614562393958,-0.122663269607719,0.30705766075127,-0.577679749041783,2.83967682501023,771.0000000001,0.00195437250677304,0.00219901335734105,0.628617307121589,0.442424738367872,5300.91123856709,0.001953125,56,1,"SNETWORK (1 137 5300.91123856709 0.628617307121589 1000142 56)",1
318,1000143,-0.0883513929204314,16,0.833299531937875,0.487253775027049,0.449959143780463,0.448153051499128,0.45024912066774,0.935156375533728,0.947558966361029,0.480494306607284,0.675193882662218,0.0935157900201263,0.807781470957864,-0.247627432872232,0.0935157900201263,0.0935157900201263,0.137938222710428,-0.789109337866734,-0.850535215079095,0.0879901399127411,-0.901740837464237,-0.901078823296691,0.862021227679927,-0.569078322997003,-0.663467360499932,-0.0883513929204314,8,0.235034280302748,0.162978687324533,0.163333660032499,-0.446511327577211,0.162277339783141,-0.115500192854673,-0.214990852539382,0.675467590386167,-0.123608654656731,0.0903068016170939,16552.0000000001,2.89387827837728,0.122156270103463,5956.0000000001,1.40857434432477,4.30245262260204,0.0148975498098201,1.05033031515649,0.171404562610538,-0.179750348041124,-0.11768480662938,0.14937056664835,-0.30848778689539,0.137693142875102,0.176140127669699,0.618153474855085,1.12259762760531,0.20160900307619,105.0000000001,21.1689453126,0.20160900307619,105.0000000001,21.1689453126,0.574969509748317,0.751481372011053,1e-10,0.392272080568473,0.163353046105764,0.20105689643572,-0.163892388916079,0.874963418364179,0.998857332302743,1.24151978544791,1.24854323862789,1.28691113026244,-0.900921067525226,0.402533590515041,-0.734657654408264,-0.808634525888737,-0.808634525888737,-1.64776121833706,-0.775027001913946,1.14423409538099,1.2276713943078,1.41104038651204,1.03868531801835,-0.000626772251626595,-0.216753461941857,0.392207529757899,16552.0000000001,0.0100202603694758,0.00487728934034433,0.0735565876365829,3.51232387098195,17597.0797728034,5.82076609134674e-11,96,1,"SNETWORK (1 318 17597.0797728034 0.0735565876365829 1000143 96)",1
318,1000144,0.27075818793579,38,0.831613660734676,0.506174412237335,0.449959143780463,0.448153051499128,0.45024912066774,0.968793741277608,0.966357479284523,0.596985692653717,0.651374305326503,-0.0383791207305906,0.805283480426128,-0.262426761619917,-0.0383791207305906,-0.0383791207305906,0.0296706993029884,-0.869150733061141,-0.968207977304324,-0.0430468319376274,-0.96314381248537,-0.899030565225809,0.85530679981631,-0.544442745523596,-0.64199081528918,0.27075818793579,8,0.384096951423546,1.07992299960108,1.10087964574616,-0.284058937809845,1.5195930568168,0.262592707019703,-0.546807729610952,0.651737185719146,0.321356935418147,0.141923838601181,17882.0000000001,4.91338460569614,0.118233055936632,12693.0000000001,2.90544404617477,7.81882865177091,0.014181391119974,-0.397171864234863,-1.51891646480202,-0.390039320463173,-0.560680070321339,-0.287071429352857,-0.787542008963896,-0.141791968472898,-0.918985112311354,0.278533012886197,0.49860616570422,0.0191872337647727,352.0000000001,6.7539062501,0.0191872337647727,352.0000000001,6.7539062501,0.192805947806958,0.350428736992505,1e-10,0.0191314507749428,0.0805484546455643,-0.115799145495823,-0.152908956482802,0.99023719019985,0.867841683603145,0.905265289894956,0.910265261570581,0.928192642138252,-0.702690908835953,1.00384880829623,0.342740432935803,-0.650521093299844,-0.650521093299844,-0.287875755597857,0.10465532972426,-0.0868968249688458,-0.0590757186384115,0.649442755256195,-0.491836431124155,2.15908452394522,2.15287932605864,1.42877461940017,17882.0000000001,0.00891164539186943,0.0052697456281046,0.521788361449755,8.75338437606553,18128.2776946163,5.82076609134674e-11,102,1,"SNETWORK (1 318 18128.2776946163 0.521788361449755 1000144 102)",1
