"rid","pid","elevation.min","WS_ID","ws_mi60_mean","ws_accum_precip_mean","ws_10.min.storm.accum_mean","ws_30.min.storm.accum_mean","ws_60.min.storm.accum_mean","ws_sbs_mean","ws_dnbr.BAER_mean","ws_dnbr.extended_mean","ws_flow.accum_max","ws_slope_mean","ws_aspect.northness_mean","ws_aspect.eastness_mean","ws_slope.northness_mean","ws_slope.eastness_mean","ws_bare.earth_mean","ws_ndvi.max_mean","ws_ndvi.mean_mean","ws_ndvi.min_mean","ws_ndvi.range_mean","ws_RV.Sand","ws_RV.Silt","ws_RV.Clay","ws_Kw","ch_elevation.min","ch_watershed","ch_valley_width","ch_area","ch_channel_width","ch_channel.width.over.valley.width","ch_elevation.mean","ch_slope.median","ch_flow.accumulation.max","ch_curvature.median","ch_sfm.erosion.mean","ch_sfm.erosion.count","ch_sfm.erosion.sum","ch_sfm.deposition.mean","ch_sfm.deposition.count","ch_sfm.deposition.sum","ch_sfm.net.change","ch_sfm.net.change.norm","ch_distance.upstream","ch_distance.downstream","ch_slope.upstream","ch_slope.downstream","ch_central.slope.difference","ch_slope.over.width","ch_change.in.slope.over.width","ch_stream.power","ch_slope.over.width.central.diff","ch_stream.power.central.diff","hs_area","hs_hillslope.length","hs_flow.accumulation.max","hs_elevation.range","hs_mi60.mean","hs_accum.precip.mean","hs_storm.accum.10.min.mean","hs_storm.accum.30.min.mean","hs_storm.accum.60.min.mean","hs_slope.median","hs_aspect.northness.median","hs_aspect.eastness.median","hs_slope.northness.median","hs_slope.eastness.median","hs_curvature.median","hs_bare.earth.mean","hs_ndvi.max.mean","hs_ndvi.mean.mean","hs_ndvi.min.mean","hs_ndvi.range.mean","hs_dnbr.BAER.median","hs_extended.dnbr.median","hs_drainage_density","ch_sfm.net.change.count","ch_sfm.erosion.norm","ch_sfm.deposition.norm","ratio","snapdist","upDist","afv_flow_accum","locID","netID","netgeom","bootstrap_rep"
41,100000001,-0.842023863432889,13,-0.886598059773572,-0.0928456434617663,-0.0369605603324269,-0.0422694509956289,-0.0386919408759992,0.926393632545441,1.10267668942566,0.908348616081901,-0.0675612851724996,0.3179645651267,0.407664020937457,0.351639946018284,0.3179645651267,0.3179645651267,0.556353166507343,-0.269683762306243,-0.424504832516516,0.0274175136139372,-0.372848248844585,-0.720739219712526,0,-0.434965034965035,-0.700859950859951,-0.842023863432889,10,0.24228622725771,1.78945560436343,1.81864247816308,-0.115265534179755,-0.841631822265621,-0.513623808966775,0.109738627435901,0.00833587681042608,0.0560021237467481,1226.0000000001,0.439086925737795,0.0964254733974827,1656.0000000001,1.02119258120815,1.46027950684594,0.0500944890510592,-0.459321531847389,-0.401493547533677,-0.374389538080862,-0.359744750545683,0.0311288017994192,-0.896093115101594,0.0246518473841006,-0.35342081855205,0.134179978814892,0.428094161291966,-1.00237681398853,-1.03863653545817,0.0514257553735859,-0.397122913437001,-0.658232714974315,-1.30374704394875e-15,-1.4058558810172,-1.37829262321507,-1.40813399619979,0.0559899339091071,-1.39893905267676,-0.146105831827357,0.0571887821121397,0.0571887821121397,2.24340252568339,1.06316675953723e-11,-0.400637138584298,-0.376222376855605,-0.849606146197055,-0.219489818314811,0.354613289449484,-0.118987113551233,0,1656.0000000001,0.0150627568512087,0.0350317320998505,0.000659498002492875,0.0979052586480975,1761.2350003773,0.0625,1219,2,"SNETWORK (2 41 1761.2350003773 0.000659498002492875 100000001 1219)",100
29,100000002,-0.582634935563679,130,-0.790377993358492,-0.853832397374456,-0.715996162004961,-0.715344983900652,-0.711097017555422,0.602741833385198,0.585278489091428,1.82064992251273,-0.188889636420125,1.21021690907231,-0.241178425455862,3.52626686758228,1.21021690907231,1.21021690907231,0.151039928820838,-0.725654131410698,-0.82419977892583,0.572618663554489,-1.04750356676857,1.04722792607803,-2.90419161676647,-1.63076923076923,0.553235053235053,-0.582634935563679,8,0.410373593310367,0.0824417349246898,0.0821234322761907,-0.404366418120343,-0.584002460479915,-0.907188060920513,-0.185772363240459,0.596175537832892,0.162971275786421,1796.0000000001,0.46796369678808,0.0700339772035771,763.0000000001,0.0854334793908381,0.553397176078919,0.0255897854446705,0.0417296776387807,-0.902506666238858,-0.551024979776205,-0.663003374497754,-0.164754810558952,-1.1171186770119,-0.167354212390286,-0.782954294856129,-0.125752753047746,-0.101025026037645,-0.469645604700438,-0.593516020081471,-1.20921157282904,-0.273351358499166,-0.471792152073761,-0.752292666128179,-0.897784372821839,-0.860982036160378,-0.83280147843515,0.0360994540741545,0.885151250294509,-1.05261934028841,0.0367006293027626,0.0367006293027626,-0.868282653727362,1.06316675953723e-11,0.228765964367448,0.15321768491048,-2.35114393486952,0.832600377204526,-0.125981740149443,1.3575570593572,0,1796.0000000001,0.0216392332074399,0.0039505521372306,0.795201554030895,0.971011311747134,1426.16099234067,0.25,925,2,"SNETWORK (2 29 1426.16099234067 0.795201554030895 100000002 925)",100
43,100000003,0.41037097163193,174,-0.0343645341584618,0.726058121384469,0.965149594579297,0.947078472655203,0.966783102940535,0.411803078613906,0.32923300125976,-0.0954304578637008,-0.611794934207592,0.163907745854003,1.16001801082897,-1.58647713889843,0.163907745854003,0.163907745854003,-0.20926033937729,0.700247965898424,0.586306199099776,-0.816141419267115,1.00438248747192,0.147843942505134,-0.958083832335329,-0.581818181818182,-0.163390663390663,0.41037097163193,11,-0.435964668780522,0.149210156854293,0.148759661484273,0.565293065309773,0.408462074192623,0.721269368823185,-0.600981221528064,-1.57610784451977,0.034882978421268,13.0000000001,0.446915456723886,0.0424944432417518,9.0000000001,0.376914735665484,0.82383019228937,0.0376500849159231,3.06197778749046,2.18221407551539,0.875353276191662,1.00914853350648,0.178507695026357,0.566780653472463,0.178787377321349,-0.608570102085755,0.182651882257015,0.0829044947816314,-0.392385569800448,-0.542728669002682,-0.0359310896544123,-0.274043479851109,-0.353148128111645,0.538992472803682,2.19258446122347,2.15155944355969,2.28302402457116,0.379601698127539,0.0554188747678999,-0.728839387492449,0.41871722617532,0.41871722617532,6.86957822082597,1.06316675953723e-11,0.404584631349979,0.216013038518557,-0.272431274297876,0.522988956650014,-0.259733151127734,-0.191290336080058,0.00942978902484041,13.0000000001,0.0204246032822848,0.0172254815336383,0.680300675722124,0.726816037284948,3789.90736315076,0.0312500660060792,1643,2,"SNETWORK (2 43 3789.90736315076 0.680300675722124 100000003 1643)",100
35,100000004,0.936789812889029,212,1.95876350285277,1.6240746339498,1.45807027539656,1.42805593959054,1.43873085382348,0.639260714716776,0.559071947205128,-0.112821020374383,-0.270316954084028,0.0331619481416281,1.14406798603812,-0.22934171289958,0.0331619481416281,0.0331619481416281,-0.594786028113906,-0.495537625366469,-0.606154532473891,-0.833200485298541,-0.500036656367934,-1.3305954825462,1.62674650698603,0.565034965034965,-1.23832923832924,0.936789812889029,12,0.432115857495643,-0.708217726301709,-0.698184542785796,-0.472543085110826,0.932732092589159,0.046058787336023,-0.267575506708105,-0.305011045373177,0.141941659315193,208.0000000001,0.188812296554909,0.10041551557639,1116.0000000001,0.716674708713884,0.905487005168793,0.0481429996067222,0.0241566940707728,0.0889349876746335,-0.0548420713355291,0.226702834136397,0.436027139118318,0.25156189672526,0.507457017428114,-0.0882372743350295,0.671183644783313,0.481518872445389,-0.167883829848878,0.0499369140886659,-1.11881171982869,0.114090296514916,0.596004386864676,1.11697181886013,2.19258446122347,2.15155944355969,2.28302402457116,-0.0645252797336837,0.412239492228053,0.305015726487176,-0.064079366784696,-0.064079366784696,0.952159716142937,-1.33166155130566,0.363991704555232,0.525985995260854,0.5093898342797,0.289657992531914,-0.960612019274907,-0.506200337823142,0,1116.0000000001,0.0100387860280791,0.0381042134786431,0.216520670722153,0.156184767134131,5492.06486707268,0.0156249669969604,985,2,"SNETWORK (2 35 5492.06486707268 0.216520670722153 100000004 985)",100
42,100000005,-0.847879368188326,12,-0.886598059773572,-0.0928456434617663,-0.0369605603324269,-0.0422694509956289,-0.0386919408759992,0.99263080386692,1.25111683921686,1.33417556273914,0.108041361491239,0.0565757396193485,0.354130511111998,0.586894120224105,0.0565757396193485,0.0565757396193485,0.594651092903676,-0.138196997050195,-0.331912749467733,0.14939104500814,-0.229411241843899,-0.720739219712526,0,-0.434965034965035,-0.700859950859951,-0.847879368188326,10,0.193901188642549,1.48967478113049,1.50899086172185,-0.100427590618773,-0.845078046535512,-0.357372421638757,0.110192519674947,0.26510630370453,0.354792350850939,2582.0000000001,5.85849448233223,0.0763362055003614,361.0000000001,0.176235465209598,6.03472994744183,0.218112760286026,-0.405621653098492,-0.313854632050229,-0.514249680348835,-0.21394644008419,0.479086318762918,-0.667137605016631,0.380838901327766,-0.208731617718967,0.4822844677702,0.577041308270717,2.34126256159046,1.57764484754697,0.0828387662732663,3.53997282157618,-0.268402373618749,-0.138763171193672,-0.65181891261108,-0.61963732968773,-0.620469038756867,-0.528036130016738,0.225067897251118,0.147321682817517,-0.471746477936732,-0.471746477936732,-0.0138236950506582,-0.0769738862207131,-0.372203497818347,-0.455071300975286,-0.127057918943055,-0.362900866865652,0.848197373902437,0.657761103740898,2.11083603629169e-05,2582.0000000001,0.211743095913865,0.00636966427216086,0.93388462844132,0.0445103691890836,1755.92986075414,0.0625,1479,2,"SNETWORK (2 42 1755.92986075414 0.93388462844132 100000005 1479)",100
17,100000006,-0.809674440594929,65,-0.711340194022643,-0.147031598306002,-0.358045591966192,-0.357303355798844,-0.355675841278248,-0.0417650313881334,-0.0336957274864893,0.312192928496077,1.30698940865828,0.690335838432912,0.0565086861184032,-0.0956195438422971,0.690335838432912,0.690335838432912,0.508798686334162,-0.0104209559073643,-0.0113596477490944,-0.453704162462065,0.0420815849928173,-0.596303901437372,0.141716566866268,0,-0.395577395577396,-0.809674440594929,9,0.661696256923828,-0.975977457764836,-0.958604588470794,-0.597148223075565,-0.809950188665855,-0.224966597092301,1.30560293024385,-0.454021507769584,0.157806653699421,1543.0000000001,0.389303054434759,0.157869885912973,2773.0000000001,0.69991570590149,1.08921876023625,0.0607281573015686,-0.421977184441768,-1.25627123401171,-0.17178448546198,-0.476442240378901,-0.48003620583304,0.0430535180389035,-0.588495078816668,0.785191096628706,-0.666289819053478,-1.81415908077284,0.622034295321066,0.616840354679137,-0.845062998306683,1.12867267443006,-0.34184854331554,-0.538992006174441,-1.4058558810172,-1.37829262321507,-1.40813399619979,0.197336627148984,0.889094899436788,0.208943142410783,0.208397979197777,0.208397979197777,-0.376050461818426,1.06316675953723e-11,-0.4921958272038,-0.57228192040857,-0.746151415600252,-0.34476142129949,0.754676178953456,0.739277595545922,0,2773.0000000001,0.0217051504692545,0.0390230067323142,0.220865603438356,0.0175321465358138,1494.75602480919,0.125,484,2,"SNETWORK (2 17 1494.75602480919 0.220865603438356 100000006 484)",100
12,100000007,0.451848876852384,256,0,-0.0695595240108285,-0.467885001197052,-0.45962963966976,-0.447550990366083,-0.689641513112724,-0.805039237174466,-0.0782231519044392,0.0353949320909868,-1.17925272133482,-1.7530734553508,-0.0795981080950633,-1.17925272133482,-1.17925272133482,-5.44128086841431,0.500334169079683,0.64654367173863,1.71474805842847,0.28903061491466,0.184804928131415,-0.778443113772456,0.103496503496504,0.51023751023751,0.451848876852384,7,-0.126395018907368,0.590345534003001,0.591781266842881,0.154594758489515,0.450394740125156,-0.0206677788565593,0.0383915928903285,0.297106345891246,0.11913794577695,2298.0000000001,0.437718765807253,0.0621047442298099,1527.0000000001,0.151620822612399,0.589339588319652,0.0249260333998125,-0.0798691311566531,-0.206186959132304,-0.240009826900728,0.310334709455943,0.858115019300155,-0.134741489802732,0.796395766739892,0.0340209944488702,1.02813112325474,1.13906376949304,1.02824545641142,0.74361822697399,-0.661574381449021,1.88073848785552,0.223123099423871,0.103212322371745,-0.751834212897418,-0.690544926566656,-0.641104661755909,0.726078763636856,-1.68241355461099,-0.408987319363311,0.871442039399807,0.871442039399807,-0.527517384296207,-0.512905629232581,-0.770813647983742,-0.749208483743988,-0.562707490504954,-0.694231782331026,-0.435299247213236,-0.919088072173498,0,2298.0000000001,0.018513252372765,0.0064127809270475,0.7140547614675,0.828565128206217,2832.82781174318,0.0312499302740435,256,2,"SNETWORK (2 12 2832.82781174318 0.7140547614675 100000007 256)",100
3,100000008,-0.477054152466163,64,-0.494845044588713,-0.486027089260215,-0.467885001197052,-0.45962963966976,-0.447550990366083,-0.325144614214883,-0.399491020121677,0.647087124700133,0.96785178924961,0.0292244523220552,-1.15371689176458,0.211855100181905,0.0292244523220552,0.0292244523220552,-4.89007881464851,0.236157159130372,0.275060295837639,1.28290788070412,0.03503438557856,0.501026694045174,-0.58882235528942,1.04055944055944,1.3033033033033,-0.477054152466163,7,0.709691517325722,0.927912032004901,0.933921266466759,-0.518359690340202,-0.478274112786665,-0.79167702897432,0.967650753295243,0.543212734787484,0.0540500992628505,136.0000000001,0.0117525049155874,0.179686468059585,1190.0000000001,0.341867147174925,0.353619651990512,0.0140978542757958,-0.547926276942948,0.992517774664926,-0.810622670798854,-0.631168486748817,0.287630653701194,-1.08759216055197,0.252088844408738,-0.0093099881771485,0.122520106295268,0.286931410251477,0.871682575117336,0.856999189699087,0.185014462177166,0.879064454504275,-0.359369612011191,-0.638641445998378,-0.89778437282183,-0.860982036160378,-0.83280147843515,-0.258760901997005,0.393375816274132,-0.933993002621353,-0.245711894787599,-0.245711894787599,0.110094526133348,-5.91833951535142,-0.476087254508267,-0.510538701917758,-0.380771662108296,-0.415386916694832,-0.144919876426537,0.232556896311916,1.93077774331576e-14,1190.0000000001,0.000468540416814247,0.0136293137589816,0.367623783261592,1.92212136631133,1720.57360606186,0.0624998605480869,65,2,"SNETWORK (2 3 1720.57360606186 0.367623783261592 100000008 65)",100
43,100000009,0.311239238455379,158,0.12371145778112,0.869954874556633,0.965149594579297,0.947078472655203,0.966783102940535,0.125335469791728,0.0671978777427672,-0.467044011373547,-0.510315805069723,-0.112167344095919,0.823168286768538,-0.278281522829485,-0.112167344095919,-0.112167344095919,0.0632492670434512,0.606113916798061,0.460668837991349,-0.429756027724569,0.81497236385942,0.147843942505134,-0.958083832335329,-0.581818181818182,-0.163390663390663,0.311239238455379,11,-0.468041220810081,-0.154619034003832,-0.153554479618617,0.571734428439996,0.310322864681767,0.21152055288475,-0.506725446465597,-0.871802081023406,0.0486332796449666,7.0000000001,0.335505822636703,0.0662654993192984,2.0000000001,0.130612858675105,0.466118681211807,0.022472971726528,1.04334205229407,0.841456528467945,0.631636956274165,0.262887092556946,-0.55137717138788,0.256980410247727,-0.583615958045034,-0.498051631204265,-0.626664525590619,-0.248321812028508,-0.426024315465306,-0.431601932666425,0.0229527691092501,-0.206283111394962,-0.353148128111646,0.538992472803681,2.19258446122347,2.15155944355969,2.28302402457116,0.137470297404074,-0.350185047462511,0.373856860519506,0.143133527557902,0.143133527557902,1.78244506789635,1.06316675953723e-11,0.114668666005868,0.00674900700991574,0.248488657659185,0.0796172329937906,0.0598919933663789,-0.0879789590477236,0.00955855704324537,7.0000000001,0.0161757362146867,0.00629723541184133,0.617415753938624,0.261588459834456,3698.17908598426,0.0312500660060792,1627,2,"SNETWORK (2 43 3698.17908598426 0.617415753938624 100000009 1627)",100
12,100000010,0.37514346039949,241,0,-0.0695595240108285,-0.467885001197052,-0.45962963966976,-0.447550990366083,-0.624120534848256,-0.723904528652111,0.00244050171552781,0.0760639910255935,-1.09391403271292,-1.70741960386944,-0.00662368575226257,-1.09391403271292,-1.09391403271292,-5.51020088417464,0.503474069172178,0.640083354739829,1.74291886199816,0.287832332860645,0.184804928131415,-0.778443113772456,0.103496503496504,0.51023751023751,0.37514346039949,7,0.225892650414296,-0.380595679766068,-0.376858199656254,-0.302378555654599,0.371795206224342,-0.391814965117563,0.0779133925353576,0.206791424786314,0.0642665146830524,1077.0000000001,0.11066122798374,0.0875663094312032,2193.0000000001,0.307022859347388,0.417684087231127,0.0209570808946493,-0.677710525840102,-0.81329280815848,-0.454398552385734,-0.0293175105139895,0.683995602185988,-0.292622323012832,0.752113121716847,-0.018545915708889,0.743682758185013,0.858175020889323,0.76608566774811,0.901315537551114,0.0779818677898832,1.90470389304193,0.223123099423871,0.103212322371743,-0.480929489070133,-0.429307272142554,-0.368594249120651,0.125589483297698,-0.155592755379352,0.385830336078753,0.1303970936271,0.1303970936271,0.118205735446284,-3.08427881005663,-0.208722962892491,-0.118854682435743,0.690458499137265,-0.38134582068432,0.389484426564385,-0.0505063888249189,0,2193.0000000001,0.00555236927871415,0.0154047115159352,0.416792199158187,0.145517549924172,2749.38816227663,0.0312499302740435,241,2,"SNETWORK (2 12 2749.38816227663 0.416792199158187 100000010 241)",100
28,100000011,-0.0915405108721687,197,-0.790377993358492,-0.853832397374456,-0.715996162004961,-0.715344983900652,-0.711097017555422,0.763389582778504,0.775794870782582,2.07887449055181,-0.452998133607686,0.199784708825262,0.103826760428156,2.67006722458706,0.199784708825262,0.199784708825262,-0.0598915076297893,-0.883107297849652,-0.950266056691194,0.703555119051654,-1.26997699312227,0.468172484599588,-2.26546906187625,-1.53286713286713,0.194922194922195,-0.0915405108721687,8,-0.48131618246895,1.09232037607923,1.10150278209949,0.82340391598816,-0.0867078858863282,1.26598553153186,-0.449795899287193,-0.0255087067835057,0.185205208499857,4404.0000000001,1.30405308787389,0.146877725909136,3614.0000000001,0.848670005853952,2.15272309362784,0.0833917845036868,1.06068888857174,0.60699836552153,0.813927227278039,2.11106088977105,1.9224322130114,0.64947305092939,1.63428653814839,-0.187420166074151,1.41254275881226,0.722676163832698,0.898149226128022,0.705525145850427,-0.0577725486877866,1.75096854786751,-0.182876202802795,-0.521067323039555,-0.897784372821835,-0.860982036160383,-0.83280147843515,0.622612367362238,-0.330569652983525,1.54557587661766,0.728493074407928,0.728493074407928,-0.0261722791646653,1.06316675953723e-11,-0.843144834236423,-0.831067379176782,-0.350781295142151,-0.824648570536351,0.0645622025941021,0.0198074386940605,0,4404.0000000001,0.0505161645144009,0.032875619889286,0.222367318685235,1.56232543860096,1792.68903750254,0.125,738,2,"SNETWORK (2 28 1792.68903750254 0.222367318685235 100000011 738)",100
41,100000012,-0.595137947710912,77,-0.886598059773572,-0.0928456434617663,0.315622755524543,0.310024668600395,0.31737100022456,1.00456268512965,1.17466380777857,0.74084475770512,-0.15758806778882,0.549635247645218,0.540551720667861,0.342601539568309,0.549635247645218,0.549635247645218,0.538599447573054,-0.4767445490491,-0.611358746087589,0.0700907716817206,-0.641705662269907,-0.720739219712526,0,-0.434965034965035,-0.700859950859951,-0.595137947710912,10,-0.0887158000069738,0.360284912947532,0.360145424833672,0.0762811818202241,-0.59614166629735,-0.300585970000067,-0.155133883131042,-0.381532728844976,0.197601459684175,1950.0000000001,2.4642246574973,0.149104006926041,98.0000000001,0.0934481977077712,2.55767285510507,0.112632344248045,0.18289459573004,0.129148845406862,0.0656586633148235,-0.605088819841059,-1.02330660672132,-0.360122037046579,-0.988481421150042,-0.274212155308212,-1.07412640448826,-0.852399079755837,1.38335791920823,1.09375241879885,-0.526453221779921,2.28246710313452,-0.269775013857188,-0.138274569121982,0.102215627178156,0.139017963839617,0.167198521564845,-0.428256998478191,0.492405931957648,0.0734243814983027,-0.39128729215531,-0.39128729215531,-0.155824924139409,-0.00675152455539907,-0.382259836072659,-0.404762220782004,0.0195988231057123,-0.409344385742297,0.992319147533802,0.777083647459702,0,1950.0000000001,0.108517162047106,0.00411518210093844,0.210105407544599,0.784465665929019,2117.27078764906,0.0625,1283,2,"SNETWORK (2 41 2117.27078764906 0.210105407544599 100000012 1283)",100
17,100000013,0.608535308480679,287,0.152577399052067,0.406018494492994,0.0737102907633875,0.0682577010310203,0.067165878475577,-0.53087763135901,-0.623532655876664,-0.161516978072113,0.626168196039983,-0.300089716758016,-0.363061163725895,0.101881599312238,-0.300089716758016,-0.300089716758016,0.36135380112368,0.249193697285913,0.315939836905341,-0.0104492340616354,0.288238216163763,-0.443531827515401,0.0161216029479497,0.044324905863371,-0.265923265923267,0.608535308480679,9,-0.612867063265687,3.6488747398315,3.77762738601755,1.67268043906633,0.610447885230187,-0.0346226500836412,0.626675141332392,0.417747169375936,0.184798048600945,2943.0000000001,0.869529293334154,0.0953421922946284,7343.0000000001,1.11932250626678,1.98885179950094,0.049447954701599,-0.93439664698598,-0.414093576094777,-0.00876972270137736,0.309077873383578,0.506085598512473,-0.813969855785821,0.278396359414294,0.0207006923048309,0.979460099877521,1.8228743534115,2.33827953520492,1.25685422359941,-0.169169634399149,2.51755765567807,0.341767123385987,0.0871535102884737,-4.52365144789511e-15,-4.51494518067087e-15,-4.84823954093274e-15,-0.678682907541885,0.346332255116481,-0.728096402843612,-0.586334738826779,-0.586334738826779,-0.192082870130442,-0.434894724402721,-1.27757873622477,-1.17764811498208,-0.882106162177633,-1.1721017402187,0.162375277609913,-0.0920863165037138,0,7343.0000000001,0.0216187274635314,0.0278292271380676,0.998301373634357,1.83750876503006,2789.28463018497,0.125,706,2,"SNETWORK (2 17 2789.28463018497 0.998301373634357 100000013 706)",100
42,100000014,-0.847879368188326,12,-0.886598059773572,-0.0928456434617663,-0.0369605603324269,-0.0422694509956289,-0.0386919408759992,0.99263080386692,1.25111683921686,1.33417556273914,0.108041361491239,0.0565757396193485,0.354130511111998,0.586894120224105,0.0565757396193485,0.0565757396193485,0.594651092903676,-0.138196997050195,-0.331912749467733,0.14939104500814,-0.229411241843899,-0.720739219712526,0,-0.434965034965035,-0.700859950859951,-0.847879368188326,10,0.193901188642549,1.48967478113049,1.50899086172185,-0.100427590618773,-0.845078046535512,-0.357372421638757,0.110192519674947,0.26510630370453,0.354792350850939,2582.0000000001,5.85849448233223,0.0763362055003614,361.0000000001,0.176235465209598,6.03472994744183,0.218112760286026,-0.405621653098492,-0.313854632050229,-0.514249680348835,-0.21394644008419,0.479086318762918,-0.667137605016631,0.380838901327766,-0.208731617718967,0.4822844677702,0.577041308270717,2.34126256159046,1.57764484754697,0.0828387662732663,3.53997282157618,-0.268402373618749,-0.138763171193672,-0.65181891261108,-0.61963732968773,-0.620469038756867,-0.528036130016738,0.225067897251118,0.147321682817517,-0.471746477936732,-0.471746477936732,-0.0138236950506582,-0.0769738862207131,-0.372203497818347,-0.455071300975286,-0.127057918943055,-0.362900866865652,0.848197373902437,0.657761103740898,2.11083603629169e-05,2582.0000000001,0.211743095913865,0.00636966427216086,0.93388462844132,0.0445103691890836,1755.92986075414,0.0625,1479,2,"SNETWORK (2 42 1755.92986075414 0.93388462844132 100000014 1479)",100
41,100000015,-0.614785702468687,71,-0.886598059773572,-0.0928456434617663,0.315622755524543,0.310024668600395,0.31737100022456,1.001345114161,1.18621650920771,0.845258887897947,-0.121454591635025,0.475007156623037,0.498099047061857,0.392225814049019,0.475007156623037,0.475007156623037,0.555748688652249,-0.421143112475644,-0.560372143426409,0.0992095926260935,-0.576937150520478,-0.720739219712526,0,-0.434965034965035,-0.700859950859951,-0.614785702468687,10,0.0540152611610618,1.67231094135863,1.69741835388678,0.073303768257644,-0.617261257002155,-0.803658830621376,-0.118273611067129,-0.15831008745288,0.108987637479385,47.0000000001,0.0327590000497369,0.108072771243733,3284.0000000001,2.26973406290247,2.30249306285221,0.0806131569071293,-0.239893653725192,-0.450097563960636,-0.639144515610664,-0.974595441054374,-0.511721199417267,-1.23264389870911,-0.391867317687452,-0.794948427232917,-0.63473182441484,-0.570623762557472,1.53842854184934,1.13645678141072,0.144478694619769,2.3668271300316,-0.269453845586064,-0.138388891490099,0.102215627178161,0.139017963839617,0.167198521564845,-0.521358819731943,0.409565256362285,0.147412429703962,-0.466478389496796,-0.466478389496796,-0.232940748217675,-0.00465983190419182,-0.196386403538139,-0.244478358726843,0.0592388383251259,-0.215344550213051,1.08104387277902,0.871339476817636,0,3284.0000000001,0.00114693348810193,0.0794662233190274,0.190426641807396,0.579688656419017,2083.8189772647,0.0625,1277,2,"SNETWORK (2 41 2083.8189772647 0.190426641807396 100000015 1277)",100
3,100000016,-0.180649809967941,135,-0.226804037760009,-0.273941878615531,-0.467885001197052,-0.45962963966976,-0.447550990366083,-0.388356472408176,-0.454203122746223,0.550524424011225,0.718261692543426,-0.0837619520392536,-1.25567003263918,-0.222981718145989,-0.0837619520392536,-0.0837619520392536,-4.38704764681913,0.145710746242451,0.216541746877577,1.07220381635527,-0.0404182153810225,0.0739219712525668,-0.0898203592814364,1.0005994005994,0.837837837837838,-0.180649809967941,7,-0.60241242088083,0.468687743751369,0.469131886347626,0.964995999862967,-0.179568046145101,1.10773078866952,0.728402796941279,-0.441229477276589,0.801115151098624,5382.0000000001,6.89340306891245,0.0560292724016502,2930.0000000001,0.262468770498689,7.15587183931114,0.30918382080176,-1.44893925368833,0.534226002069447,0.644749590639056,0.700812314978866,0.0820379401872226,0.727549495166484,0.0778922551381017,0.888696725113829,1.09224381278092,2.21301142369804,0.191864854342951,0.13230778027264,0.262763475940129,0.281870640831221,-0.183656619125852,-0.461007527196322,-0.751834212897418,-0.690544926566661,-0.641104661755909,0.457794867745475,0.80172387603622,-0.86953931550249,0.514582443855264,0.514582443855264,0.145245942422476,-3.44414807707666,-0.0506812797060157,-0.025257821476793,0.155969546804626,-0.0791302681906799,0.12123789021992,-0.0869982744060549,0,5382.0000000001,0.297843330113026,0.0113404905887338,0.656814590324541,0.191260761581361,2137.55803910648,0.0624998605480869,136,2,"SNETWORK (2 3 2137.55803910648 0.656814590324541 100000016 136)",100
29,100000017,-0.813645136620647,87,-0.790377993358492,-0.853832397374456,-0.959757100198023,-0.960709455694412,-0.961711264614227,0.52658779284841,0.487038448617873,1.74498288889748,-0.0170484997426057,0.969942286944577,-0.166724349651186,2.8172124748077,0.969942286944577,0.969942286944577,0.00950577531808493,-0.560384540208291,-0.658866193100294,0.19435702912633,-0.769900078338562,1.05602816075095,-3.18648417450813,-1.88851148851148,0.604422604422604,-0.813645136620647,8,-0.113567742620012,0.0526126384945659,0.0523896427774828,0.066967843495325,-0.81165980939081,0.567794634564475,-0.0145599884189621,-0.380226831787654,0.926188665863357,751.0000000001,1.11207522271036,4.31552991010089,22.0000000001,0.151792941751696,1.26386816436206,0.0587504814355067,1.53461835509226,1.64106021199451,-0.439276694426628,0.43078348735075,1.26583992149227,0.483852166852519,1.29050515819158,0.298969232482433,1.22669743152455,1.27053400064503,0.0535742639300292,0.0475925554327979,0.0611863160787794,0.312070765187984,-0.471792152073762,-0.752292666128177,-1.23897497319628,-1.20837784844266,-1.21915971662395,0.878238775221474,0.212574720163739,-1.15887349734686,1.09462699991501,1.09462699991501,0.200984794592644,-6.73196807419242,0.595198098702227,1.2919321429455,1.58257850494558,0.283624051631734,-1.51451915417852,-1.72652284306874,0,751.0000000001,0.05169443812029,0.00705604321521664,0.531064620447332,0.128412522694045,1181.11723339906,0.25,882,2,"SNETWORK (2 29 1181.11723339906 0.531064620447332 100000017 882)",100
12,100000018,0.356288502126561,239,0,-0.0695595240108285,-0.467885001197052,-0.45962963966976,-0.447550990366083,-0.629577457182606,-0.727348341194185,0.00296908873067805,0.0775017707671107,-1.08854366435933,-1.71059740935241,-0.00428961839099917,-1.08854366435933,-1.08854366435933,-5.53017894199047,0.505925127082974,0.642661210149591,1.74592085763515,0.290373383024959,0.184804928131415,-0.778443113772456,0.103496503496504,0.51023751023751,0.356288502126561,7,0.100883763127032,-0.241457741055706,-0.239524424423062,-0.194054683937586,0.353640945862329,0.753376158362324,0.0813454813595053,-1.00384999240366,0.0654350204417991,1123.0000000001,0.117485706475021,0.0726313837456622,1424.0000000001,0.165359572783732,0.282845279158752,0.0138472786427363,-0.699065020394843,-0.56015462397522,-0.0306779037884785,-0.0918419499982444,-0.0931701539817877,0.694922564685603,-0.100625029155402,0.48057596417338,-0.228964209384307,-0.252871921333309,0.352542584727225,0.517883425169912,-0.80325551842566,0.921008133832636,0.223123099423871,0.103212322371743,-0.751834212897418,-0.690544926566656,-0.641104661755904,0.447784656958324,-1.33532138310199,0.0801248607108727,0.502113520974441,0.502113520974441,0.227585063527434,-8.94525783846129,-0.000404777671104552,0.0442089879510301,0.292893135701474,-0.0571433067590308,-0.116599675765504,-0.760984094790978,0,1424.0000000001,0.00575175695482304,0.00809552158791329,0.38064600708005,0.894712631228223,2739.24216348984,0.0312499302740435,239,2,"SNETWORK (2 12 2739.24216348984 0.38064600708005 100000018 239)",100
13,100000019,0.616869167131363,278,0,-0.0695595240108285,-0.467885001197052,-0.45962963966976,-0.447550990366083,-0.846144233130539,-0.998519628828546,-0.413212963709525,-0.175198223865783,-1.07067096331774,-1.75934281909678,-0.29942416465839,-1.07067096331774,-1.07067096331774,-2.89978972908112,0.4021801751269,0.622247098083849,1.52861254775148,0.1993620671157,0.184804928131415,-0.778443113772456,0.103496503496504,0.51023751023751,0.616869167131363,7,-0.434283293216435,-0.376576592234408,-0.372898406352742,0.473461219887316,0.617119997495133,0.329918520151265,-0.172609488308128,0.193447584778706,0.0853444191540017,1446.0000000001,0.197305164899405,0.0519835364078093,247.0000000001,0.0205285280240454,0.21783369282345,0.0109219355059233,-0.170178114744998,-0.270735371809087,0.0436002438131887,0.839961609476139,1.23895278816487,0.41399695161236,1.36195470254092,0.10661305270197,0.959633540752022,0.801015322661296,0.968207028074153,0.674403528292959,0.0283210780909054,1.46148738566634,0.223123099423871,0.103212322371745,0.000480866141918987,0.0349290148369488,0.115671933158067,0.619293642472347,-1.38114946534204,-0.12340757495251,0.724021327098532,0.724021327098532,-0.0160953124808433,-1.00306596040888,-0.701228415967338,-0.646581652098985,-0.225344984514112,-0.699518914900884,-0.197943988495372,-0.601205953376449,0,1446.0000000001,0.009892658193744,0.00102927721217931,0.0510458210037772,0.534544095033176,2954.83526973214,0.0156249651370217,278,2,"SNETWORK (2 13 2954.83526973214 0.0510458210037772 100000019 278)",100
41,100000020,-0.140758729577778,167,-0.886598059773572,-0.0928456434617663,0.315622755524543,0.310024668600395,0.31737100022456,0.905053248354972,0.897349128376643,-0.156709221741528,-0.369185099401076,0.883078833267597,0.472345506686385,0.871303838508539,0.883078833267597,0.883078833267597,0.490058371747166,-0.648355094770333,-0.763796466902668,-0.0923789857378742,-0.828314636692567,-0.720739219712526,0,-0.434965034965035,-0.700859950859951,-0.140758729577778,10,-0.636708888133262,0.0966012557761216,0.0962455639975761,0.970455855096188,-0.139793454619414,-0.238475626889801,-0.364955749276562,-0.968893497908803,0.200983330579802,1518.0000000001,1.95113513494402,0.258359821728273,162.0000000001,0.26766743060889,2.21880256545291,0.102344918341936,0.69499002431732,0.253661494789488,-0.273632587251547,0.79044724693995,1.61280960452368,-0.232501801975288,1.63166986145963,-0.479613407321488,0.758165376669017,0.448768629786347,0.685334870310198,0.709380971754551,-0.0249593455554508,1.26027701735086,-0.556658395784826,0.179450961256247,0.102215627178156,0.139017963839617,0.167198521564845,0.190973040070968,-0.173445503492947,0.329169778286181,0.201373567479848,0.201373567479848,0.139298232963951,-0.137585852733614,-0.831676210376957,-0.686483702869546,0.327832812366649,-0.976027426182109,0.450876370315769,0.360796839798481,0,1518.0000000001,0.0899984383346061,0.0123464799073297,0.508514334667922,0.982252960093319,2624.53425022775,0.0625,1373,2,"SNETWORK (2 41 2624.53425022775 0.508514334667922 100000020 1373)",100
29,100000021,-0.869116171947598,74,-0.790377993358492,-0.853832397374456,-0.959757100198023,-0.960709455694412,-0.961711264614227,0.49990782816557,0.449922686987771,1.69556044748059,-0.011540790385774,0.982019890301151,-0.160161663607234,2.78530630204512,0.982019890301151,0.982019890301151,-0.051446939819503,-0.534588203674514,-0.619389599110731,0.244396362221573,-0.746537874034797,1.05602816075095,-3.18648417450813,-1.88851148851148,0.604422604422604,-0.869116171947598,8,0.725137257674055,3.3880897295587,3.49922010635597,-0.360412017004635,-0.869272510086278,-0.940170557046914,-0.00950233204102221,0.687375225287517,1.41332280750775,5339.0000000001,12.0641312639639,0.0595421807214348,315.0000000001,0.029986795414847,12.0941180592788,0.314524248791023,1.0320984707342,1.04537963324063,-0.786468373766433,-0.900194103308394,-0.154452979319828,-1.66103352109782,-0.0858693001764055,-1.06373358494195,0.0171070052247976,0.0190591420469591,-0.113193349746629,-0.180878883701725,-0.980776203672396,-0.0350309063132159,-0.471792152073761,-0.752292666128179,-1.35132462810595,-1.32277000125992,-1.34638334798106,0.146102425188476,0.825783306799395,-0.227446402203486,0.152431757910132,0.152431757910132,0.182117445878055,-1.93720063164547,0.403454865842445,0.967759060832711,1.44013320625756,0.00716289305578277,-1.14467339462201,-1.34804035718098,0,5339.0000000001,0.313744400650769,0.000779848040254219,0.448048760331603,0.751986026843924,1104.10218617132,0.25,869,2,"SNETWORK (2 29 1104.10218617132 0.448048760331603 100000021 869)",100
35,100000022,0.995337592543412,223,1.95876350285277,1.6240746339498,1.45807027539656,1.42805593959054,1.43873085382348,0.642815974915591,0.561194560608831,-0.15681113023227,-0.292914739358956,0.0575020541519374,1.15078067423758,-0.0795578228219235,0.0575020541519374,0.0575020541519374,-0.595322059290202,-0.562377011751773,-0.687783457633079,-0.957283739825025,-0.561587508357464,-1.3305954825462,1.62674650698603,0.565034965034965,-1.23832923832924,0.995337592543412,12,-0.239519574294835,-1.39598589630062,-1.36297235310574,0.0362514796995776,0.988563089798899,-0.0617615086841813,-0.29006352983399,-0.59108381945795,0.0724954097371847,1e-10,1e-10,0.0891165845740706,1153.0000000001,0.65712032821277,0.65712032821277,0.0394799266032788,-0.108200041277201,-0.125209888675354,0.646599279171237,-0.408042685649696,-1.63628735869267,0.325199132630833,-2.15843731964903,-0.082134725686669,-1.6880221059662,-0.429724248277615,2.27851137760328,1.56569305122154,-0.00102845618544635,4.76913532660531,1.08498591158492,1.276691248025,2.3950251297232,2.32843549617119,2.41865981172031,-0.0880653097793992,0.6314648164494,0.202842157101013,-0.0869797194123523,-0.0869797194123523,0.027778708957571,-0.653260971223749,-0.811384204277205,-0.778055204390744,-0.571322708622133,-0.736584853585765,0.22044437636409,-0.544826393680626,0,1153.0000000001,0,0.0394799265032788,0.477561280408012,0.42234873903895,5556.87582619398,0.0156249669969604,996,2,"SNETWORK (2 35 5556.87582619398 0.477561280408012 100000022 996)",100
3,100000023,0.0107674930604134,173,-0.226804037760009,-0.273941878615531,-0.467885001197052,-0.45962963966976,-0.447550990366083,-0.406078217676087,-0.481384997995841,0.524543033574448,0.587928697614964,-0.412112382585867,-1.25233718188545,-0.591216670335691,-0.412112382585867,-0.412112382585867,-4.61461383091171,0.177419434940467,0.25565428685992,1.07048102582593,-0.000128503814143887,0.0739219712525668,-0.0898203592814364,1.0005994005994,0.837837837837838,0.0107674930604134,7,-0.341757246263031,-1.27162611646937,-1.24377974611092,0.189023365965636,0.0144423135044566,1.30251947244626,0.588502954823397,-0.265473946384503,0.306868132501467,3587.0000000001,1.75986032826689,0.077465550736407,1560.0000000001,0.193209397051092,1.95306972521798,0.114769182622146,-0.0291626417810522,-0.0466252167869065,1.25858679538047,1.3297231281602,0.0956153976746241,1.33720946034267,0.121484986552825,1.09528951426929,-0.426477989530594,-0.725189872445528,1.02417427359018,0.942304300128344,0.145367539462737,3.33116037239505,-0.00970643093713425,-0.219732006855675,-0.814246487991261,-0.763428490213811,-0.723079456873611,0.874976307898845,-0.764030107209651,0.910048285672687,1.08967335403956,1.08967335403956,-0.221984250637258,-0.388865889970364,-0.796801943405914,-0.818227622278667,-0.503446104277634,-0.737011531344828,-0.279776709610592,-0.423222058128719,0,3587.0000000001,0.103415525118883,0.0113536574032625,0.805205716506753,1.6517902058016,2351.52331085342,0.0624998605480869,174,2,"SNETWORK (2 3 2351.52331085342 0.805205716506753 100000023 174)",100
37,100000024,0.471993072980418,112,1.29896932353205,1.22104076566898,1.45807027539656,1.42805593959054,1.43873085382348,0.164120700261791,0.0866485234456917,-0.485458126498042,0.571178790405428,-0.458940506681029,0.643886840151076,-0.995585122113914,-0.458940506681029,-0.458940506681029,-0.560715844074149,-0.622456043242288,-0.673293101359051,-0.516312338167248,-0.718057190005384,1.28439425051335,-2.76197604790419,-0.927972027972028,1.1480343980344,0.471993072980418,12,0.411937631961929,0.808078323521528,0.812161523241412,-0.349222717566407,0.466268402328197,-0.888568290703554,0.571773783727134,0.101750430481793,0.0474604294704033,2.0000000001,0.00060704207263622,0.165564431237648,974.0000000001,1.03129535123789,1.03190239321053,0.0420108442577337,0.351569830424996,-0.28477069676068,-0.852757430123141,-0.839199981868215,0.0354450933610762,-1.21227148268617,0.0320973329936256,-0.282185637007749,-0.11312384024916,-0.200012297602736,0.0320880874685293,0.266572208058926,-1.06628054310861,0.238323265687381,0.528207847926239,1.07109749798066,2.19258446122348,2.15155944355969,2.28302402457116,-0.477529421187256,-0.688763257052758,0.531700039994429,-0.431488032369937,-0.431488032369937,-0.0333040820982919,1.06316675953723e-11,0.213944848908645,0.236817691590205,0.902727584868858,0.0302975938032907,-1.28460543312848,-1.364099766845,0,974.0000000001,2.47139127497806e-05,0.041986130244984,0.659333050688611,0.879642065261783,4901.0102814185,0.0312499339939208,1160,2,"SNETWORK (2 37 4901.0102814185 0.659333050688611 100000024 1160)",100
17,100000025,0.0284309126598718,215,0.152577399052067,0.406018494492994,0,0,0,-0.386629572413091,-0.418251807350039,-0.073502466349685,0.837907342579371,0.184815456558416,-0.268174445989007,-0.0186336316176896,0.184815456558416,0.184815456558416,0.416351786904387,0.12481629063933,0.174527757396319,-0.0939000832888842,0.146708956138032,-0.443531827515401,0.0161216029479497,0.044324905863371,-0.265923265923267,0.0284309126598718,9,-0.606770716928141,-0.133256731163668,-0.132375878066884,0.886878251881825,0.0315006020030064,0.877170887290246,0.851401561932163,0.947001647373063,0.445487727462679,4540.0000000001,3.23361396461728,0.356804708046473,2006.0000000001,1.14434790651469,4.37796187103197,0.210281188367577,0.0452134348281161,0.416051173424092,-0.443810015203749,0.519211949309619,1.47699712808109,0.748419693472378,1.55575674669502,0.953893207953133,1.34020201963949,2.91587748225678,0.651181805748955,0.469718028476968,0.169604996736682,1.09087609621049,0.121428129376515,-0.277526342387342,0.0511078135890736,0.0695089819198063,0.0835992607824201,0.81335146930846,1.29909280654221,-1.23347265149376,0.997508219662016,0.997508219662016,-0.71314523455504,1.06316675953723e-11,-0.975040580830576,-0.87907046727895,-1.11953230515178,-0.783391828314658,0.881968916522902,0.0816380470327647,0,4540.0000000001,0.155316150963319,0.0549650373042579,0.749026640401828,0.575914941119961,2374.21076152882,0.125,634,2,"SNETWORK (2 17 2374.21076152882 0.749026640401828 100000025 634)",100
37,100000026,0.361845626058326,89,1.29896932353205,1.22104076566898,1.45807027539656,1.42805593959054,1.43873085382348,0.12003435824361,0.0538569564424274,-0.516832125797613,0.626092602993636,-0.399640828065408,0.639443150026639,-1.08098953651934,-0.399640828065408,-0.399640828065408,-0.541796952774295,-0.588129758970451,-0.635686872147504,-0.500821667441488,-0.677615705258994,0.665297741273101,-1.69993346640053,-0.507226107226108,0.644007644007643,0.361845626058326,12,-0.407544771221177,0.634526464730164,0.636409448039767,0.493941981564095,0.362830318179599,0.649927154234326,0.626459504820155,0.391203596999397,0.122273040580667,213.0000000001,0.166558721001487,0.0767449085144228,603.0000000001,0.295953817529072,0.462512538430558,0.0194109955096572,0.460162649840303,0.380622253652771,0.523472872856036,0.594238868382083,0.103185552085089,0.388720161502134,0.095284304779423,0.678221517525939,0.265054158616232,0.493136237511098,0.180850704696864,0.16504089877352,0.253533379249553,0.354942899988465,0.528207847926239,1.07109749798066,2.19258446122347,2.15155944355969,2.28302402457116,0.306094387698091,-0.72814936790275,0.775745537493638,0.331735141210441,0.331735141210441,0.667704803344062,-0.227844889862987,0.477553862149549,0.526396721605181,0.728892639049569,0.361008523607167,-0.41328946245465,-0.45682299617229,1.87866594433627e-12,603.0000000001,0.00699023334270442,0.0124207620669527,0.515667997753392,2.02774845401291,4755.17346076527,0.0312499339939208,1137,2,"SNETWORK (2 37 4755.17346076527 0.515667997753392 100000026 1137)",100
29,100000027,-1.09476750808151,18,-0.790377993358492,-0.853832397374456,-1.31184600508887,-1.30651564302517,-1.32383268064034,0.426128553524761,0.38156636659777,1.56335578918833,0.256380620059522,0.586149211967329,-0.147753204960715,2.06750896821225,0.586149211967329,0.586149211967329,-0.237137963118417,-0.344697658910139,-0.486516163161536,0.0768373177640744,-0.476466520819712,0.279260780287474,-1.27411842980705,-0.441958041958041,0.405132405132405,-1.09476750808151,8,0.83885361916427,8.22507911390634,8.80825089803363,0.0178245850539303,-1.09525344606308,-1.13349689472709,0.257733132474708,0.712591070799765,0.0454012645157836,627.0000000001,0.0455124542566994,0.090888538929013,39416.0000000001,5.7276495356971,5.7731619898538,0.0656028668702824,0.635647830141464,1.31782892132336,-1.14717353366117,-1.06506092109064,0.139604575594038,-2.25455169562032,0.0388348809262746,-1.76329385197457,0.0648441358868475,0.0896744230722496,-0.772964712727905,-0.43257685635575,0.209261112109496,-0.419011954567579,-0.471792152073761,-0.75229266612818,-2.3587188560243,-2.29529197602235,-2.43477706343215,-2.95365779795627,-0.0534430250139808,-0.465866683150886,-1.61491667816788,-1.61491667816788,-0.593013039511605,1.06316675953723e-11,-0.128211034002861,-0.145902642906558,-0.328108179915861,-0.0471007343684137,-1.83698638168526,-0.479425242160568,0,39416.0000000001,0.000517177150360519,0.0650856896199219,0.117810281166356,7.03227213447723,797.735040979145,0.25,814,2,"SNETWORK (2 29 797.735040979145 0.117810281166356 100000027 814)",100
29,100000028,-0.813645136620647,87,-0.790377993358492,-0.853832397374456,-0.959757100198023,-0.960709455694412,-0.961711264614227,0.52658779284841,0.487038448617873,1.74498288889748,-0.0170484997426057,0.969942286944577,-0.166724349651186,2.8172124748077,0.969942286944577,0.969942286944577,0.00950577531808493,-0.560384540208291,-0.658866193100294,0.19435702912633,-0.769900078338562,1.05602816075095,-3.18648417450813,-1.88851148851148,0.604422604422604,-0.813645136620647,8,-0.113567742620012,0.0526126384945659,0.0523896427774828,0.066967843495325,-0.81165980939081,0.567794634564475,-0.0145599884189621,-0.380226831787654,0.926188665863357,751.0000000001,1.11207522271036,4.31552991010089,22.0000000001,0.151792941751696,1.26386816436206,0.0587504814355067,1.53461835509226,1.64106021199451,-0.439276694426628,0.43078348735075,1.26583992149227,0.483852166852519,1.29050515819158,0.298969232482433,1.22669743152455,1.27053400064503,0.0535742639300292,0.0475925554327979,0.0611863160787794,0.312070765187984,-0.471792152073762,-0.752292666128177,-1.23897497319628,-1.20837784844266,-1.21915971662395,0.878238775221474,0.212574720163739,-1.15887349734686,1.09462699991501,1.09462699991501,0.200984794592644,-6.73196807419242,0.595198098702227,1.2919321429455,1.58257850494558,0.283624051631734,-1.51451915417852,-1.72652284306874,0,751.0000000001,0.05169443812029,0.00705604321521664,0.531064620447332,0.128412522694045,1181.11723339906,0.25,882,2,"SNETWORK (2 29 1181.11723339906 0.531064620447332 100000028 882)",100
37,100000029,0.595932571442726,139,1.29896932353205,1.22104076566898,1.45807027539656,1.42805593959054,1.43873085382348,0.21689658028092,0.143837875450976,-0.469949176815801,0.500599074892299,-0.500540678748585,0.692894888734047,-1.08824048240081,-0.500540678748585,-0.500540678748585,-0.583492819870364,-0.710258454733944,-0.770710570644496,-0.680450616434388,-0.798700566084469,1.28439425051335,-2.76197604790419,-0.927972027972028,1.1480343980344,0.595932571442726,12,1.22035475343819,-1.7118492070893,-1.66363012899421,-0.769958109662465,0.589240488751072,-1.06995575578383,0.501305882654531,0.822136415291121,0.0813346464692142,1e-10,1e-10,0.116329557599679,934.0000000001,0.694854723787363,0.694854723787363,0.0441696943236219,-0.15131365433412,-0.0226228047852439,-0.433718906049716,-0.78543020743266,-0.534146930981991,-1.11845448978114,-0.747175503823686,-0.250827550505405,-0.822664210057574,-1.39154292989651,0.502532495976549,0.0102349724317147,-0.664889994350868,0.290637511289174,0.528207847926239,1.07109749798066,2.19258446122347,2.15155944355969,2.28302402457116,0.814948105250942,0.583708769734872,-2.75995974874362,0.99986279103859,0.99986279103859,-1.44078403704812,-0.632184265770987,-0.427007950851706,-0.290351987053777,-0.370215218485199,-0.364183340483405,-0.531240251595025,-1.87878565280446,0,934.0000000001,0,0.0441696942236219,0.824404733727691,2.24600691494084,5068.57733368662,0.0312499339939208,1187,2,"SNETWORK (2 37 5068.57733368662 0.824404733727691 100000029 1187)",100
3,100000030,0.00749189433790652,172,-0.226804037760009,-0.273941878615531,-0.467885001197052,-0.45962963966976,-0.447550990366083,-0.406784692505408,-0.48221538820449,0.524543033574448,0.588731495767167,-0.408573277500315,-1.25424277322517,-0.587499719411252,-0.408573277500315,-0.408573277500315,-4.61402456439983,0.176975943404168,0.254981585837547,1.0693605382474,-0.000482497456989175,0.0739219712525668,-0.0898203592814364,1.0005994005994,0.837837837837838,0.00749189433790652,7,-0.279433202566473,-0.988892699673068,-0.971114774036003,0.21839694219138,0.00921046212928661,1.31973844544151,0.589373040610538,-0.602745100499394,0.0641200671114968,2050.0000000001,0.210156517522784,0.0866506069284452,2676.0000000001,0.370725749682135,0.580882267104919,0.0324607978817456,-0.0523570868417393,-0.0703102319317624,1.29930565233586,0.877471711274361,-0.665282761457617,1.26453688141778,-0.816940156982036,1.06369755580425,-1.20622919535754,-2.17217154691641,0.152586110889385,0.504808394433179,0.145406177912154,1.40755819024334,0.0149361366023092,-0.185551825707279,-0.751834212897414,-0.690544926566656,-0.641104661755899,0.931670637466019,-1.60946201677077,0.975725211361008,1.1768402892374,1.1768402892374,0.0482467309665177,-2.85990357008444,-0.809188963016643,-0.847964783122945,-0.557215307328031,-0.737588496132412,-0.498678841992675,-0.525314664829144,0,2676.0000000001,0.0117439429675672,0.0207168548141785,0.802380105554197,1.34897419660438,2347.44906038528,0.0624998605480869,173,2,"SNETWORK (2 3 2347.44906038528 0.802380105554197 100000030 173)",100
3,100000031,-0.288910025526986,110,-0.226804037760009,-0.273941878615531,-0.467885001197052,-0.45962963966976,-0.447550990366083,-0.356439683449587,-0.421715880402443,0.573149352277351,0.783100872116976,-0.0460155600000773,-1.21518701207029,-0.137336935960661,-0.0460155600000773,-0.0460155600000773,-4.38899247781959,0.167233444520042,0.231566476542995,1.14153675041355,-0.0259776594348569,0.0739219712525668,-0.0898203592814364,1.0005994005994,0.837837837837838,-0.288910025526986,7,-0.186293629488245,-0.462866194824246,-0.457820311570973,0.0904131873524258,-0.289291665889341,0.506583904980721,0.783117169039422,-0.987618289868742,0.654760525337836,3620.0000000001,3.78953649021818,0.137980058075731,1597.0000000001,0.3523029451137,4.14183943523188,0.210857702853405,0.592371264445638,0.395153352798766,0.390112579244953,0.46733003412417,0.114398622174802,0.57654457771158,0.126948924514909,0.842988268368348,-0.302407826510026,-0.573551217790427,1.20317779402588,1.07416497146132,0.268029517422633,2.02917319633457,-0.183656619125852,-0.461007527196321,-0.827188737091713,-0.778542139486029,-0.740078327957471,-0.809515332298291,0.322381469653288,-0.247463500152989,-0.679513582161653,-0.679513582161653,-0.0825595696842048,-2.67141108636639,-0.633949405439609,-0.638838778085657,0.199305247912691,-0.72841917555271,0.272698444473623,0.348073529261145,0,3620.0000000001,0.192922244167362,0.0179354585860431,0.556352585753573,0.538819415048407,1992.70180234017,0.0624998605480869,111,2,"SNETWORK (2 3 1992.70180234017 0.556352585753573 100000031 111)",100
43,100000032,0.385463878379697,170,-0.0343645341584618,0.726058121384469,0.965149594579297,0.947078472655203,0.966783102940535,0.355666539199679,0.290692146344569,-0.0925519626328042,-0.603336072321379,0.155623842428947,1.13371511345566,-1.39165124481634,0.155623842428947,0.155623842428947,-0.167640893191475,0.764131575223053,0.647785929176451,-0.701771075394507,1.06398414525294,0.147843942505134,-0.958083832335329,-0.581818181818182,-0.163390663390663,0.385463878379697,11,-0.174835443107415,0.0459617253460375,0.0457630446484004,0.143786688799687,0.383280111263892,-0.176226094820725,-0.599740180621968,0.0996168009686215,0.054430532058739,6.0000000001,0.321856507180719,0.049264311424805,8.0000000001,0.388410415998159,0.710266923078878,0.0330551911398278,1.08968125370719,0.762361191736816,0.141847329364411,-0.401966337692285,-0.804863346096117,-0.155594783388553,-0.821946508721464,-0.96630781049157,-0.901813493120633,-0.254235341185987,-0.824980167413833,-0.864435040179096,-1.37436680995212,-0.401500721663117,-0.353148128111646,0.538992472803681,2.19258446122348,2.15155944355969,2.28302402457116,0.951254642545149,0.230141629744843,1.30925484943796,1.20749103131176,1.20749103131176,8.00337788184178,1.06316675953723e-11,0.786953408235993,0.687863297184531,0.44176870458,0.769239355642517,-0.270328493124738,0.0566754159705955,0,8.0000000001,0.0149789156509562,0.0180762753888715,0.664604248283666,1.13016547891311,3767.01147323369,0.0312500660060792,1639,2,"SNETWORK (2 43 3767.01147323369 0.664604248283666 100000032 1639)",100
41,100000033,-0.659141696083621,60,-0.886598059773572,-0.0928456434617663,0.315622755524543,0.310024668600395,0.31737100022456,0.982287484617856,1.16354909928965,0.862774173972271,-0.10966510012677,0.429907606560737,0.479003962199922,0.382017824427688,0.429907606560737,0.429907606560737,0.557830503251093,-0.387473453005799,-0.528335663517957,0.103316518168354,-0.535243245196894,-0.720739219712526,0,-0.434965034965035,-0.700859950859951,-0.659141696083621,10,-0.0391433851022715,0.928610975401785,0.93463240685964,0.174544987138506,-0.659247718014158,-0.460824184259746,-0.10668352552126,-0.249232351792113,0.0600158818863449,772.0000000001,0.296305034891798,0.0562876696323558,609.0000000001,0.219222991691043,0.515528026482841,0.0205501886564555,0.91874294435347,0.867394240797426,-0.408094246657791,-0.498356459609147,-0.125489890476937,-0.663252906329379,-0.109185204508024,-0.399206778730724,-0.0557929697474959,-0.0495159964500327,-0.130437816677948,-0.000392408221838709,0.0428577489925186,-0.0878121931525002,-0.658232714974315,-1.30374704394875e-15,0.102215627178161,0.139017963839617,0.167198521564845,-0.510335699600921,0.100899196616414,-0.149044264651246,-0.457745618551717,-0.457745618551717,0.189877541578395,1.06316675953723e-11,0.4566481141708,0.456239269214277,-0.185698473268078,0.55905824679076,-0.0509750391252742,0.0599588267363127,2.33600266936019e-13,772.0000000001,0.0118114322084919,0.00873875634796357,0.152846568157818,0.0765800643712282,2019.93684589814,0.0625,1266,2,"SNETWORK (2 41 2019.93684589814 0.152846568157818 100000033 1266)",100
41,100000034,-0.348746646112231,129,-0.886598059773572,-0.0928456434617663,0.315622755524543,0.310024668600395,0.31737100022456,0.96441915513105,0.989346850577677,0.19469835160072,-0.282439054996209,0.782141327402166,0.542199491049951,0.42518254187264,0.782141327402166,0.782141327402166,0.505650922485403,-0.723628060776818,-0.841947666836784,-0.169121639843615,-0.909163286736325,-0.720739219712526,0,-0.434965034965035,-0.700859950859951,-0.348746646112231,10,0.151200337525531,4.04668474632389,4.20439085381444,0.274967777324646,-0.348159722243268,-0.47759329302313,-0.278949955741737,0.048863781731752,0.122392584974025,3171.0000000001,2.48202921070001,0.101219574385917,1106.0000000001,0.715937602025794,3.1979668126258,0.0742442321791277,1.79655128195682,2.09433339181717,-0.653580143256173,-0.446876199360137,0.306048978431685,-1.25893743226582,0.158446466688584,-1.00406402639979,0.26748267391405,0.18654542907691,-0.895115190679868,-0.965755422355941,-1.44344866130864,-0.377991103708476,-0.658232714974315,-1.30374704394875e-15,0.102215627178161,0.139017963839617,0.167198521564845,0.422526784194793,-0.830994939138716,1.32896322346153,0.470909782361638,0.470909782361638,4.55542635891656,1.06316675953723e-11,-0.138052105678114,-0.505020657096406,-0.0184673311355693,-0.132682469532795,-0.354589105580284,0.156430893901073,0,3171.0000000001,0.0576229722013334,0.0166212598777943,0.38487783447567,0.307495343310732,2414.36533942062,0.0625,1335,2,"SNETWORK (2 41 2414.36533942062 0.38487783447567 100000034 1335)",100
41,100000035,-0.49818920562563,98,-0.886598059773572,-0.0928456434617663,0.315622755524543,0.310024668600395,0.31737100022456,0.975112693362866,1.12909879557383,0.574502209204342,-0.190647930678153,0.610139162624748,0.5305415679453,0.310755099614785,0.610139162624748,0.610139162624748,0.539497115771261,-0.563065277661056,-0.694920712925585,0.00446924993564566,-0.738517562457192,-0.720739219712526,0,-0.434965034965035,-0.700859950859951,-0.49818920562563,10,-0.430968249045651,0.148737478749247,0.148287526481385,0.556146543408525,-0.498023052659608,-0.211096779399092,-0.188062935702621,-0.56240398089851,0.100766012372035,409.0000000001,0.26356814473605,0.0881568370170679,1072.0000000001,0.604374766980085,0.867942911616134,0.0396693899897831,0.669834871230208,0.198170808306836,-0.0548280689775665,-0.0487803494287952,0.0129888856495868,-0.216063341884004,0.012853833691125,-0.232031684325154,-0.0809349506497665,-0.0588249027642922,0.706250933856483,0.719534467099963,0.0247184490286671,0.802998629824803,-0.658232714974315,-1.30374704394875e-15,0.102215627178156,0.139017963839622,0.167198521564845,-0.860670625048396,0.356900403576783,-0.153089106290544,-0.714425395179506,-0.714425395179506,0.101581790798223,1.06316675953723e-11,0.157844288858002,-0.0355220058231895,0.156051558746733,0.14923603275095,1.49911518678426,1.26131125862503,0,1072.0000000001,0.0120464000032332,0.0276229898865499,0.278824329905411,0.549302543513477,2234.08565253082,0.0625,1304,2,"SNETWORK (2 41 2234.08565253082 0.278824329905411 100000035 1304)",100
29,100000036,-0.640785403352158,121,-0.790377993358492,-0.853832397374456,-0.715996162004961,-0.715344983900652,-0.711097017555422,0.635948877738782,0.593506358944122,1.8502016907856,-0.0885307962291165,0.983084401101325,-0.121138905057918,3.02049823810517,0.983084401101325,0.983084401101325,0.0617966344489694,-0.703815484813829,-0.825159845779127,0.422445860704364,-0.992479349001455,1.05602816075095,-3.18648417450813,-1.88851148851148,0.604422604422604,-0.640785403352158,8,0.188847051683257,-0.232983820106807,-0.231143935340811,-0.269206220395961,-0.641004281220706,-0.637686226651979,-0.0822939804238238,0.190416869303827,1.71899782403076,3513.0000000001,9.65491027916156,0.0535724515133328,910.0000000001,0.0779431005957271,9.73285337965729,0.475780236766863,-0.581449548360474,-0.37595656703957,-0.222182300198905,0.0238684806441021,0.392258276933713,-0.641760613776192,0.42007042154866,-0.361795493378978,0.449852903248866,0.437067323587306,-0.0639858275190151,0.0363928990084237,0.0471973711455172,-0.096106395370102,-0.471792152073761,-0.752292666128179,-0.89778437282183,-0.860982036160374,-0.83280147843515,-1.0675245109505,-0.208965573813984,0.345061660458474,-0.847387810692405,-0.847387810692405,0.364451820706369,1.06316675953723e-11,1.06522075315968,0.954811126586285,-1.23473364692512,1.47901823646284,-0.941567178592686,0.82649179991785,0,3513.0000000001,0.471970070690429,0.00381016597643361,0.74091289398561,1.72481261217035,1375.79659556769,0.25,916,2,"SNETWORK (2 29 1375.79659556769 0.74091289398561 100000036 916)",100
43,100000037,-0.139072576781012,75,0.12371145778112,0.869954874556633,0.545150200838989,0.54037036033024,0.554967563992924,-0.113651454671521,-0.105281517495147,-0.458917507730307,-0.280701926791158,-0.546118776299568,0.608852353803738,-0.689793615759411,-0.546118776299568,-0.546118776299568,0.267347666000468,0.600411511967554,0.406142855320326,-0.0488586078925144,0.738055214808529,-1.14579055441478,2.23053892215569,2.01958041958041,-0.227886977886978,-0.139072576781012,11,0.138796370224884,-0.622785684721886,-0.61467524453957,-0.204820438799525,-0.141833997363504,-0.927000132263992,-0.2779848692534,0.823096463107581,0.0391991884516312,1.0000000001,0.0386318530608198,0.0351378080503775,2.0000000001,0.0692585070837559,0.107890360044576,0.00565019854296188,-0.326399147282956,-0.331956465973853,-1.01412703059656,-0.893496689603201,0.205113168428104,-1.02383085418139,0.234647594893723,-0.831397342700624,0.205768825725278,0.143079384233331,-2.35338664978287,-2.36532122230816,0.00160591984962249,-0.49000222266613,-0.353148128111646,0.538992472803681,0.102215627178161,0.139017963839617,0.167198521564845,-2.64435639532357,-0.0320078812131569,-0.368967134807575,-1.53051534244631,-1.53051534244631,3.00822347812549,1.06316675953723e-11,1.12259833026421,1.09097369766927,1.35850888277233,0.915385918612077,-1.38072443904826,-3.57863341332045,0,2.0000000001,0.00202314308303436,0.00362705535992751,0.298271415349609,0.542334368281464,3232.65317745247,0.0312500660060792,1545,2,"SNETWORK (2 43 3232.65317745247 0.298271415349609 100000037 1545)",100
17,100000038,-0.607740684748865,108,0.152577399052067,0.406018494492994,-0.358045591966192,-0.357303355798844,-0.355675841278248,-0.102493342229808,-0.0905557711157347,0.225273773072336,1.17645987180931,0.706480464341247,0.00207356943612063,-0.0791989198347185,0.706480464341247,0.706480464341247,0.491649830495326,-0.0362072918498217,-0.0207910272837082,-0.429108660032402,0.00507166756548187,-0.596303901437372,0.141716566866268,0,-0.395577395577396,-0.607740684748865,9,0.564578250952374,1.84061149500524,1.87166794048885,-0.372691796892636,-0.607892061021694,0.148987585660905,1.1756223676889,-0.562207448992033,3.78880746033996,1120.0000000001,6.7844888506158,0.22177745234139,1744.0000000001,0.618387134129811,7.40287598464561,0.251703945902308,2.18329661372866,2.66881164540367,0.191605741345517,0.241373138854306,0.0705956716603072,-0.282516143960365,0.0539177866734516,0.566869418688561,-0.448077524552759,-1.14856241603098,0.66466595345754,0.414882178343556,-0.811447478256015,0.273351358499166,0.121428129376515,-0.277526342387342,-1.4058558810172,-1.37829262321507,-1.40813399619979,-0.405561200147255,-0.434402089316771,0.704416693288411,-0.372456469831991,-0.372456469831991,0.180088238597178,1.06316675953723e-11,-0.167158663550381,-0.288070786406079,-0.511972604613436,-0.0453395862130854,0.479703172007111,-0.390274090440691,0,1744.0000000001,0.230678268485327,0.021025677316981,0.374885498982642,0.0123270597541705,1751.21857544383,0.125,527,2,"SNETWORK (2 17 1751.21857544383 0.374885498982642 100000038 527)",100
41,100000039,-0.678193284580417,56,-0.886598059773572,-0.0928456434617663,-0.0369605603324269,-0.0422694509956289,-0.0386919408759992,0.983439601924339,1.16189728998431,0.865439427816187,-0.107480461087345,0.422334111236817,0.478700340514153,0.376383628775428,0.422334111236817,0.422334111236817,0.555578469884014,-0.377085573080279,-0.517897597991316,0.107106481834022,-0.522839591378589,-0.720739219712526,0,-0.434965034965035,-0.700859950859951,-0.678193284580417,10,0.112504120155886,0.600282941562888,0.601815246340657,-0.117002381259277,-0.677017420428838,-0.552799524136972,-0.10463573262882,0.546196681196535,0.12314092475253,396.0000000001,0.311855304612489,0.0781012245643299,432.0000000001,0.215773014549009,0.527628319061497,0.0222771218691767,0.977181910786432,1.35864252448334,-0.790431270616715,-0.531711418512026,0.393333263024285,-0.704837241381058,0.364551655819088,-0.422497161795567,0.341837198839907,0.319968287388511,-0.580579432512748,-0.687454011622936,0.147445332902592,-0.361166365153097,-0.658232714974315,-1.30374704394875e-15,-0.702692813096577,-0.670822822604986,-0.67361177623507,-0.175876580362921,-0.596295992914181,0.70257978203608,-0.170216829073098,-0.170216829073098,3.24269800936892,1.06316675953723e-11,0.797437851903918,0.912598688521146,0.00762601974472206,0.885601984583339,0.0012484908209829,0.208413974477841,0,432.0000000001,0.0131669175882414,0.0091102041809353,0.13992491107924,1.31305205017465,1997.97140211896,0.0625,1262,2,"SNETWORK (2 41 1997.97140211896 0.13992491107924 100000039 1262)",100
16,100000040,0.948004381029643,348,0.288659805977357,0.708741764562854,0.0737102907633875,0.0682577010310203,0.067165878475577,-0.73868404303612,-0.871661937577727,-0.454120329338003,0.302306419437089,-0.619793944374504,-0.46306322758826,0.707281132116734,-0.619793944374504,-0.619793944374504,0.327128536747424,0.644026691711288,0.738627356512946,0.351062966722783,0.719828958114605,-0.443531827515401,0.0161216029479497,0.044324905863371,-0.265923265923267,0.948004381029643,9,1.0506263883382,-1.27623181410464,-1.24820220562985,-0.726690089343971,0.94050193364245,-0.804566374815235,0.303577756565981,0.283184984293177,4.96634928395417,1236.0000000001,9.81414128011487,0.129463013511106,2217.0000000001,0.458889350752887,10.2730306307678,0.60417442063559,0.782554260218643,-0.128195475288011,-0.904889873032758,-0.461981157474237,0.687660629145408,-0.677180211600343,0.885378775328282,-0.0776673878872661,0.694428397160621,1.00422329622997,0.14170846257251,0.607403221512366,-0.850058626142723,1.20495795222112,0.562105955755759,0.451834062908154,-4.52365144789511e-15,-4.51494518067087e-15,-4.84823954093274e-15,0.357561440630441,-1.23846598577474,0.6711296843256,0.39232245491599,0.39232245491599,-0.0536842982788191,1.06316675953723e-11,-0.248300768830356,-0.305060170613311,-0.200021154792323,-0.209571329159911,-1.37552881710665,-2.22334095786883,0,2217.0000000001,0.577186356595335,0.0269880639402552,0.951633047002387,0.699094102846458,3132.96295341003,0.0625,416,2,"SNETWORK (2 16 3132.96295341003 0.951633047002387 100000040 416)",100
12,100000041,0.37514346039949,241,0,-0.0695595240108285,-0.467885001197052,-0.45962963966976,-0.447550990366083,-0.624120534848256,-0.723904528652111,0.00244050171552781,0.0760639910255935,-1.09391403271292,-1.70741960386944,-0.00662368575226257,-1.09391403271292,-1.09391403271292,-5.51020088417464,0.503474069172178,0.640083354739829,1.74291886199816,0.287832332860645,0.184804928131415,-0.778443113772456,0.103496503496504,0.51023751023751,0.37514346039949,7,0.225892650414296,-0.380595679766068,-0.376858199656254,-0.302378555654599,0.371795206224342,-0.391814965117563,0.0779133925353576,0.206791424786314,0.0642665146830524,1077.0000000001,0.11066122798374,0.0875663094312032,2193.0000000001,0.307022859347388,0.417684087231127,0.0209570808946493,-0.677710525840102,-0.81329280815848,-0.454398552385734,-0.0293175105139895,0.683995602185988,-0.292622323012832,0.752113121716847,-0.018545915708889,0.743682758185013,0.858175020889323,0.76608566774811,0.901315537551114,0.0779818677898832,1.90470389304193,0.223123099423871,0.103212322371743,-0.480929489070133,-0.429307272142554,-0.368594249120651,0.125589483297698,-0.155592755379352,0.385830336078753,0.1303970936271,0.1303970936271,0.118205735446284,-3.08427881005663,-0.208722962892491,-0.118854682435743,0.690458499137265,-0.38134582068432,0.389484426564385,-0.0505063888249189,0,2193.0000000001,0.00555236927871415,0.0154047115159352,0.416792199158187,0.145517549924172,2749.38816227663,0.0312499302740435,241,2,"SNETWORK (2 12 2749.38816227663 0.416792199158187 100000041 241)",100
37,100000042,0.427438423432531,103,1.29896932353205,1.22104076566898,1.45807027539656,1.42805593959054,1.43873085382348,0.153668613998496,0.078633280189898,-0.497934889914821,0.588515299654615,-0.430312503274469,0.661286684679003,-1.03626785650291,-0.430312503274469,-0.430312503274469,-0.559895949101306,-0.617615625828376,-0.667890181052728,-0.524773698175173,-0.710405481088311,0.665297741273101,-1.69993346640053,-0.507226107226108,0.644007644007643,0.427438423432531,12,-0.754523541492947,-0.678789164747183,-0.669440941775469,1.1059217829224,0.425106600235167,0.308786394974646,0.59446688773179,-0.621989807362182,0.129098473300158,469.0000000001,0.387213964012074,0.0866099636506611,593.0000000001,0.328457823869953,0.715671787782026,0.0378530740279908,-1.58343198719811,-1.09725909542959,-0.0015787084735757,0.148084409017993,0.246610087443243,0.476978498990701,0.285078053896987,0.704606269034073,0.00981971523543222,0.0384449246635824,-0.0062825131864857,-0.00956109698341366,0.249570019617222,-0.143356338396698,0.528207847926239,1.07109749798066,2.19258446122347,2.15155944355969,2.28302402457116,-1.15437443907256,-0.0254208503032022,-0.301136378597834,-0.899495155898557,-0.899495155898557,1.01287899373445,-5.35970440519161,1.1226288725664,1.19881934409198,1.07606990139216,0.983650805656246,-1.0756801464291,-0.520758099581204,0,593.0000000001,0.0204803920654565,0.0173726818625342,0.604129741741736,0.0656401505693793,4844.97247053919,0.0312499339939208,1151,2,"SNETWORK (2 37 4844.97247053919 0.604129741741736 100000042 1151)",100
41,100000043,0.588092929991094,260,0.680412427894334,0.334368660703197,0.315622755524543,0.310024668600395,0.31737100022456,0.958316458881972,0.831337912919325,-0.628654401216116,-0.657753994525552,0.298962925141784,0.555643188094613,1.98294359690643,0.298962925141784,0.298962925141784,0.26902091430179,-0.50024871176942,-0.628255183463704,-0.0517757753968154,-0.649027816408621,-0.720739219712526,0,-0.434965034965035,-0.700859950859951,0.588092929991094,10,-0.397153021345009,-3.96585051367816,-3.71414985334196,0.180937289588536,0.59129070947416,1.01595894511895,-0.699893538896755,1.25733880196819,0.144009815698189,969.0000000001,0.89242434817997,0.0353511897605293,30.0000000001,0.00678235993861522,0.899206708018586,0.0860309810240415,0.114543520141872,-0.907836914196152,0.298369129873678,1.20532703977446,1.41740797236252,1.97759042586287,2.96846307563831,-0.420683111854598,-0.110068134146337,0.239175039506217,0.547573379691347,0.54314817197296,-0.190454933236794,0.663792206038337,0.562105955755759,0.451834062908154,0.102215627178161,0.139017963839617,0.167198521564845,0.174309972930357,0.507506568717114,0.328248330268188,0.183078762990058,0.183078762990058,0.216510163338112,1.06316675953723e-11,-0.419325805785499,-0.406229807143513,0.212992964838455,-0.496660727706239,0.69506832768772,-0.535989242483208,0,969.0000000001,0.0853820833293532,0.000648897594688229,0.815113885267433,0.851330935761921,3145.72090225409,0.0625,1466,2,"SNETWORK (2 41 3145.72090225409 0.815113885267433 100000043 1466)",100
41,100000044,0.0123541194285817,188,-0.886598059773572,-0.0928456434617663,0.315622755524543,0.310024668600395,0.31737100022456,0.939369711809163,0.897246299433298,-0.331384610131433,-0.40488013588606,0.884151947279276,0.60006192516298,0.737393413349525,0.884151947279276,0.884151947279276,0.472821110116343,-0.648343393273087,-0.775919730641173,-0.268971082547842,-0.795971248296036,-0.720739219712526,0,-0.434965034965035,-0.700859950859951,0.0123541194285817,10,-0.588245097069148,-0.366390008051322,-0.362860184107903,0.772424879486183,0.00881137897812798,-0.0582125925147546,-0.399082112272733,-1.10596671995467,0.1156597775045,1029.0000000001,0.761120231705526,0.0622679944525084,371.0000000001,0.147738718160994,0.908858949766519,0.0454872481333436,-0.305952339561669,-0.205914523295521,0.092483852741907,-0.313547601595238,-0.629591463334356,0.063947619852549,-0.691914006611221,-0.380336275343014,-0.854033924860137,-0.435908626465244,0.909999487415012,0.755374766969709,0.0667310182384896,1.40017556248927,-0.353148128111645,0.538992472803679,0.102215627178165,0.139017963839617,0.167198521564845,-0.0262316323900292,-0.418007206834424,0.863085805296163,-0.0262839987762263,-0.0262839987762263,0.0534357852462509,-0.0212675154080372,-0.643882890173774,-0.609385475468014,-0.17576926600811,-0.648688100111074,0.0158581871208273,-0.71848547511926,0.00154897777044952,1029.0000000001,0.0380931108957444,0.00739413713759922,0.574702466476628,1.07367325418404,2737.04704013173,0.0625,1394,2,"SNETWORK (2 41 2737.04704013173 0.574702466476628 100000044 1394)",100
43,100000045,0.185114524730594,132,0.12371145778112,0.869954874556633,0.965149594579297,0.947078472655203,0.966783102940535,0.0662659411126956,0.0326999021921512,-0.518065727831687,-0.389651160769023,-0.117507195647335,0.93464484159405,-1.15087656913783,-0.117507195647335,-0.117507195647335,0.254034469961472,0.484833154875063,0.296562562105672,-0.660907074583289,0.704387815522862,-1.14579055441478,2.23053892215569,2.01958041958041,-0.227886977886978,0.185114524730594,11,-0.397096912002566,-0.255099416260937,-0.253011741239195,0.429722831310125,0.18408378357269,0.686315124894649,-0.386624956834999,-0.240015354509792,0.0486198199050261,2.0000000001,0.0958322766686122,0.0332452250713242,4.0000000001,0.131056248634608,0.22688852520322,0.0111345676513371,-0.0472864512362468,-0.311681482637803,1.01034702520049,0.46905961655153,-0.849759269389062,0.651903008767599,-0.915361879344586,-0.0717009332086925,-0.963050715794296,-0.460391185885093,-0.395120545021399,-0.464564085826041,0.0721080898590535,-0.280959066367685,-0.353148128111646,0.538992472803679,2.19258446122347,2.15155944355969,2.28302402457116,-0.353835343255276,-0.0832822096047931,0.0142890432784356,-0.328785765536892,-0.328785765536892,-1.29250516784356,1.06316675953723e-11,0.294449940037272,0.0377231569968383,-0.172471967306617,0.378216732295924,-0.655059162023105,-0.951622250330944,0.0477166595801515,4.0000000001,0.00470297454032191,0.0064315930110152,0.519315696401582,1.50689280983361,3555.08358689485,0.0312500660060792,1601,2,"SNETWORK (2 43 3555.08358689485 0.519315696401582 100000045 1601)",100
16,100000046,0.770282224208358,311,0.288659805977357,0.708741764562854,0.0737102907633875,0.0682577010310203,0.067165878475577,-0.724681539056562,-0.81409863803286,-0.384419708071783,0.395524740470174,-0.28796017006847,-0.49347358310433,0.508207110333276,-0.28796017006847,-0.28796017006847,0.365534832480048,0.573054836463719,0.66601147663873,0.269605684735826,0.645266009695435,-0.443531827515401,0.0161216029479497,0.044324905863371,-0.265923265923267,0.770282224208358,9,-0.500265795840478,-0.0729328363057579,-0.072507157531869,0.647178764148647,0.765156341781137,-0.485641771008819,0.396498997968795,0.34138108578605,0.141088794191504,334.0000000001,0.0753417256967088,0.107507106166676,6435.0000000001,1.10606919575262,1.18141092134932,0.0561451716840359,0.524175027809872,0.184597070608417,-0.515487856067697,-0.302472623797557,0.333061628614645,-0.476733262697765,0.346821802135483,0.0985425970737478,0.504788799894037,0.791747741035998,0.756492039826608,0.505446817780734,0.1232846639342,1.23400454099131,0.562105955755759,0.451834062908154,-4.52365144789511e-15,-4.51494518067087e-15,-4.84823954093274e-15,0.599691996444091,-1.06190053409613,1.24088595114045,0.69775044077854,0.69775044077854,-0.213313392980113,-0.0304851725931729,-0.283879381975229,-0.139778006875505,0.385534378846235,-0.389997029806584,-0.632554879456421,-0.833468333318798,0,6435.0000000001,0.00358052734656569,0.0525646442374702,0.358791504176909,1.77437947754131,2920.62272530159,0.0625,379,2,"SNETWORK (2 16 2920.62272530159 0.358791504176909 100000046 379)",100
37,100000047,0.125180998812202,41,1.29896932353205,1.22104076566898,1.45807027539656,1.42805593959054,1.43873085382348,0.0930418329635458,0.0216958305057859,-0.502311055548213,0.688261836170214,-0.316882445085265,0.610395838604455,-1.09007643104659,-0.316882445085265,-0.316882445085265,-0.514350775482955,-0.536180876428101,-0.576683390052194,-0.443657090155434,-0.622586984722953,0.170020533880904,-0.850299401197607,-0.17062937062937,0.240786240786241,0.125180998812202,12,0.712211203549734,-0.142607133683056,-0.141647326352533,-0.577325605233351,0.123217166196208,-0.412631817532815,0.688493454753277,0.333437181752827,0.325317114806223,1170.0000000001,2.43416400183874,0.600043698872788,150.0000000001,0.575613804172721,3.00977780591146,0.144803392500903,0.643510726750527,1.63226840277906,-0.280989334306382,-0.36710468069547,-0.119789129579372,-0.372319254207422,-0.126885066578066,0.313970841437052,-0.14397904660256,-0.273959044542513,0.106702566872828,0.289198786125909,-1.00928522529562,0.711964977534191,0.528207847926239,1.07109749798066,2.19258446122347,2.15155944355969,2.28302402457116,0.788027590601866,1.42119209312382,-0.892483955345559,0.960396797730957,0.960396797730957,-0.496955885638845,-0.394215636799073,-0.757458743700342,-0.564917944077577,-0.724927755012865,-0.640415675256371,-0.315621941018209,-0.980931733190051,0,1170.0000000001,0.117110041954375,0.027693350446528,0.24014440553278,0.025025475177103,4475.48481078766,0.0312499339939208,1089,2,"SNETWORK (2 37 4475.48481078766 0.24014440553278 100000047 1089)",100
17,100000048,-0.944331668903349,32,-0.711340194022643,-0.147031598306002,-0.358045591966192,-0.357303355798844,-0.355675841278248,-0.0351259311913168,-0.0321850846856752,0.350148028375475,1.35739938754514,0.652224636660222,0.049329308575656,-0.0839563425859346,0.652224636660222,0.652224636660222,0.512531380240193,0.0194742018156877,0.0121651889469062,-0.491346476140426,0.0866633443461981,-0.596303901437372,0.141716566866268,0,-0.395577395577396,-0.944331668903349,9,0.517304177307558,-0.14213145607581,-0.141175719919545,-0.483312723741485,-0.939472215757765,0.612908638051267,1.35590504755313,0.0851490122989733,2.25256497140102,1470.0000000001,5.29408897067039,0.474231296215451,144.0000000001,0.109181555711676,5.40327052628206,0.259934900612014,-0.411613301755433,-0.298235892024114,-0.191526088587926,0.415038474901502,0.952744334931303,0.568829616666026,1.00495010900911,1.06109375630505,1.21139181621224,3.39725821232349,0.659896823913704,0.0355938864030868,-0.846946572207994,-0.100259123481764,-0.675181930528773,-0.587156310063935,-1.4058558810172,-1.37829262321507,-1.40813399619979,-1.24364257745191,-0.53581508021424,0.0739785044267853,-0.950894822324193,-0.950894822324193,0.187319804856283,1.06316675953723e-11,0.023725926179787,-0.112511183537385,-1.17513029603029,0.323930554269433,-0.616918420091453,-1.36882285396589,0,1470.0000000001,0.254682508158504,0.0052523923535106,0.107051947335092,0.275679551996291,1305.24193354101,0.125,451,2,"SNETWORK (2 17 1305.24193354101 0.107051947335092 100000048 451)",100
12,100000049,0.426346014263415,249,0,-0.0695595240108285,-0.467885001197052,-0.45962963966976,-0.447550990366083,-0.663364113817231,-0.764080999262789,-0.0515135892790851,0.0480567673540846,-1.126570534713,-1.74338685679159,-0.048221784040054,-1.126570534713,-1.126570534713,-5.42916171120295,0.496275930238138,0.637934131557901,1.71086777204489,0.284624694314124,0.184804928131415,-0.778443113772456,0.103496503496504,0.51023751023751,0.426346014263415,7,0.648484299851301,-0.236349579212545,-0.234472809032343,-0.554222209158883,0.422995321629047,-0.474654118741802,0.0499394559023333,0.42683384243789,0.0859228022022686,655.0000000001,0.0899797467679024,0.0842267168480169,713.0000000001,0.0960139720069073,0.18599371867481,0.00909750661840534,-0.0751300227582024,-0.439110976993536,-0.390486166746334,-0.426976854504031,-0.0483513124853441,-0.426476602986614,-0.0524405872987236,-0.116259781565339,-0.0653390792308009,-0.0696581290344553,0.387127068068863,0.576466120998986,0.176768374642067,0.780417467342282,0.223123099423871,0.103212322371745,-0.372762587772654,-0.325000203664433,-0.259786209103377,0.512071789815044,0.585486158201541,1.00156146451938,0.583215629646092,0.583215629646092,-0.457559934532797,-4.36265703378838,-0.165409267783261,-0.188984541480719,0.555257122088301,-0.301244893240038,1.24895257964172,0.733753294456319,0,713.0000000001,0.00440117729839598,0.00469632922000936,0.578951099129822,1.3167966529727,2794.90510079187,0.0312499302740435,249,2,"SNETWORK (2 12 2794.90510079187 0.578951099129822 100000049 249)",100
41,100000050,0.274621135692272,222,-0.419244275461604,0,0.315622755524543,0.310024668600395,0.31737100022456,0.999570572916875,0.892098091317706,-0.436116062220496,-0.481206434782477,0.612796888528855,0.758707285823163,0.28097070305322,0.612796888528855,0.612796888528855,0.41291343536542,-0.712485284050121,-0.843767871847214,-0.340971135752604,-0.86365562473694,-0.720739219712526,0,-0.434965034965035,-0.700859950859951,0.274621135692272,10,-0.264952659019807,-0.0771438185718305,-0.0766894049918709,0.250845536375412,0.271604226284209,-0.372072200910469,-0.477926662474572,0.419964190388284,0.162216190731772,744.0000000001,0.771831809992778,0.0362930786311939,91.0000000001,0.021121304715981,0.792953114608759,0.0377121390362556,-0.155662098855134,0.0202512393752682,-0.391985222462319,-0.273779478877324,0.19077882411203,-0.339782676255912,0.198636791945118,-0.746023838801547,0.14142256907247,0.0636096983264353,-0.0668325114244616,0.0966687966825279,0.0363234783517013,0.276806338256023,0.562105955755759,0.451834062908155,0.102215627178161,0.139017963839622,0.167198521564845,0.499331440224857,0.0342108394886567,-0.607399026686975,0.566948788673378,0.566948788673378,-0.823736892526976,1.06316675953723e-11,0.0205813635345122,0.085804541166961,0.0373083752577495,0.0275857677497629,0.263922734775683,-0.137484210354966,0.00465763589033431,744.0000000001,0.0367076286321548,0.00100451030410077,0.689471673284845,0.0927198879539087,2932.14249456123,0.0625,1428,2,"SNETWORK (2 41 2932.14249456123 0.689471673284845 100000050 1428)",100
41,100000051,-0.455916676673367,108,-0.886598059773572,-0.0928456434617663,0.315622755524543,0.310024668600395,0.31737100022456,0.934068320268738,0.974694302163837,0.28830895800331,-0.255833326403971,0.652994712428795,0.4521230912941,0.44974843185024,0.652994712428795,0.652994712428795,0.515959198199672,-0.657099446901055,-0.783510566193172,-0.118037722032327,-0.834640858355034,-0.720739219712526,0,-0.434965034965035,-0.700859950859951,-0.455916676673367,10,-0.327692276831644,0.643488382519117,0.645467713536051,0.46001497098397,-0.455916659327673,0.0707444261703862,-0.252649840986922,-0.579902594146611,0.0668890140628483,1127.0000000001,0.482096800634951,0.0960796176156886,309.0000000001,0.189865162140577,0.671961962675527,0.0281570331905403,-0.0405436070348032,-0.0871428056744862,-0.465656448187703,0.507190552529394,1.51020995145158,-0.0651917949776476,1.38845742649173,-0.230144224749654,1.30028738631708,0.949185714306775,-0.168589296976059,-0.0207664683926411,-1.107671010918,-0.113859589397601,-0.658232714974315,-1.30374704394875e-15,0.102215627178161,0.139017963839617,0.167198521564845,-0.545235412415905,-1.00850794640796,-0.0156566042652794,-0.485240472050758,-0.485240472050758,1.03278170698737,-0.228003686755299,-0.485244852912923,-0.428038304105389,-0.375800383242278,-0.426617768751121,0.328635179741434,0.385151853291175,0,1127.0000000001,0.0202011666158566,0.00795586647468371,0.311108755347488,0.489311116747558,2288.96574474181,0.0625,1314,2,"SNETWORK (2 41 2288.96574474181 0.311108755347488 100000051 1314)",100
43,100000052,0.161200711143123,129,0.12371145778112,0.869954874556633,0.965149594579297,0.947078472655203,0.966783102940535,0.0442697704682297,0.0296335521731401,-0.488420104868099,-0.369910792646006,-0.215540592475071,0.854902754633434,-0.981573178418982,-0.215540592475071,-0.215540592475071,0.263238891174143,0.455407160915682,0.267676151358898,-0.544199298764292,0.645925002545315,-1.14579055441478,2.23053892215569,2.01958041958041,-0.227886977886978,0.161200711143123,11,-0.291854779361794,-0.191865018524438,-0.190451882777886,0.273362525429903,0.160021485948909,0.834003920105882,-0.366919097101272,-1.26273124616376,0.0618260159225894,8.0000000001,0.487449593389796,0.053598594641351,12.0000000001,0.633874254226052,1.12132384751585,0.0544186006796631,-0.193389629372205,-0.19395515077504,0.793711724676456,-0.801305419067847,-2.48162285530836,0.735970263707657,-2.64238979737881,-8.29816512924656e-05,-2.43777084947792,-1.4165381866892,-1.12012216554836,-0.880019414060832,-0.0254350493154539,-0.330510453564566,-0.353148128111646,0.538992472803681,2.19258446122347,2.1515594435597,2.28302402457116,0.899294946004719,-0.605419178688808,0.611218796406479,1.12678040992505,1.12678040992505,-0.528350468116403,1.06316675953723e-11,0.488025749669059,0.131113438580002,0.712067477822904,0.376542301510979,-0.675433156317906,-0.0665914749301339,0,12.0000000001,0.0236562566479684,0.0307623439316948,0.50751150774905,0.127432817593217,3537.86518449033,0.0312500660060792,1598,2,"SNETWORK (2 43 3537.86518449033 0.50751150774905 100000052 1598)",100
43,100000053,0.0255526258032696,107,0.12371145778112,0.869954874556633,0.965149594579297,0.947078472655203,0.966783102940535,-0.0465349339871275,-0.041785421262582,-0.462922320802479,-0.328626406314136,-0.463426221198643,0.689206519415542,-0.781245205152543,-0.463426221198643,-0.463426221198643,0.246195417044269,0.486418122367491,0.291956795096247,-0.265252899801478,0.633955628892089,-1.14579055441478,2.23053892215569,2.01958041958041,-0.227886977886978,0.0255526258032696,11,0.624331552675111,0.144235842981465,0.143791343007921,-0.528101293376645,0.0294647596422979,0.508673233546573,-0.325744586844966,0.430843962521831,0.254171494494541,3.0000000001,0.751478503445577,0.110797949235303,3.0000000001,0.327583064394033,1.07906156773961,0.0493576475872799,0.874076755663657,0.83835414592151,-0.0932922019806852,0.159160428872298,0.379664816823357,0.4159406960608,0.380777539020311,-0.0885958095008467,0.361425616055987,0.235534325829661,0.56622574896248,0.364630807551386,0.0912549674268423,0.155111147374018,-0.353148128111646,0.538992472803682,2.19258446122347,2.15155944355969,2.28302402457116,-0.495011457967294,-0.472748404094206,0.470205098675557,-0.445530436831422,-0.445530436831422,-0.00418415262668792,-0.048166109948414,0.583089690803066,0.595738760783423,0.924246244098614,0.429402099307108,-0.494895998947378,-0.379193525035125,0,3.0000000001,0.0343735817999104,0.0149840656873695,0.419336852995213,1.33627351729346,3409.24756136334,0.0312500660060792,1576,2,"SNETWORK (2 43 3409.24756136334 0.419336852995213 100000053 1576)",100
3,100000054,-0.294169364021444,108,-0.226804037760009,-0.273941878615531,-0.467885001197052,-0.45962963966976,-0.447550990366083,-0.355552802848288,-0.422190569237437,0.570283577965261,0.785485076798755,-0.0455181422483876,-1.21642909378921,-0.129719605984185,-0.0455181422483876,-0.0455181422483876,-4.39462968741217,0.172413640131344,0.236429887188073,1.14867462070585,-0.0207536157481697,0.0739219712525668,-0.0898203592814364,1.0005994005994,0.837837837837838,-0.294169364021444,7,0.259632065377707,0.0690535252779243,0.0687752214646929,-0.342085607411086,-0.295096877453048,0.249648902747634,0.785656552861858,-0.760817414894438,0.300655370535534,2251.0000000001,1.08203048130431,0.100476782189587,2156.0000000001,0.346345467648519,1.42837594885283,0.0662057149094137,-0.0954226177863892,-0.120302414843368,0.461634557796497,0.0438739994917658,-0.648870982964396,0.231554763246749,-0.659985728477371,0.676776491171064,-0.234870025141778,-0.481854764360972,-0.155443829181916,-0.363199633283377,0.164989980762531,-0.214808020729879,-0.183656619125852,-0.461007527196321,-0.897784372821835,-0.860982036160378,-0.83280147843515,-0.0267956127720584,-0.541954433186319,1.02473925306863,-0.026845560840382,-0.026845560840382,1.58368419630347,-12.5636674572793,1.24102407379592,1.05579278179741,0.905662152202633,1.15448908851352,0.0409874144170657,-0.798463134594841,0,2251.0000000001,0.0501524836764816,0.0160532311329321,0.549069411764518,1.10682351633676,1982.20018851836,0.0624998605480869,109,2,"SNETWORK (2 3 1982.20018851836 0.549069411764518 100000054 109)",100
36,100000055,0.817516306217772,188,1.29896932353205,1.22104076566898,1.45807027539656,1.42805593959054,1.43873085382348,0.425435673922881,0.373641334233081,-0.223851785632392,-0.0475124974203873,-0.32918283015139,0.851578724502099,-1.69490232789485,-0.32918283015139,-0.32918283015139,-0.608464662017279,-0.564981744451348,-0.682312949191076,-0.946802082054015,-0.566790009153527,0,0.0419161676646709,0.81118881118881,0.42997542997543,0.817516306217772,12,-0.0802914032815241,0.0525446187112144,0.0523218660045745,0.0270847333762299,0.816261728577645,0.402417232926372,-0.0453945017213222,0.45372732816346,0.175707427625011,380.0000000001,0.427002855258435,0.116745817448886,1078.0000000001,0.804854085411505,1.23185694056994,0.0572631361776598,0.12420973398801,1.27378289413428,0.0118890348711222,0.0354452665981746,0.0382242063670789,0.358980727103663,0.0387132172692173,0.210211813315107,0.0419418614331465,0.0435387537768989,-0.134080703585025,-0.144089624906761,-1.16596410383392,-0.165481713647451,0.596004386864676,1.11697181886013,2.19258446122347,2.15155944355969,2.28302402457116,-0.320133742571044,-0.521485947644022,-1.82395204209303,-0.29975933419735,-0.29975933419735,0.521571481136117,1.06316675953723e-11,-0.37777314525363,-0.231049644296105,-0.0836711137062844,-0.379482471743344,0.190300203957368,-0.197732085194328,0,1078.0000000001,0.019849319995842,0.0374138160818178,0.561897083754273,1.88540295076348,5354.4192362083,0.0156249669969604,1036,2,"SNETWORK (2 36 5354.4192362083 0.561897083754273 100000055 1036)",100
17,100000056,-0.82198141790466,61,-0.711340194022643,-0.147031598306002,-0.358045591966192,-0.357303355798844,-0.355675841278248,-0.0384993252557895,-0.030483490696569,0.316246870010108,1.31326665522692,0.691555655389707,0.0610021563116225,-0.0935024354077695,0.691555655389707,0.691555655389707,0.509896827024122,-0.00924653635978995,-0.0110833722620694,-0.455423247720873,0.0438791401152582,-0.596303901437372,0.141716566866268,0,-0.395577395577396,-0.82198141790466,9,0.779245970261316,0.0311691797864172,0.0310285937973346,-0.596404255580929,-0.820478627484953,0.253735495175784,1.31189559573733,-0.413387845116201,0.202690405580922,1e-10,1e-10,0.139058895789839,2999.0000000001,0.666763498406408,0.666763498406408,0.0311114895940586,0.209786354744989,0.0760255046184838,0.176358206485026,0.125025664262613,-0.0778129359391834,0.244694232616879,-0.0799311493594446,0.889088046909968,-0.0536954162366674,-0.145416506015751,0.548562548137803,0.664715246145276,0.311869407669345,1.13488488558896,-0.341505482861793,-0.538798388549033,-1.4058558810172,-1.37829262321507,-1.40813399619979,-0.0120425825619437,0.790541999298081,-0.283028534976213,-0.0121069908912333,-0.0121069908912333,-0.373320074892718,1.06316675953723e-11,-0.418167427790711,-0.500277104665335,-0.625955431530781,-0.292719159964231,0.684579527885311,0.683069359417417,6.95019590840517e-13,2999.0000000001,0,0.0311114894940586,0.207013366446869,0.598397404491482,1471.69030321343,0.125,480,2,"SNETWORK (2 17 1471.69030321343 0.207013366446869 100000056 480)",100
28,100000057,-0.289307337392891,177,-0.790377993358492,-0.853832397374456,-0.715996162004961,-0.715344983900652,-0.711097017555422,0.770915197196794,0.781670851652144,2.02531626570661,-0.424776225684552,0.468015188963479,0.104606301372993,2.82494768785798,0.468015188963479,0.468015188963479,0.00287139274912115,-0.867037022080066,-0.938438794929294,0.709535226027822,-1.25081174179299,0.468172484599588,-2.26546906187625,-1.53286713286713,0.194922194922195,-0.289307337392891,8,-0.212764271921912,-0.606153444260666,-0.598394077094716,0.10533253317856,-0.288594074977943,-0.111771377480198,-0.421410292948988,-0.0998537011978572,0.132128103389576,2402.0000000001,0.507414612054951,0.0983467142884028,2873.0000000001,0.451741766934467,0.959156378889418,0.0500831931107411,-0.200828069626557,-0.161697699085577,-0.0526766411086333,-0.0659518216119476,-0.0168063894863901,0.0704697852542612,-0.0202161322122112,-0.416639285000763,0.0330475937205233,0.0204928015316356,-0.0200779946672802,-0.241658454140737,-1.13561740856413,-0.0218918546320081,-0.471792152073761,-0.75229266612818,-0.897784372821839,-0.860982036160378,-0.832801478435155,0.669213274453367,-0.0605492396392499,1.4943918075045,0.792022261737619,0.792022261737619,0.65221442896076,1.06316675953723e-11,-0.308188250706394,-0.264574992123821,0.280807078089725,-0.391320646069515,0.733178918540467,0.160736716491955,0,2873.0000000001,0.0264950997657802,0.0235880932449609,0.0820700243578802,0.697731438887386,1681.30949584666,0.125,718,2,"SNETWORK (2 28 1681.30949584666 0.0820700243578802 100000057 718)",100
41,100000058,-0.160108301974002,162,-0.886598059773572,-0.0928456434617663,0.315622755524543,0.310024668600395,0.31737100022456,0.971633001321636,0.978648429399865,0.047141208660482,-0.308134643310431,0.814899050624006,0.575246540577882,0.392039309560479,0.814899050624006,0.814899050624006,0.500217204100779,-0.794929502717435,-0.922458235534101,-0.302196189953506,-0.974692187150876,-0.720739219712526,0,-0.434965034965035,-0.700859950859951,-0.160108301974002,10,-0.535676093791276,-0.236171039158535,-0.234296233041387,0.680013502506281,-0.161959103314075,0.112284687050838,-0.30522895922962,-1.17894668317404,0.2314798751964,1415.0000000001,2.09471633079915,0.0267858133719994,124.0000000001,0.0212413474820124,2.11595767818116,0.103494529790923,-0.431592873597572,-0.353230173474941,0.24834949357517,-0.340218461960895,-0.920796795479621,0.19103092376952,-0.988510026611644,-0.169704025545238,-1.20807034887166,-0.797042386066742,-0.171148097622258,-0.0877537374115755,-0.00614844340170515,-0.0808966066359245,-0.658232714974315,0,0.102215627178161,0.139017963839617,0.16719852156485,0.136447672106033,-0.211376464878012,-0.254104264881446,0.142034473134177,0.142034473134177,0.512805100958932,1.06316675953723e-11,-0.775013590194046,-0.633052110763373,0.372159930613563,-0.924676573137744,0.934374605339584,1.35762475419745,0,1415.0000000001,0.102455584876442,0.00103894481448062,0.492231174131993,0.723517151920893,2596.85460781622,0.0625,1368,2,"SNETWORK (2 41 2596.85460781622 0.492231174131993 100000058 1368)",100
41,100000059,-0.225601771381732,149,-0.886598059773572,-0.0928456434617663,0.315622755524543,0.310024668600395,0.31737100022456,0.973063030023264,0.987404638904524,0.0861915194158814,-0.30203428447024,0.813977402284157,0.573340284852157,0.370390752353732,0.813977402284157,0.813977402284157,0.503278971843466,-0.791209462098532,-0.916067798276316,-0.278682619144027,-0.974307252501288,-0.720739219712526,0,-0.434965034965035,-0.700859950859951,-0.225601771381732,10,0.299849392229176,1.1884145460246,1.19973147272905,-0.228741833111254,-0.225633801766277,-0.324230392667742,-0.299159469986564,0.606915648298443,0.263345427907876,1709.0000000001,2.87821601009511,0.113438139860705,368.0000000001,0.26696999551456,3.14518600550967,0.119809811549822,-0.159197873544899,-0.111516769549982,-0.418501327053391,-0.108061329779457,0.489090596561248,-0.56876916596372,0.409454660942504,-0.57125432741012,0.581772174460618,0.38927259540949,-0.735127778310859,-0.998492833513199,-1.4049739987463,-0.425927541084155,-0.658232714974315,-1.30374704394875e-15,0.102215627178161,0.139017963839617,0.167198521564845,-0.951203351087065,0.437354110279457,-0.658741541744197,-0.774202527981097,-0.774202527981097,3.35841732040615,1.06316675953723e-11,0.441791508917427,0.487077232802929,0.379455613636696,0.406256872640585,1.04303319671281,1.56602827050824,0,1709.0000000001,0.109640102962513,0.0101697084873084,0.451653082350214,0.698984342122018,2527.87616424052,0.0625,1355,2,"SNETWORK (2 41 2527.87616424052 0.451653082350214 100000059 1355)",100
3,100000060,-0.627189585111566,25,-0.494845044588713,-0.486027089260215,-0.640656641110964,-0.630828421199535,-0.621755757978306,-0.302516340053104,-0.389765922656123,0.668064052986529,1.18352177419903,-0.00181281873568899,-1.14959348132192,0.37526097243025,-0.00181281873568899,-0.00181281873568899,-4.85762568313576,0.264002912505319,0.262480540661964,1.16991600673487,0.090824747038774,0.0221765913757709,0.149700598802395,1.22237762237762,0.834152334152334,-0.627189585111566,7,0.246238139935287,0.652566378511043,0.654645234433296,-0.234341678525974,-0.623289580778318,0.620303008386594,1.18245940227972,0.347982943110759,0.141359873903311,1206.0000000001,0.272563998150877,0.0653484934819317,1664.0000000001,0.173853699202927,0.446417697253804,0.0186763808184174,-0.0840689724961849,-0.0629877450301898,1.01252335890284,0.564127831749074,-0.702715820588503,0.363348560185476,-0.644593368863532,0.901992729598862,-0.805950825027138,-2.05892089856518,1.02870839428087,0.691637708937466,-0.702141883229308,1.01227812024342,-0.471792152073761,-0.75229266612818,-1.33330847450846,-1.28149710110088,-1.29202716513703,0.178358258267756,-0.00274388149067087,-0.00541045123120104,0.187510389284681,0.187510389284681,-0.0980411719901781,-1.28549876053129,-0.45023657554422,-0.549893608132691,-1.69999291197834,-0.0683770762215033,-0.0392171155640538,-0.376465126145339,0,1664.0000000001,0.011403017913912,0.00727336280450544,0.200296851405572,2.14061223522231,1479.30478247201,0.0624998605480869,26,2,"SNETWORK (2 3 1479.30478247201 0.200296851405572 100000060 26)",100
3,100000061,-0.574993950045,39,-0.494845044588713,-0.486027089260215,-0.640656641110964,-0.630828421199535,-0.621755757978306,-0.304517170686014,-0.383206878722631,0.680411284857608,1.07605416392957,0.0648061038494103,-1.12391194554447,0.380574018518751,0.0648061038494103,0.0648061038494103,-4.90887046324261,0.270407626203845,0.294139419403774,1.32453374182867,0.0705946670682205,0.0221765913757709,0.149700598802395,1.22237762237762,0.834152334152334,-0.574993950045,7,0.852070388659245,0.792656857676934,0.796516175778051,-0.596907058913802,-0.575668200238653,-0.323517092355294,1.1529790259563,-0.228400624327024,0.0347052803927024,97.0000000001,0.00538223099592562,0.119553417240327,5380.0000000001,1.02834609670611,1.03372832760204,0.0421989479931452,4.56248711698588,5.57123026502737,0.0797941584515435,-0.141920528304183,-0.279936556316239,-0.481832366372822,-0.250248212024771,0.446676327567829,-0.701917592820064,-1.5736677851104,0.550136116149965,0.112826828504884,-0.890629037831351,0.209282303920052,-0.327724466419656,-0.606650446634182,-1.18926697056759,-1.14241875549932,-1.14014680236341,0.845870432118041,1.28311783254851,-1.69671083037045,1.04581231021477,1.04581231021477,-0.0934695159862583,-1.95641873159382,-0.395181424395709,-0.520890483293987,-1.81153146671144,0.0188672923752707,0.245505228675674,0.281436672352981,0,5380.0000000001,0.000219713898790872,0.0419792339943543,0.25549861471209,1.94816375850832,1558.90024475246,0.0624998605480869,40,2,"SNETWORK (2 3 1558.90024475246 0.25549861471209 100000061 40)",100
37,100000062,0.313918670916907,78,1.29896932353205,1.22104076566898,1.45807027539656,1.42805593959054,1.43873085382348,0.111624655730622,0.0447613355465339,-0.507743610233987,0.642466056832364,-0.37898177305382,0.624999755873753,-1.10922661257313,-0.37898177305382,-0.37898177305382,-0.535751257755097,-0.571442841639043,-0.619459192647732,-0.497279238680546,-0.657227123290446,0.665297741273101,-1.69993346640053,-0.507226107226108,0.644007644007643,0.313918670916907,12,-0.459684478884366,0.0586468485478276,0.0584027601764058,0.593262957592859,0.311505221089114,0.0159282281501279,0.642942880451419,-0.364772455856921,0.0702615840175203,44.0000000001,0.0197709563152753,0.0856665281988361,1596.0000000001,0.87438181161976,0.894152767835035,0.0415202653726047,-0.823892483234551,-0.922653425655641,-0.223136182141754,-0.355679108735917,-0.205387690291134,0.0287774092382854,-0.209468403116704,0.506638325425873,-0.244709308608836,-0.456259147967283,0.327224229883171,0.296224443019593,0.255183404970032,0.570209521451542,0.528207847926239,1.07109749798066,2.19258446122348,2.15155944355969,2.28302402457116,0.596157053190027,0.126021298518783,1.28206252234579,0.693038325220627,0.693038325220627,0.00128467837495476,-0.110707087856652,0.284437005323801,0.31574027716741,0.588530174119994,0.183407726445118,-0.673041835844361,-0.294561772351042,0.0046563796082439,1596.0000000001,0.000918070576273762,0.0406021946963309,0.45463457166868,1.34822490925908,4693.21739955265,0.0312499339939208,1126,2,"SNETWORK (2 37 4693.21739955265 0.45463457166868 100000062 1126)",100
29,100000063,-0.490647548073426,148,-0.790377993358492,-0.853832397374456,-0.715996162004961,-0.715344983900652,-0.711097017555422,0.57799294553106,0.558716134409816,1.77838852171403,-0.231737286950448,1.18485977397389,-0.20961427981233,3.49880574650434,1.18485977397389,1.18485977397389,0.125315364638421,-0.780233304201399,-0.864809039056635,0.852179636593019,-1.1674909856258,0.340041067761807,-1.74251497005988,-1.15244755244755,0.0515970515970513,-0.490647548073426,8,0.0061012395189062,-0.0760583387712461,-0.0756113758039283,-0.0838946010755137,-0.492068136847021,-0.565992016863817,-0.229071571718744,-0.262719735736594,0.548854133207818,2619.0000000001,2.29819673355248,0.185854885100318,2455.0000000001,0.729491511450916,3.0276882449034,0.143966600292041,-0.23781644420829,-0.321498997607794,0.248250788428876,-0.491878225147159,-1.15236613820012,-0.578532498551145,-1.20238577587808,-0.485261910431337,-1.19902314942689,-0.904508275388437,-0.927451914463194,-0.610580043706318,-1.38672972702029,-0.184382816258662,-0.471792152073761,-0.752292666128179,-0.897784372821835,-0.860982036160378,-0.83280147843515,0.81835321912852,1.44237086610009,-1.06552572902013,1.00489020986556,1.00489020986556,1.16011978460995,1.06316675953723e-11,0.0443175366425942,-0.0166066504352857,-1.36069526936971,0.391312659785717,1.0352397638004,0.808319987892081,0,2619.0000000001,0.109279273008207,0.0346873271838346,0.898782687787098,0.982873928576416,1522.25474956991,0.25,943,2,"SNETWORK (2 29 1522.25474956991 0.898782687787098 100000063 943)",100
17,100000064,-0.307368068858254,162,0.152577399052067,0.406018494492994,-0.241215637293384,-0.241906399880321,-0.243823950879704,-0.257656875582432,-0.25493675277693,0.0814630999180174,0.988937713597602,0.505190781589511,-0.140601315140542,-0.0209445480568075,0.505190781589511,0.505190781589511,0.452312849407534,0.0132776390031325,0.0493100502824165,-0.257224246681675,0.0359914429471528,-0.443531827515401,0.0161216029479497,0.044324905863371,-0.265923265923267,-0.307368068858254,9,-0.133500506807041,0.286257838366298,0.285884193782669,0.122616143782239,-0.308400139583049,0.0175159707405499,0.988490589652765,-0.212391493085152,0.479296205943802,301.0000000001,0.230657224284239,0.100616546685106,2001.0000000001,0.321894139978006,0.552551364162245,0.0246511924477726,0.169967957351542,0.288120327968155,0.285573499711187,-0.236490061515208,-0.796566598167576,-0.0259002545156655,-0.779591512817015,0.632292153506357,-0.636887679444887,-1.4784755803827,1.24117503461711,1.02908530104473,0.182916366212311,3.30050446080652,0.121428129376515,-0.277526342387342,-0.436779537893807,-0.415214034551716,-0.415772957658408,0.809801792654197,1.37127647292498,0.0237278595817385,0.992279772850848,0.992279772850848,-0.0525848563620349,1.06316675953723e-11,-1.26184657483882,-1.20241269476461,-1.05942186079706,-1.11203526821327,0.903759116638935,0.165299163524171,1.54186321552948e-14,2001.0000000001,0.0102904018876487,0.0143607904601239,0.56345912764158,0.996950379461208,2065.2174495334,0.125,581,2,"SNETWORK (2 17 2065.2174495334 0.56345912764158 100000064 581)",100
17,100000065,-0.92478324211205,35,-0.711340194022643,-0.147031598306002,-0.358045591966192,-0.357303355798844,-0.355675841278248,-0.0324554087009446,-0.0302813327234924,0.356414484968255,1.3537437078238,0.659343332846586,0.0520279584164461,-0.0848161753420399,0.659343332846586,0.659343332846586,0.51190630300003,0.0159768946049829,0.00917171639257699,-0.486665883960052,0.0813969534404584,-0.596303901437372,0.141716566866268,0,-0.395577395577396,-0.92478324211205,9,0.518735396623356,-0.219731742288806,-0.218034210047816,-0.488986848591693,-0.922645184827156,-0.176124260454494,1.35253478458214,0.0605644855316385,0.149550808109817,67.0000000001,0.0160199126534736,0.291748661105829,2584.0000000001,1.20530776778435,1.22132768033782,0.059563900071685,-0.116821971451557,-0.27277876482068,0.663789124718629,-0.146797700655746,-1.26326478273057,-0.0913825189234448,-1.35201114307824,0.731165516469628,-1.2493646261165,-3.47954020047418,0.426648032311288,0.29510327137576,-0.376396123812458,0.0958813152556488,-0.573486960481418,-0.669724488096057,-1.4058558810172,-1.37829262321506,-1.40813399619979,-0.83590943311971,0.353822899044886,-0.0759760347159417,-0.697630869054215,-0.697630869054215,0.615964820877027,1.06316675953723e-11,0.483875422653559,0.262705429626875,-1.20826634699803,0.835910611566646,0.479308216048125,0.433139539825008,0,2584.0000000001,0.000781287843000849,0.0587826121286842,0.116607697302433,1.69960527345025,1321.15346238078,0.125,454,2,"SNETWORK (2 17 1321.15346238078 0.116607697302433 100000065 454)",100
16,100000066,0.935401643991691,346,0.288659805977357,0.708741764562854,0.0737102907633875,0.0682577010310203,0.067165878475577,-0.736061480673781,-0.86919333283312,-0.450426013119004,0.302697991417166,-0.620179187796811,-0.463217840450692,0.70701994552286,-0.620179187796811,-0.620179187796811,0.327323842769894,0.644751239290661,0.739449658609797,0.351132103651554,0.720729747817713,-0.443531827515401,0.0161216029479497,0.044324905863371,-0.265923265923267,0.935401643991691,9,1.05505897915831,-0.167293961682786,-0.166114825541711,-0.609472154147804,0.932115411314322,-0.089052774022444,0.306789685034977,0.538539992324564,0.839321926401797,1816.0000000001,2.43691840203432,0.0766434923730182,1770.0000000001,0.216892795505182,2.65381119743951,0.128234408367571,-0.183618136689761,-0.306421248902496,-0.459564963380247,0.256784461615801,1.12273134372388,-0.0159425567679926,1.18957577528353,0.293964137447156,1.06195825075282,1.55395496633027,-0.887283313846557,-1.14982386745766,-1.46352253909041,-0.414172732106834,0.562105955755759,0.451834062908154,-4.52365144789511e-15,-4.51494518067087e-15,-4.84823954093274e-15,-0.0682924126102691,-0.819971891345107,0.820502615784875,-0.0677610798820477,-0.0677610798820477,0.304665388612504,1.06316675953723e-11,0.730296237232958,0.779472970055163,0.182818239213469,0.76974298628407,-0.728673885376206,0.682420381039871,0,1816.0000000001,0.117753964404735,0.0104804438628362,0.921146475777839,0.704676506644262,3122.0434664638,0.0625,414,2,"SNETWORK (2 16 3122.0434664638 0.921146475777839 100000066 414)",100
43,100000067,-0.201787285760737,68,0.12371145778112,0.869954874556633,0.545150200838989,0.54037036033024,0.554967563992924,-0.130732387183977,-0.123332629021144,-0.477818653371936,-0.280131955221703,-0.549283850702037,0.60839911945987,-0.689917492159921,-0.549283850702037,-0.549283850702037,0.268081090582569,0.606773238858312,0.413563618120997,-0.0418081603825117,0.74478352101921,-1.14579055441478,2.23053892215569,2.01958041958041,-0.227886977886978,-0.201787285760737,11,0.204133337712468,0.946080597769039,0.952410493265066,-0.253786872473868,-0.198071631027823,0.485417298641721,-0.265072313628982,0.323017499395157,0.0411376697079969,5.0000000001,0.202711391620533,0.0506110952925317,12.0000000001,0.598543124041773,0.801254515562305,0.0318424976762117,1.34298120566545,0.783232203473151,0.774964633286136,0.477524821426954,-0.445447652006782,0.191435816671493,-0.387761874321947,-0.114905505745879,-0.559287806592575,-0.287444765629306,-0.554232767968673,-0.164354708900305,-1.20530665781893,-0.256526619943786,-0.353148128111646,0.538992472803679,0.102215627178161,0.139017963839617,0.167198521564845,-1.24197331522731,0.188147106710479,-0.100580808970554,-0.94995321476609,-0.94995321476609,2.23133609027762,1.06316675953723e-11,1.25479488901736,1.31239100352628,0.807832013143487,1.19320515452418,-1.62289586510593,-3.57863341332045,0,12.0000000001,0.00805591340653945,0.0237865841696722,0.268158428203333,2.47722878400236,3188.72830082187,0.0312500660060792,1539,2,"SNETWORK (2 43 3188.72830082187 0.268158428203333 100000067 1539)",100
37,100000068,0.443413267601895,106,1.29896932353205,1.22104076566898,1.45807027539656,1.42805593959054,1.43873085382348,0.153540865375322,0.0781681664988733,-0.494660257174352,0.585571706429869,-0.434514931591424,0.659358367936545,-1.02892389608883,-0.434514931591424,-0.434514931591424,-0.554134570845199,-0.619856122642549,-0.670535448039232,-0.526374467151397,-0.712937740902415,0.665297741273101,-1.69993346640053,-0.507226107226108,0.644007644007643,0.443413267601895,12,-0.368448017687196,-0.424001123986242,-0.419595871014623,0.355898718702619,0.439091927816893,-0.45353831464871,0.58629230358605,-0.182901742320449,4.93385574236785,36.0000000001,1.13591545893523,0.0976177862663599,238.0000000001,0.148580896175408,1.28449635501064,0.0649450526425406,-0.137070425717212,-0.35530835318123,-0.117872767516986,-0.54302010645361,-0.656159310624887,-0.357519444072468,-0.728513997193304,0.271308638316709,-0.270088884977842,-0.48316558315025,1.07334961630217,0.714968858169609,-0.736651070141699,1.3450928314797,0.528207847926238,1.07109749798066,2.19258446122347,2.15155944355969,2.28302402457116,0.292854591780547,1.01583227665793,-0.942544463459131,0.316383339694082,0.316383339694082,0.0114406188704986,-0.283701968437327,-0.813942224019349,-0.774696586667162,-0.829348917922779,-0.677052726397422,-0.157539556821269,-1.02119750450094,0,238.0000000001,0.0574326963840006,0.00751235615854001,0.623341633421301,1.31002120452467,4864.474786127,0.0312499339939208,1154,2,"SNETWORK (2 37 4864.474786127 0.623341633421301 100000068 1154)",100
43,100000069,0.483900315790915,183,-0.0343645341584618,0.726058121384469,0.965149594579297,0.947078472655203,0.966783102940535,0.43710172524241,0.347244927779428,-0.109328778146052,-0.613489730306689,0.146098982498976,1.16599631162087,-1.58961788517027,0.146098982498976,0.146098982498976,-0.215023033285602,0.679923059254231,0.567655505367242,-0.849273144944115,0.984823037943207,0.147843942505134,-0.958083832335329,-0.581818181818182,-0.163390663390663,0.483900315790915,11,-0.587046429849985,-2.02526494161218,-1.95892754748203,0.474461994062918,0.483934031445735,0.622035571859015,-0.609813270843983,-1.23507421725231,0.0640458993371956,9.0000000001,0.568070585106048,0.0422692526215329,1e-10,1e-10,0.568070585106048,0.0381965127914508,1.20902223544378,4.86854394118674,0.421400274245363,0.965705192860511,0.743220509877789,1.1031949178146,1.0934188445486,-0.391535555510188,1.20352634334576,0.325856355636709,0.557149862993828,0.452193417126769,-0.0370750339426125,0.522959578424946,0.105868714041518,0.497945541003305,2.19258446122347,2.15155944355969,2.28302402457116,-0.146729208062067,0.259431351802175,0.740194481555305,-0.142965509887471,-0.142965509887471,-0.0321961056023774,1.06316675953723e-11,0.516617875779453,0.410708909269648,0.426478416804564,0.476850423724093,-0.41204517851381,-0.699793303063914,0.00398818955644751,9.0000000001,0.0381965126914508,0,0.718892006682147,0.492429587560751,3846.19933588649,0.0312500660060792,1652,2,"SNETWORK (2 43 3846.19933588649 0.718892006682147 100000069 1652)",100
13,100000070,0.661622274150079,284,0,-0.0695595240108285,-0.467885001197052,-0.45962963966976,-0.447550990366083,-0.846615426659436,-1.00232427632636,-0.434385038638625,-0.187931116592447,-1.16840239640349,-1.73337061986634,-0.295258254953853,-1.16840239640349,-1.16840239640349,-2.91435830518209,0.412805642372935,0.636555423817894,1.54560597942094,0.209646077368101,0.184804928131415,-0.778443113772456,0.103496503496504,0.51023751023751,0.661622274150079,7,-0.53024665895553,-0.262987298136387,-0.260808145306821,0.671973892010943,0.660226263189619,0.276264222366028,-0.185763315554631,-0.303558804053889,0.0426080284128176,4210.0000000001,0.286793013941822,0.0355311724387018,1446.0000000001,0.0821434359744386,0.368936449816261,0.0181307960240231,-0.483569649745361,0.2292564645398,0.160307946283626,0.690956774999163,0.821674015900614,0.339796800021649,0.885188651880163,0.0555830018389032,1.10269128559094,0.90401132193485,-0.463629163725678,-0.131480433029388,-0.8366459155358,-0.0470220494107121,0.223123099423871,0.103212322371745,0.000480866141918987,0.0349290148369488,0.115671933158072,0.617975440300595,1.05352666763241,0.0883221745357764,0.722247065849325,0.722247065849325,-1.93429182509534,-4.05167896545864,-0.579252743064642,-0.421151175191052,-0.4138661146308,-0.520383070825365,1.00511991935981,0.713710899107822,0,4210.0000000001,0.0140939872175835,0.00403680870643962,0.0944116344514874,2.70905572502865,2990.29918171138,0.0156249651370217,284,2,"SNETWORK (2 13 2990.29918171138 0.0944116344514874 100000070 284)",100
37,100000071,0.0938224330056748,36,1.29896932353205,1.22104076566898,1.50580654500643,1.48232234240258,1.49987706507974,0.0825125131954177,0.0147523968406845,-0.491417802350077,0.696840135069655,-0.312919934588291,0.605886285487629,-1.08722768543855,-0.312919934588291,-0.312919934588291,-0.50726908000616,-0.529798423737931,-0.567944997618644,-0.424319067258035,-0.618082240122527,0.170020533880904,-0.850299401197607,-0.17062937062937,0.240786240786241,0.0938224330056748,12,0.778999564487129,0.497976335630169,0.498626843946294,-0.57354796225912,0.0929842543260303,-0.309169480688696,0.697426536560944,-0.317517079028174,0.410101682458121,708.0000000001,1.85687158533591,3.03473250616656,125.0000000001,2.42598153796236,4.28285312319827,0.184100826540586,3.36718980561227,1.07753230423892,-0.172605000683906,-0.0690713917913784,0.151429229986338,-0.400648743722869,0.142952468707214,0.302340955297564,0.426122703677717,0.832751757246075,0.295245827824739,-0.180424591119291,0.260699186901376,-0.116161033567886,0.528207847926239,1.07109749798066,2.45048930426548,2.415141651474,2.55283100906632,-0.118773131203602,-1.01019366747583,0.17262517205424,-0.116477015237022,-0.116477015237022,1.34711020506105,-0.184821730109684,-0.00134434584448857,0.133768862296834,0.94371568871361,-0.215397627952436,-0.164944064217702,0.467143009014143,0.000167325872514873,708.0000000001,0.0798186591065425,0.104282167334043,0.209089364679002,1.75203698832775,4443.96031453169,0.0312499339939208,1084,2,"SNETWORK (2 37 4443.96031453169 0.209089364679002 100000071 1084)",100
29,100000072,-0.77226655936667,96,-0.790377993358492,-0.853832397374456,-0.715996162004961,-0.715344983900652,-0.711097017555422,0.553114518043528,0.518390266652476,1.7846999203593,-0.0274984824695946,0.957686008065785,-0.162004394379506,2.83024929897634,0.957686008065785,0.957686008065785,0.0472646981852621,-0.597297597885133,-0.706018006930724,0.165752205082378,-0.811199996400496,1.05602816075095,-3.18648417450813,-1.88851148851148,0.604422604422604,-0.77226655936667,8,-0.347322314392409,-0.141805804572949,-0.140852852189871,0.366307591066141,-0.769848021297323,0.23841390560914,-0.0232683860285635,-0.285794705439895,2.1867692792957,3301.0000000001,11.5409950309576,1.20108020676874,33.0000000001,0.0633695635830523,11.6043645944407,0.558218616148955,-0.288921593706863,0.392865659884184,0.0206305233097224,0.547960207446843,0.812492008557588,0.276504327049323,0.856895624654979,0.190181635813481,0.547173359179852,0.570410088056456,-0.0333094546712144,-0.0436173544495461,0.0592252559370279,0.27865199519454,-0.471792152073761,-0.752292666128179,-0.897784372821835,-0.860982036160378,-0.83280147843515,0.935394892676043,0.180192756414138,-0.736044159246352,1.1826475117606,1.1826475117606,0.123223070173854,-6.21328395270202,0.620844447318056,1.12421523080178,0.497818255055197,0.573769308508648,-1.24263155275257,-1.79612194183895,0,3301.0000000001,0.555170274216918,0.00304834183203684,0.590593056070241,0.212944305618294,1236.34264785,0.25,891,2,"SNETWORK (2 29 1236.34264785 0.590593056070241 100000072 891)",100
12,100000073,0.391813798796308,245,0,-0.0695595240108285,-0.467885001197052,-0.45962963966976,-0.447550990366083,-0.652097526628277,-0.753016222268464,-0.0273824776675087,0.065267792146336,-1.12490068492586,-1.72953187300201,-0.0451450256480522,-1.12490068492586,-1.12490068492586,-5.5181140431517,0.497441796153218,0.632924220930077,1.71172767949876,0.285937107934629,0.184804928131415,-0.778443113772456,0.103496503496504,0.51023751023751,0.391813798796308,7,0.457129588552963,-0.135227886833454,-0.134330577432639,-0.448704271417141,0.388503302183583,0.204840977045574,0.0732824853389791,-0.94116446063784,0.106993932062437,4178.0000000001,0.714698084212805,0.103901863993331,2196.0000000001,0.364796538481909,1.07949462259471,0.0518680398788327,0.628863592605701,-0.19730815939244,0.671433034885125,0.44924641504299,-0.344789703219985,0.246263783184466,-0.363863085277788,0.258294169215311,-0.353630984985977,-0.379707813062901,1.31461862636497,1.01609283367417,-0.551849152953467,1.44581618269753,0.223123099423872,0.103212322371745,-0.378004676420434,-0.33005526849056,-0.265059387235192,-0.973935211705613,0.163128839073435,0.0803838049738761,-0.788819026153439,-0.788819026153439,-0.140891544848032,-7.51142056037171,-0.293409853165708,-0.345687249639288,0.257879910837061,-0.369596342976715,0.569266307718073,0.235756855726755,0,4178.0000000001,0.0343401327659694,0.0175279070128633,0.497972359707569,1.2583098002141,2772.17490032819,0.0312499302740435,245,2,"SNETWORK (2 12 2772.17490032819 0.497972359707569 100000073 245)",100
17,100000074,0.269858238568073,248,0.152577399052067,0.406018494492994,0,0,0,-0.511243459740749,-0.587607468071475,-0.179272848063575,0.690172828381863,-0.0835938685982721,-0.375381102371408,0.153209307895271,-0.0835938685982721,-0.0835938685982721,0.374460850267558,0.239310154113477,0.306028781554777,0.0170825227304513,0.270736547128648,-0.443531827515401,0.0161216029479497,0.044324905863371,-0.265923265923267,0.269858238568073,9,-0.429883945838082,0.954097167424125,0.960570933011401,0.695890972499676,0.272161844649206,1.04107916153652,0.691259030721417,-0.852059861858508,0.407343233586128,3753.0000000001,2.44419384155643,0.210427904985913,2331.0000000001,0.784227702202499,3.22842154365893,0.128120324203347,-0.414200517658009,-0.432744623771103,1.20567234373333,1.33537616956021,0.189497979943452,0.556438540576057,0.165533579438969,0.790609014927528,0.489607205335778,0.957150562238139,-0.0732201321160973,-0.113644318017358,0.15583510718726,0.0322680479083024,0.121428129376515,-0.277526342387342,0.00480157393973153,0.0065303618512575,0.00785414213140354,1.20603038566975,1.54597033131778,-0.169991325815629,1.63288022343559,1.63288022343559,-3.0461738209163,1.06316675953723e-11,-0.0970545010226142,-0.0509389786082855,-0.617453292112303,0.0569232605038299,1.77069466772962,0.122325751440698,0,3753.0000000001,0.0969981469004797,0.0311221772028673,0.866183058000709,0.326387494793899,2569.29097226683,0.125,667,2,"SNETWORK (2 17 2569.29097226683 0.866183058000709 100000074 667)",100
3,100000075,-0.571422988518515,40,-0.494845044588713,-0.486027089260215,-0.640656641110964,-0.630828421199535,-0.621755757978306,-0.307085242693427,-0.385332530953142,0.679574134047902,1.07357924759217,0.061061256596166,-1.12838289693597,0.390864755265155,0.061061256596166,0.061061256596166,-4.90444842808816,0.269293496539536,0.293684608203125,1.33407055395555,0.0674452243759183,0.0221765913757709,0.149700598802395,1.22237762237762,0.834152334152334,-0.571422988518515,7,0.861086161417692,-0.1846570590588,-0.183314193499229,-0.636315477858261,-0.57100935887591,0.0812677321173436,1.07278787851371,-0.164913254020489,0.0568298160761841,379.0000000001,0.0344358252565118,0.0618941162567424,3062.0000000001,0.303004854522024,0.337440679678535,0.0163554197277754,-0.09853530964707,4.58916963980355,0.548163161787519,-0.32563997400995,-1.2350696926008,0.149885878308177,-1.31366188520136,0.755319359615503,-1.38628255605655,-3.22996516656823,0.133798334977734,-0.0133702792972393,-0.617878832314977,-0.0100216920960304,-0.471792152073761,-0.752292666128179,-1.18926697056759,-1.14241875549932,-1.14014680236341,-0.620705120802234,-0.458097410212199,0.145966092895876,-0.543186388111663,-0.543186388111663,0.747993857125084,-7.72726309596547,0.391418543252173,0.315256473853484,-0.922588765039845,0.456434436951076,-0.261067910631209,-0.257385002542055,0,3062.0000000001,0.00166907075746442,0.014686348870311,0.264375415566223,1.92939626022588,1571.69971029911,0.0624998605480869,41,2,"SNETWORK (2 3 1571.69971029911 0.264375415566223 100000075 41)",100
3,100000076,0.245249129215268,218,0,-0.0695595240108285,-0.467885001197052,-0.45962963966976,-0.447550990366083,-0.463804079952894,-0.544105677925543,0.375696755677039,0.418954049254917,-0.932141794447966,-1.32499737600818,-0.41112037100542,-0.932141794447966,-0.932141794447966,-5.12812928605943,0.316253405291945,0.421160387061844,1.45627048306943,0.104275242933339,0.0739219712525668,-0.0898203592814364,1.0005994005994,0.837837837837838,0.245249129215268,7,-0.493456507844516,-1.72808453271663,-1.67900189000328,0.356144743955387,0.241399614202514,-0.279665559160465,0.419977742692863,-1.29633616557122,0.0544201032498333,724.0000000001,0.0629930971891621,0.0644185004269947,2744.0000000001,0.282611448968113,0.345604546057275,0.0220328798681593,1.01865355562745,0.320048400235382,-0.202037842347968,-0.0807505308627213,0.187441897722544,0.172087662548199,0.259753009343771,0.459422088606424,0.328144247652889,0.526273372519642,0.198396070846334,0.303704585461491,0.126670427253376,0.403571458716087,0.223123099423871,0.103212322371745,-0.751834212897414,-0.690544926566656,-0.641104661755904,0.0733785357436059,-0.758777829240121,-0.0255231036059852,0.0752565223102842,0.0752565223102842,0.608874403386204,-11.4347449189631,0.466987069959302,0.454974759696035,0.548305540940024,0.39306147726975,-0.525721551131105,-0.125631327106424,0,2744.0000000001,0.00401591747164423,0.018016962296515,0.985015377807759,0.881330199539661,2610.79099102287,0.0624998605480869,219,2,"SNETWORK (2 3 2610.79099102287 0.985015377807759 100000076 219)",100
41,100000077,-0.624510152650038,68,-0.886598059773572,-0.0928456434617663,0.315622755524543,0.310024668600395,0.31737100022456,1.001345114161,1.18621650920771,0.845258887897947,-0.11999111025775,0.469781201287885,0.493956475054615,0.393109337634445,0.469781201287885,0.469781201287885,0.556426597143791,-0.418412441283861,-0.5573517071639,0.0977025741442621,-0.573220710829206,-0.720739219712526,0,-0.434965034965035,-0.700859950859951,-0.624510152650038,10,-0.14843955417594,4.33677962677433,4.51710956111546,0.227099468651754,-0.625402553285762,-0.953663553103907,-0.117684003540661,0.680176021343569,0.10986496475053,679.0000000001,0.477072665733,0.0851642826428243,1477.0000000001,0.804439758210963,1.28151242384396,0.0283035631699715,-0.751214948919027,0.848472176718577,-1.02281893691516,-0.758965384818341,0.422117702034475,-1.78737364890848,0.207231762345594,-1.30398862386459,0.202639587150327,0.18519283403796,-2.35338664974709,-1.79964561514359,0.144813274040605,-0.489771515548816,-0.658232714974315,-1.30374704394875e-15,0.102215627178161,0.139017963839617,0.167198521564845,-2.97217169743082,-0.297784649224557,-0.291516264876602,-1.61959221747646,-1.61959221747646,-1.75688844814311,1.06316675953723e-11,0.462054928120132,0.484053171787021,1.46962481638644,0.165087490279871,-1.34435508545699,-0.395648215411322,0,1477.0000000001,0.0105366565555831,0.0177669065143884,0.180255121127634,0.503439864143729,2066.52847309163,0.0625,1274,2,"SNETWORK (2 41 2066.52847309163 0.180255121127634 100000077 1274)",100
34,100000078,1.33619483398971,260,1.95876350285277,1.6240746339498,1.02485008991821,1.0045764169385,0.983070499920875,0.604648403553417,0.478113492844454,-0.42452928025938,-0.670963123444201,-0.736664869786106,0.556615513106116,1.5009261359381,-0.736664869786106,-0.736664869786106,-1.03991469307898,-0.595830681166029,-0.680449239638514,-0.665103581709996,-0.65725082278179,-1.3305954825462,1.62674650698603,0.565034965034965,-1.23832923832924,1.33619483398971,12,-0.288012557569701,-1.17114913214695,-1.14714586766931,0.12843003258471,1.33345589848891,0.601933973688747,-0.664993598762277,0.00420681564577997,0.0322454071617378,474.0000000001,0.0977469618889929,0.0218028123219568,883.0000000001,0.123120474407322,0.220867436196315,0.0127488854265184,-1.10864482925207,1.26817770388169,0.87474773159649,0.550519035378604,0.484023873515214,0.843972882063535,0.544398416650214,-0.731273870171278,0,-0.000117896751581071,2.28373174235838,1.33064238149208,-0.189436184548028,3.30304223909698,1.0875296982676,1.27752214272416,1.82916866015634,1.78408245283612,1.81831906088132,-0.277115720822205,0.440896936231033,0.276196412124016,-0.26203864215985,-0.26203864215985,0.0973528120479308,-1.23789043405155,-0.775783280808116,-0.716916470473638,-0.468000551581368,-0.722553901324732,0.255896472558894,-0.652001236123247,7.78852859793249e-06,883.0000000001,0.00564213914413359,0.00710674618238477,0.191691824573563,0.00550193130038679,5766.80021648396,0.00781248349848019,975,2,"SNETWORK (2 34 5766.80021648396 0.191691824573563 100000078 975)",100
3,100000079,-0.689208799863836,11,-0.494845044588713,-0.486027089260215,-0.640656641110964,-0.630828421199535,-0.621755757978306,-0.305437464270588,-0.393523643658364,0.670465285064029,1.2084508490233,-0.000255992301483031,-1.14893766895831,0.388125526149537,-0.000255992301483031,-0.000255992301483031,-4.85148633730223,0.267996549862786,0.261748496302239,1.10189748642035,0.108310672736419,0.0221765913757709,0.149700598802395,1.22237762237762,0.834152334152334,-0.689208799863836,7,0.0672707934007777,4.06649315331533,4.22570434646838,0.39485224894254,-0.683989002028253,-0.0215429107577807,1.20736466546936,-0.266859270844443,0.0877844906602266,6016.0000000001,0.844346398267027,0.0911529078168314,7396.0000000001,1.07786026930966,1.92220666747669,0.044474222614436,1.41470193826214,1.16396991661336,0.144075999748991,-0.0346247048989716,-0.259828351992416,-0.884897153195849,-0.129278472501758,0.219936643970993,-0.126819180701179,-0.329991288238076,-0.830402355693161,-0.848709775945734,0.304298838316285,-0.364165557678186,-0.471792152073761,-0.752292666128179,-1.48074956831335,-1.423857898781,-1.44749212629168,-0.0157884944247701,0.292593598282799,-0.463081268302789,-0.015858858871444,-0.015858858871444,2.93680691953816,-33.0181807233776,1.05385496024628,1.00539065822171,-1.36893668716405,1.49899072536448,0.0723981296246241,0.0120764982129087,0,7396.0000000001,0.019535698334972,0.024938524179464,0.145953072709963,2.21797853149474,1400.94644882015,0.0624998605480869,12,2,"SNETWORK (2 3 1400.94644882015 0.145953072709963 100000079 12)",100
17,100000080,-0.113470187763445,194,0.152577399052067,0.406018494492994,0,0,0,-0.354580497474526,-0.376087716705241,-0.0321358201960525,0.898845920961423,0.315335437591323,-0.241702319961603,-0.0210431737195602,0.315335437591323,0.315335437591323,0.43056922014212,0.0869984010997725,0.134195781241032,-0.135129273503743,0.106579988141499,-0.443531827515401,0.0161216029479497,0.044324905863371,-0.265923265923267,-0.113470187763445,9,-0.435874110626774,-0.0532059708094473,-0.0529088489119517,0.530524469623163,-0.114623449400357,-0.298175851686866,0.898511354091741,0.26053024519301,0.0633203919869431,444.0000000001,0.0449493214116885,0.105717071215154,5475.0000000001,0.925392170362189,0.970341491673878,0.0459543557989774,-0.158158170653508,-0.0517520841875648,0.0473051300019945,0.155431139783878,0.169507795777742,-0.261871513600024,0.175725784394194,0.469637498096454,0.123813023680487,0.294535101612412,0.240749564712836,0.318280744724836,0.175259124549478,0.649043831538788,0.121428129376515,-0.277526342387344,0.102215627178161,0.139017963839622,0.167198521564845,0.417756457094096,-0.988044108767191,0.640348304408144,0.465057716561662,0.465057716561662,-0.423026234845476,1.06316675953723e-11,-0.741998637600758,-0.646179859177427,-0.432483743669244,-0.694131501751555,0.247999331461604,0.207850801064054,0,5475.0000000001,0.00212875273078817,0.0438256029681892,0.676853810565465,0.260517430769682,2254.0338976182,0.125,613,2,"SNETWORK (2 17 2254.0338976182 0.676853810565465 100000080 613)",100
28,100000081,0.763632095721111,253,-0.268041164135857,-0.507523118116241,-0.715996162004961,-0.715344983900652,-0.711097017555422,0.688305353669151,0.775507773929862,2.20967291786018,-0.64067147791209,-1.91777238192969,-0.254908129575659,1.09917440117628,-1.91777238192969,-1.91777238192969,-0.546976388626884,-1.15096532538842,-1.14641406732547,0.109593451445305,-1.49893579169098,0.468172484599588,-2.26546906187625,-1.53286713286713,0.194922194922195,0.763632095721111,8,-0.715060862579495,-0.593732009318122,-0.586229911065393,1.02150511198388,0.763505939846349,0.873315893336087,-0.636956328328455,-0.0599533600400701,0.0524677424576214,4776.0000000001,0.400637374493151,0.0607439433749896,2708.0000000001,0.262994343109744,0.663631717502895,0.0345760238901445,-0.311754723691523,-0.477991763080759,1.75166445139608,1.26435074792312,-0.78322708048662,0.873786953204314,-0.896101784246276,-0.596287137914084,-1.38481563495381,-0.317256885277552,0.408297056270654,-0.00613195402353054,-0.0585344385613464,0.298475926275009,0.121428129376515,-0.277526342387344,-0.897784372821835,-0.860982036160378,-0.832801478435155,0.608372461061075,0.56441775617768,0.935973059873438,0.709354661207197,0.709354661207197,0.583895597475179,1.06316675953723e-11,-0.642107879576837,-0.736430531762555,-0.178109598780722,-0.646178744827867,0.146415327303409,0.57891121440911,0,4776.0000000001,0.0208736969993686,0.013702326790776,0.624233906645585,1.0192295024398,2111.72381709989,0.125,794,2,"SNETWORK (2 28 2111.72381709989 0.624233906645585 100000081 794)",100
41,100000082,-0.750831099674445,39,-0.886598059773572,-0.0928456434617663,-0.0369605603324269,-0.0422694509956289,-0.0386919408759992,0.952287130580981,1.12822262657594,0.888763845857121,-0.0841615181502684,0.334675598710976,0.435069520705741,0.356864982704378,0.334675598710976,0.334675598710976,0.551734934835911,-0.306288572033412,-0.454534834365062,0.0851959605583612,-0.42957518439306,-0.720739219712526,0,-0.434965034965035,-0.700859950859951,-0.750831099674445,10,0.158877163049664,0.505256037691395,0.50596103302252,-0.0439121460664874,-0.750641712065557,-0.533358297694897,-0.081389211841008,0.163055947494996,0.0692919006701939,150.0000000001,0.0664705500421043,0.074919279995886,1096.0000000001,0.52512136461578,0.591591914557884,0.0253974540948727,-0.238706923638223,0.471023172601131,-0.558306263303495,-0.0504621130355292,0.788348476732001,-0.660903938911481,0.742585326227662,-0.372468151145004,1.17674416705855,1.11848688559813,-0.0260620137837569,0.0166503976868199,-1.05172103367869,-0.0301916838524712,-0.658232714974315,-2.60749408789749e-15,-1.4058558810172,-1.37829262321507,-1.4081339961998,-0.357444416655001,0.652986993026453,-0.110229035449535,-0.331867173447349,-0.331867173447349,0.630666160165027,1.06316675953723e-11,0.132067231424389,-0.10683108591853,-0.788695753955967,0.349235640530743,0.439740594732057,0.534972669313083,1.80081360161386e-13,1096.0000000001,0.00285362712523798,0.0225438268696348,0.0821660072222725,1.50409115757793,1899.78740391328,0.0625,1245,2,"SNETWORK (2 41 1899.78740391328 0.0821660072222725 100000082 1245)",100
41,100000083,0.4414291309057,245,0.680412427894334,0.334368660703197,0.315622755524543,0.310024668600395,0.31737100022456,1.04604598660937,0.904285927347691,-0.571493823035786,-0.552451369103459,0.649089437616916,0.999973936910531,0.576956734724412,0.649089437616916,0.649089437616916,0.354867605160607,-0.807027793362612,-0.926332908967413,-0.469110794161016,-0.959388686887128,-0.720739219712526,0,-0.434965034965035,-0.700859950859951,0.4414291309057,10,-0.169610500808415,-0.0671618571497705,-0.0667748192236132,0.121667080794337,0.440740360840499,0.272005683874807,-0.548515199358217,-0.500829996355031,0.162571764848995,1666.0000000001,1.73211074788396,0.68805123976657,341.0000000001,1.50048168932183,3.23259243710579,0.153469051151272,2.03326078208711,1.40980163304997,0.995058975320643,0.556312870206898,-0.639976768273805,0.285263624581555,-0.666876441017455,-0.588284418061874,-0.500344048293365,0.0448457681428024,1.81072147981932,1.0436846028055,-0.131452854487999,2.46293633890313,0.562105955755759,0.451834062908154,0.0512340519102487,0.069680671854632,0.0838057542633842,-0.240893022089608,0.604578930733045,-0.819803695503974,-0.2296832297666,-0.2296832297666,-0.0737983365974026,-0.538288083360127,-1.1191961106968,-1.03708917601534,-0.719249406102127,-1.03797697305781,0.42181628981003,-0.72153028602709,0,1666.0000000001,0.0822328821088056,0.0712361689424666,0.764211834096243,0.191919649586688,3059.19282489941,0.0625,1451,2,"SNETWORK (2 41 3059.19282489941 0.764211834096243 100000083 1451)",100
29,100000084,-0.808981567462924,88,-0.790377993358492,-0.853832397374456,-0.959757100198023,-0.960709455694412,-0.961711264614227,0.52658779284841,0.487038448617873,1.74498288889748,-0.0176970880802617,0.967521042634857,-0.16714579944072,2.82404890121464,0.967521042634857,0.967521042634857,0.0190180067909007,-0.563411620318482,-0.663873126493497,0.187765264559383,-0.772510228390706,1.05602816075095,-3.18648417450813,-1.88851148851148,0.604422604422604,-0.808981567462924,8,-0.325354121368502,0.1145167322911,0.114120960051003,0.371539290327282,-0.805520181778724,-0.438543836375851,-0.0152702317564725,0.287548399936975,0.929697592527411,254.0000000001,0.377546274068694,2.17306373242887,63.0000000001,0.218880856216999,0.596427130185693,0.0274243329735362,1.68280260895266,1.54755483920526,-0.517673945511259,0.572238968940547,1.58279682745765,-0.461198357947316,1.59627956537869,-0.192647084741172,1.67067824832632,1.72989520979989,0.376762985507696,0.244541965562579,0.0610582900269676,0.243623902382754,-0.471792152073761,-0.752292666128179,-1.14865192444346,-1.11641271156254,-1.1168788273791,-0.0431328883933371,-0.147268236155676,0.894679761753246,-0.043048723991624,-0.043048723991624,0.461393023282754,-0.858431941198834,0.306639896486138,0.284446407213799,0.0272641338755932,0.343315615547206,-0.650904314406687,-0.530707282638162,0,254.0000000001,0.0173599659877865,0.0100643668857497,0.536832829286136,0.730363638857647,1186.4684864671,0.25,883,2,"SNETWORK (2 29 1186.4684864671 0.536832829286136 100000084 883)",100
17,100000085,-0.826446132667308,59,-0.711340194022643,-0.147031598306002,-0.358045591966192,-0.357303355798844,-0.355675841278248,-0.0384993252557895,-0.030483490696569,0.323680459999708,1.31383057935267,0.691046119919764,0.0613009343563045,-0.0941028600030367,0.691046119919764,0.691046119919764,0.509997018028599,-0.00846092226028898,-0.0102528055760608,-0.455812780808853,0.0449395391934853,-0.596303901437372,0.141716566866268,0,-0.395577395577396,-0.826446132667308,9,0.752496792268261,-0.0259321143466458,-0.0257963279521036,-0.588344802860059,-0.825828314555527,-0.0945441290059819,1.31246559994451,-0.278562447658696,0.10885193174532,65.0000000001,0.011312173965075,0.153640241819433,4348.0000000001,1.06804878866047,1.07936096252554,0.0508724185474613,-0.0652897693577821,-0.190455999916444,0.122318057076423,-0.191989612316438,-0.484767812733333,-0.0560650492886393,-0.501541794199395,0.736182945659168,-0.446098112232607,-1.2079400721418,0.149698782628745,0.0737777831321759,-0.920787218783084,-0.0606168883236877,-0.620097141616481,-0.587156310063935,-1.4058558810172,-1.37829262321507,-1.40813399619979,-0.197077610956234,0.211522244788927,0.0738480207537228,-0.189806882568142,-0.189806882568142,-0.374685268355572,1.06316675953723e-11,-0.0687752192807184,-0.204027063254634,-0.573136065249219,0.0628297104422868,0.508509864801482,0.906006534729292,0,4348.0000000001,0.000533165143495013,0.0503392533039663,0.200408745932931,0.245244524945213,1460.69277710168,0.125,478,2,"SNETWORK (2 17 1460.69277710168 0.200408745932931 100000085 478)",100
43,100000086,0.362540921823659,167,0.12371145778112,0.869954874556633,0.965149594579297,0.947078472655203,0.966783102940535,0.25349525076499,0.21194308820107,-0.226623947500591,-0.583766544483106,0.032530269848512,1.02298473113599,-1.08918339614936,0.032530269848512,0.032530269848512,-0.110177769676149,0.749196330938287,0.622425692429808,-0.661112388655924,1.03771187393541,0.147843942505134,-0.958083832335329,-0.581818181818182,-0.163390663390663,0.362540921823659,11,-0.466762746037414,0.00456023195740038,0.00453811672095077,0.593958641634254,0.361531972709659,0.445071810037759,-0.580159480542198,-0.401088526368016,0.0497159095860156,3.0000000001,0.146989092413484,0.0951244675909573,13.0000000001,1.21872032934739,1.36570942166087,0.064023867767725,0.3810690079558,0.490605092304903,-0.0459106328770258,0.462706081532189,0.772608166444857,0.404621275006616,0.794204288300926,-0.620171234309847,0.74208082891405,0.477787887633827,-0.0788713309098048,-0.450057192131272,-0.109951088183116,-0.260217933820819,-0.353148128111645,0.538992472803682,2.19258446122348,2.15155944355969,2.28302402457116,0.428542230762416,0.617145909077754,-1.86231379300313,0.478307933417062,0.478307933417062,2.79428355047137,1.06316675953723e-11,0.512329694008007,0.471444027348267,0.274634203430949,0.508835945401457,-0.201429679486957,0.0349854343840785,0,13.0000000001,0.00689078514529237,0.0571330825224326,0.652862734923708,0.307996699528303,3749.88449332673,0.0312500660060792,1636,2,"SNETWORK (2 43 3749.88449332673 0.652862734923708 100000086 1636)",100
29,100000087,-0.901860484018134,67,-0.790377993358492,-0.853832397374456,-0.959757100198023,-0.960709455694412,-0.961711264614227,0.485517475569611,0.433619698555855,1.68875824850275,-0.00697799410827797,0.991244503813008,-0.145672318626938,2.75318342404261,0.991244503813008,0.991244503813008,-0.0707152871671396,-0.520615374941478,-0.596686963997015,0.279933371843652,-0.735428612531002,1.05602816075095,-3.18648417450813,-1.88851148851148,0.604422604422604,-0.901860484018134,8,1.05041983968294,2.79398992975674,2.86922908745562,-0.573642643687493,-0.898813847981288,-0.34172751370619,-0.00123123924644841,0.848550663563397,2.34932901230384,1530.0000000001,5.74685233798729,3.71591491709219,35.0000000001,0.2079354667637,5.95478780465099,0.171605827459688,-0.676609727904374,-0.135856823404412,-0.769492465884962,-0.0846922837183255,1.08516910036576,-0.91149955376922,0.687897533505355,-0.455876713753473,0.719040232341746,0.760445759176223,0.182014398632533,0.196874336742268,-0.748480274639637,0.193836181065698,-0.471792152073762,-0.75229266612818,-1.14994764964745,-1.11773200519717,-1.11834608043168,0.0798672747423959,0.829884229123248,0.0363549999558095,0.0820363839369882,0.0820363839369882,-0.129898932734718,-5.04769072973683,0.180775944810118,0.544249897649722,1.20197530945027,-0.0783223539856548,-0.7087530691913,-0.0948574672972858,0,1530.0000000001,0.165613516808005,0.0059923105516835,0.404755193642958,2.19635571723732,1063.93810091659,0.25,862,2,"SNETWORK (2 29 1063.93810091659 0.404755193642958 100000087 862)",100
3,100000088,-0.474868937203687,65,-0.494845044588713,-0.486027089260215,-0.467885001197052,-0.45962963966976,-0.447550990366083,-0.330027207370717,-0.401181101231222,0.647164364772597,0.964690488051385,0.0318760591102516,-1.15792051529622,0.223453911306566,0.0318760591102516,0.0318760591102516,-4.87753057299539,0.235331144062616,0.275101394520092,1.2874814822388,0.0331549475147833,0.501026694045174,-0.58882235528942,1.04055944055944,1.3033033033033,-0.474868937203687,7,0.89396921775215,0.0169209976140103,0.0168416128497549,-0.639349347063953,-0.475602847800746,-0.810419724535166,0.9643061254341,0.499538046371383,0.0795950736395308,320.0000000001,0.0407221971448054,0.162034916957757,3012.0000000001,0.780294620074937,0.821016817119742,0.0384052374330935,0.843757925036108,-0.544444211553929,-0.508828931442476,-0.797249329443799,-0.43111580895136,-0.947387181273559,-0.442677050162158,0.0859154852329023,-0.481983428806432,-1.09801742779467,0.119972928187363,-0.174050735802253,0.180896920577,-0.0124441168278334,-0.327414655943611,-0.606337249046717,-0.897784372821835,-0.860982036160378,-0.83280147843515,0.609627064187797,1.20418826501583,-1.41819818594415,0.711035735840218,0.711035735840218,-0.158353023750342,-6.72491962704676,0.0730318444484305,-0.0325378115188506,-0.731234494872747,0.270696068672926,0.253069616788607,0.511918590723218,0,3012.0000000001,0.00190488868170546,0.0365003486513881,0.374173268553039,2.28660306241363,1730.01731362202,0.0624998605480869,66,2,"SNETWORK (2 3 1730.01731362202 0.374173268553039 100000088 66)",100
12,100000089,0.356288502126561,239,0,-0.0695595240108285,-0.467885001197052,-0.45962963966976,-0.447550990366083,-0.629577457182606,-0.727348341194185,0.00296908873067805,0.0775017707671107,-1.08854366435933,-1.71059740935241,-0.00428961839099917,-1.08854366435933,-1.08854366435933,-5.53017894199047,0.505925127082974,0.642661210149591,1.74592085763515,0.290373383024959,0.184804928131415,-0.778443113772456,0.103496503496504,0.51023751023751,0.356288502126561,7,0.100883763127032,-0.241457741055706,-0.239524424423062,-0.194054683937586,0.353640945862329,0.753376158362324,0.0813454813595053,-1.00384999240366,0.0654350204417991,1123.0000000001,0.117485706475021,0.0726313837456622,1424.0000000001,0.165359572783732,0.282845279158752,0.0138472786427363,-0.699065020394843,-0.56015462397522,-0.0306779037884785,-0.0918419499982444,-0.0931701539817877,0.694922564685603,-0.100625029155402,0.48057596417338,-0.228964209384307,-0.252871921333309,0.352542584727225,0.517883425169912,-0.80325551842566,0.921008133832636,0.223123099423871,0.103212322371743,-0.751834212897418,-0.690544926566656,-0.641104661755904,0.447784656958324,-1.33532138310199,0.0801248607108727,0.502113520974441,0.502113520974441,0.227585063527434,-8.94525783846129,-0.000404777671104552,0.0442089879510301,0.292893135701474,-0.0571433067590308,-0.116599675765504,-0.760984094790978,0,1424.0000000001,0.00575175695482304,0.00809552158791329,0.38064600708005,0.894712631228223,2739.24216348984,0.0312499302740435,239,2,"SNETWORK (2 12 2739.24216348984 0.38064600708005 100000089 239)",100
17,100000090,0.229867830211433,242,0.152577399052067,0.406018494492994,0,0,0,-0.492476807692353,-0.555615567740743,-0.169661837755299,0.69970057594342,-0.0366758237385193,-0.365217966434753,0.168187282196987,-0.0366758237385193,-0.0366758237385193,0.377607718778362,0.237878637252045,0.304148049796148,0.00985804752080726,0.270253742799963,-0.443531827515401,0.0161216029479497,0.044324905863371,-0.265923265923267,0.229867830211433,9,-0.536761095021406,-0.490930881131298,-0.485397200286053,0.643928781251018,0.22753726784232,-0.214990162380701,0.699910126320774,-0.578785373538364,0.489734701626769,809.0000000001,0.63344071485729,0.0934176609990433,2966.0000000001,0.442992843277836,1.07643355803513,0.0550729208594207,0.196105487787333,-0.0855619946047016,0.267437347267057,0.174451220417641,-0.143288054858759,-0.0663106092711238,-0.161649834416311,0.485000389407679,-0.464989518244568,-0.906998594338677,-0.263193269750449,-0.267174019189862,0.156812774166778,0.0933491639680499,0.121428129376516,-0.277526342387342,0.0663482879745224,0.0902367294815455,0.108528763790319,0.897040617385447,0.450348396812905,0.0750675877824366,1.12332284294464,1.12332284294464,-0.968504283963213,1.06316675953723e-11,-0.0257250864825825,0.0188176230693367,-0.420244363584023,0.0874046316138926,1.6505940822312,0.499203990399759,3.25371167855832e-13,2966.0000000001,0.0324083451620908,0.0226645755973299,0.846002091703943,0.110098713077605,2535.68711821635,0.125,661,2,"SNETWORK (2 17 2535.68711821635 0.846002091703943 100000090 661)",100
41,100000091,-0.160108301974002,162,-0.886598059773572,-0.0928456434617663,0.315622755524543,0.310024668600395,0.31737100022456,0.971633001321636,0.978648429399865,0.047141208660482,-0.308134643310431,0.814899050624006,0.575246540577882,0.392039309560479,0.814899050624006,0.814899050624006,0.500217204100779,-0.794929502717435,-0.922458235534101,-0.302196189953506,-0.974692187150876,-0.720739219712526,0,-0.434965034965035,-0.700859950859951,-0.160108301974002,10,-0.535676093791276,-0.236171039158535,-0.234296233041387,0.680013502506281,-0.161959103314075,0.112284687050838,-0.30522895922962,-1.17894668317404,0.2314798751964,1415.0000000001,2.09471633079915,0.0267858133719994,124.0000000001,0.0212413474820124,2.11595767818116,0.103494529790923,-0.431592873597572,-0.353230173474941,0.24834949357517,-0.340218461960895,-0.920796795479621,0.19103092376952,-0.988510026611644,-0.169704025545238,-1.20807034887166,-0.797042386066742,-0.171148097622258,-0.0877537374115755,-0.00614844340170515,-0.0808966066359245,-0.658232714974315,0,0.102215627178161,0.139017963839617,0.16719852156485,0.136447672106033,-0.211376464878012,-0.254104264881446,0.142034473134177,0.142034473134177,0.512805100958932,1.06316675953723e-11,-0.775013590194046,-0.633052110763373,0.372159930613563,-0.924676573137744,0.934374605339584,1.35762475419745,0,1415.0000000001,0.102455584876442,0.00103894481448062,0.492231174131993,0.723517151920893,2596.85460781622,0.0625,1368,2,"SNETWORK (2 41 2596.85460781622 0.492231174131993 100000091 1368)",100
37,100000092,0.716993981510554,169,1.29896932353205,1.22104076566898,1.45807027539656,1.42805593959054,1.43873085382348,0.274585578828939,0.203821111163518,-0.472932389837809,0.415770070142788,-0.574785717906007,0.740910402257773,-1.17813797896791,-0.574785717906007,-0.574785717906007,-0.595516375757194,-0.769998424142424,-0.852498605575206,-0.903139729494012,-0.833249270634639,0.813141683778234,-1.91189050470488,-0.485914085914086,0.874692874692875,0.716993981510554,12,-0.0579474234892797,-0.501840897190741,-0.496111866990888,-0.0646384495949197,0.71029278314441,-0.775661333608953,0.416688908894328,0.258539723202412,0.0810436368870791,253.0000000001,0.13112832235457,0.0993634664489325,679.0000000001,0.431472945989649,0.562601268244219,0.0288396076298371,-0.550275972133761,-0.258456714092503,-0.704277172314481,-0.751039328461661,-0.0604312281879011,-0.790469007241806,-0.0688022159140031,-0.078260719410305,0.187086731903105,0.949293720610198,0.661324187508384,0.879466569433762,0.062546116999887,1.44742550551587,0.55686531370343,1.09048857708258,2.84388363355763,2.76284037241259,2.90641394747656,-0.28378659257006,0.0876706053459131,0.246078733703391,-0.26793782867021,-0.26793782867021,-0.583427999524483,-1.11132998757218,-0.368437895196847,-0.165561934538696,0.648004935291528,-0.546016341431706,-0.261675485812517,-0.88818866580232,0,679.0000000001,0.00672179314906626,0.0221178143807709,0.998310093241504,0.307484728026013,5245.11160007838,0.0312499339939208,1217,2,"SNETWORK (2 37 5245.11160007838 0.998310093241504 100000092 1217)",100
13,100000093,0.759663822328722,300,0,-0.0695595240108285,-0.110963835372034,-0.110383201657025,-0.109843962764069,-0.939011429174237,-1.14922899259062,-0.490251862301495,-0.30650636909212,-1.38138782111656,-1.73054884454542,-0.161222860720848,-1.38138782111656,-1.38138782111656,-3.08028578257212,0.580720988678377,0.817678444096572,1.73396204615472,0.386857518853736,1.07186858316222,-1.64670658682635,0.299300699300701,1.38452088452089,0.759663822328722,7,-0.630242210054085,-0.310215863636299,-0.307454796907939,0.875498493105844,0.759458096456043,0.835990264933425,-0.282621808240331,-0.516512107814698,0.0358766415595011,3324.0000000001,0.190663618119046,0.0303220809650367,1000.0000000001,0.048479042869419,0.239142660888465,0.011850659628462,-0.0319446619587275,-0.201260621625229,0.416880496732501,1.01351035096554,0.9198029987018,0.769938446187451,0.99922291426284,0.139722365119592,0.975918007725611,0.883711243788577,1.09084937694069,0.956336688594131,0.000284569970507416,1.20219509381621,0.223123099423871,0.103212322371743,0.000480866141914464,0.0349290148369443,0.115671933158067,-0.685150649254065,0.0322124621212729,0.335404971766735,-0.591076111197835,-0.591076111197835,-0.144879759701373,-0.827757162519934,-0.424653594935188,-0.389970634106441,-0.183779107096409,-0.406644013008572,0.0237372567032336,-0.205682497116045,0,3324.0000000001,0.00944829171908852,0.00240236780937349,0.200176234707232,1.7079587034694,3076.79188588979,0.0156249651370217,300,2,"SNETWORK (2 13 3076.79188588979 0.200176234707232 100000093 300)",100
41,100000094,-0.470702007878345,104,-0.886598059773572,-0.0928456434617663,0.315622755524543,0.310024668600395,0.31737100022456,0.928312742853151,0.965436824865889,0.308047998737296,-0.252486066311732,0.638702529023088,0.436695323132521,0.449077924465251,0.638702529023088,0.638702529023088,0.516847922221012,-0.648074529799754,-0.774560593574487,-0.11627517952477,-0.823585693944989,-0.720739219712526,0,-0.434965034965035,-0.700859950859951,-0.470702007878345,10,-0.410731540451967,1.12986000586816,1.13985190422297,0.484193090459635,-0.472105274249614,-0.437502275397538,-0.200076754534776,-0.636572154785606,0.0580029514821927,469.0000000001,0.173971646912425,0.0553442686772536,928.0000000001,0.328455219700078,0.502426866512503,0.0193357007073527,-0.471973412160311,-0.361959509579824,-0.39317496379544,-0.24044721365203,0.247530183404368,-0.678808710163653,0.209681167863235,-0.510619589265917,0.101441907367491,0.177304724784793,0.545359154536181,0.374658196911011,-0.403386826228003,0.125147357137431,-0.658232714974315,0,0.102215627178161,0.139017963839617,0.167198521564845,-0.833284073729732,-0.78047218300383,-0.0469214498820728,-0.695838774303034,-0.695838774303034,0.76177745362683,-0.195643028477379,-0.318509205895076,-0.326981653168602,-0.341369834465155,-0.252319430638414,0.289358927772279,0.597225324230488,0,928.0000000001,0.00669523049384735,0.0126404701135054,0.298586860770243,0.655041610822082,2267.67985472997,0.0625,1310,2,"SNETWORK (2 41 2267.67985472997 0.298586860770243 100000094 1310)",100
29,100000095,-0.56685632469394,133,-0.790377993358492,-0.853832397374456,-0.715996162004961,-0.715344983900652,-0.711097017555422,0.592566250949895,0.566388541511188,1.78834253847256,-0.194190220829966,1.22454261350615,-0.253626183720172,3.56609158733195,1.22454261350615,1.22454261350615,0.151155894138446,-0.730835151919373,-0.829589625871635,0.599083101525512,-1.05887948161307,0.340041067761807,-1.74251497005988,-1.15244755244755,0.0515970515970513,-0.56685632469394,8,0.224143041802555,0.0483084651454897,0.0481010772636605,-0.27225529017883,-0.568570654864162,-0.808917610164656,-0.191659390819313,0.324909646328942,1.70035412118272,1771.0000000001,4.81451678514032,0.160302876890365,3000.0000000001,0.768877826673494,5.58339461171381,0.259738905345706,-0.327689665732549,-0.523828071768463,-0.52272753422809,-0.728384554324105,-0.311815382307187,-0.951024010336606,-0.318465731315714,-0.674480006537997,-0.466285407765852,-0.369060120905152,-0.371830388763282,-0.458022618021968,0.128049491797198,-0.311609350953355,-0.471792152073761,-0.752292666128177,-0.897784372821839,-0.860982036160374,-0.83280147843515,-0.803768404515803,-0.27802558470364,0.491170871270679,-0.675539103713549,-0.675539103713549,1.22872983674647,-0.823755255401152,0.95126755055756,0.829267058005184,-1.56964250252047,1.43511955625837,-0.959879061776339,1.3575570593572,0,3000.0000000001,0.223970793042694,0.0357681122030123,0.812573206076125,0.480339164666421,1442.27693212401,0.25,928,2,"SNETWORK (2 29 1442.27693212401 0.812573206076125 100000095 928)",100
34,100000096,1.31773921329178,259,1.95876350285277,1.6240746339498,1.02485008991821,1.0045764169385,0.983070499920875,0.6115817587243,0.477966107760054,-0.346318284730187,-0.668690796471014,-0.733221517904015,0.562350073037065,1.50942406125909,-0.733221517904015,-0.733221517904015,-1.01192998817488,-0.601294986806619,-0.684877569899412,-0.652170022354536,-0.666507416218503,-1.3305954825462,1.62674650698603,0.565034965034965,-1.23832923832924,1.31773921329178,12,-0.757372525335052,0.605593647561812,0.60717852106819,1.14959410596591,1.32213065146684,0.54623356372784,-0.664824708626818,0.668028242915109,0.037443046340496,595.0000000001,0.142477144396349,0.0313716109504059,1129.0000000001,0.226510231103953,0.368987375400302,0.0155646080534528,1.25650381518827,2.04667356342093,0.599718466524881,1.25978538207021,0.946953442391597,0.322868469849994,0.876487325353017,-0.977507984209313,-0.182924890057249,-0.0347580883950294,0.58814515251308,0.913331575605398,-0.0143693742697202,1.36468605544286,0.596004386864676,1.11697181886013,1.81798745868161,1.77298984104302,1.80739578336229,-0.305556196554617,0.489549305573747,0.323735968970018,-0.287061727959623,-0.287061727959623,0.0210791465188749,1.06316675953723e-11,-0.857789647195626,-0.781804770373116,-0.204278202788898,-0.876080729701503,0.557187710795139,0.239930604735148,0.000632225781066163,1129.0000000001,0.00600996413900447,0.00955464381444834,0.178706196858343,0.671999200829305,5761.36636239952,0.00781248349848019,974,2,"SNETWORK (2 34 5761.36636239952 0.178706196858343 100000096 974)",100
42,100000097,-0.879334839328,7,-0.886598059773572,-0.0928456434617663,-0.0369605603324269,-0.0422694509956289,-0.0386919408759992,0.990669112555737,1.24860569789547,1.33860742998073,0.1092402672063,0.0534739210575458,0.352624963009101,0.587057003384222,0.0534739210575458,0.0534739210575458,0.592534297255021,-0.134886686443725,-0.328665978595018,0.147456461498905,-0.224883226105926,-0.720739219712526,0,-0.434965034965035,-0.700859950859951,-0.879334839328,10,0.104407547077598,1.6235731708681,1.64706684630041,0.00930144678271242,-0.879442385633709,-0.801184807220562,0.110955541179788,0.32030052943419,0.0800239623393618,1271.0000000001,0.650460817787004,0.0534684705399548,815.0000000001,0.278683277024684,0.929144094711688,0.0328077161463653,0.954209785115353,-0.287665191024793,0.543096144579855,-0.609948914042399,-1.75433506885384,-1.22115647040798,-1.35772770697119,-0.580898321724697,-1.51678255306045,-1.8082027412516,-1.54727456739672,-1.72534362372802,-1.75605272048593,-0.471106747057781,-0.658232714974315,-2.60749408789749e-15,-1.4058558810172,-1.37829262321507,-1.40813399619979,0.356549608496939,-1.40747545900314,0.562664237611057,0.391117227130793,0.391117227130793,8.86570478653109,1.06316675953723e-11,-0.169216583173104,0.0820351759488705,-0.227504861877662,-0.116315160976331,-0.294839453251769,0.741342836534669,0,1271.0000000001,0.0229675180951135,0.00984019795125179,0.512159987591752,0.97505986446112,1729.24132419088,0.0625,1474,2,"SNETWORK (2 42 1729.24132419088 0.512159987591752 100000097 1474)",100
17,100000098,0.299627556910981,252,0.152577399052067,0.406018494492994,0,0,0,-0.517279527161061,-0.597719909474331,-0.169325558899125,0.680442491456096,-0.123385431244368,-0.381181399052251,0.160615776594447,-0.123385431244368,-0.123385431244368,0.374912328843954,0.245049427494944,0.312738559150639,0.0216434075903398,0.277137490471689,-0.443531827515401,0.0161216029479497,0.044324905863371,-0.265923265923267,0.299627556910981,9,-0.554950583521751,1.98923760827201,2.02602559790145,1.16346462499562,0.303034172789916,0.889764787038163,0.685521289958728,-0.348479655319986,0.321753816429175,3497.0000000001,1.79893683171501,0.423751035672793,2110.0000000001,1.42951857353748,3.22845540515249,0.106970303356402,-0.453112418765839,-0.320042434069141,0.598173386665101,0.489636298213102,-0.174893633662281,0.196280637330858,-0.125746312629208,0.612433529003856,0.0191079723022912,0.0753337339680633,0.111909453460055,0.320750232977346,0.154812789357342,0.898185010227078,0.121428129376515,-0.277526342387342,0.0735459051286045,0.100025820532309,0.12030221742139,0.945197402957383,-0.851381123109269,1.40717673739866,1.19798092951669,1.19798092951669,1.20567916292738,1.06316675953723e-11,-0.417882537418692,-0.281586998459514,0.056796227310201,-0.457346186553917,0.225447441213506,-0.645284070034694,0,3497.0000000001,0.0596052273529361,0.047365075903466,0.879652422088621,1.67428732477129,2591.71916219129,0.125,671,2,"SNETWORK (2 17 2591.71916219129 0.879652422088621 100000098 671)",100
12,100000099,0.458298125235471,257,0,-0.0695595240108285,-0.467885001197052,-0.45962963966976,-0.447550990366083,-0.694043642699179,-0.807988801508552,-0.0592762417580812,0.0285537613965966,-1.2273657859873,-1.72800911087867,-0.0677662186397593,-1.2273657859873,-1.2273657859873,-5.48284626111509,0.509774577586847,0.658815995208015,1.73895436112538,0.296501489319864,0.184804928131415,-0.778443113772456,0.103496503496504,0.51023751023751,0.458298125235471,7,-0.151694019417968,1.00228296812772,1.00965216536948,0.246871145592319,0.454860180201438,-0.238992614451095,0.0369650744247557,-0.120797805345221,0.0568357947865984,3638.0000000001,0.330582352572288,0.0458339863580563,1648.0000000001,0.12076466258801,0.451347015060298,0.0177614917225994,0.0455805997842737,-0.0742621613718575,0.287538879856699,-0.0205592561591408,-0.475167055454666,-0.440546377500285,-0.409571795475411,-0.135172488297156,-0.100046251048165,-0.0893356181731139,0.524722914619812,0.792742367764539,-0.930070461122985,1.65716641016912,0.223123099423871,0.103212322371743,-0.459255204108549,-0.408406413295984,-0.346791493911993,0.239678510524332,0.191479920812384,0.374674934826703,0.255672406478462,0.255672406478462,-0.241626473112154,-4.27708889934848,-0.223228764307932,-0.184159900855932,0.586416578274125,-0.372098803332668,0.541355724532066,0.963404668332203,0,3638.0000000001,0.0130091381783753,0.00475235344422408,0.737025904430193,1.55643221270293,2839.27566074832,0.0312499302740435,257,2,"SNETWORK (2 12 2839.27566074832 0.737025904430193 100000099 257)",100
41,100000100,-0.698933448507308,51,-0.886598059773572,-0.0928456434617663,-0.0369605603324269,-0.0422694509956289,-0.0386919408759992,0.979623872769323,1.1572670210585,0.872299579099376,-0.102953949472096,0.406274206450758,0.465400951799829,0.376096223204695,0.406274206450758,0.406274206450758,0.556620211979554,-0.362132996279457,-0.502476723271401,0.107146007369082,-0.503994938606466,-0.720739219712526,0,-0.434965034965035,-0.700859950859951,-0.698933448507308,10,0.183466816132948,1.7116925518838,1.7381398797221,-0.114532765503647,-0.699489489704145,-0.598268396253265,-0.100129985086398,-0.0772200190876705,0.0631976712047052,301.0000000001,0.121653080240248,0.106112958841689,1148.0000000001,0.779050932171125,0.900704012311373,0.0313193407271834,0.583987524560042,1.32419756330198,-0.66714280422411,-0.631148861349069,0.0651687646643104,-0.978774516723267,0.0508782421616951,-0.594376456234501,0.0597789944447937,0.0560675596980798,-0.817624300475845,-1.14106263065774,-1.05641925277414,-0.413024823523123,-0.658232714974315,-1.30374704394875e-15,-1.4058558810172,-1.37829262321507,-1.40813399619979,-0.00221738659000959,-1.35820536193209,-0.299131532224576,-0.00223491824753307,-0.00223491824753307,-6.94124731193983,1.06316675953723e-11,0.36270438645631,0.383483011120269,-1.23416433085675,0.709455212965846,-0.314034867423646,0.57347183574119,0,1148.0000000001,0.00423012910301585,0.0270892115241676,0.122261621015707,0.25600653886795,1967.94568618434,0.0625,1257,2,"SNETWORK (2 41 1967.94568618434 0.122261621015707 100000100 1257)",100
41,100000101,-0.133316399992051,168,-0.886598059773572,-0.0928456434617663,0.315622755524543,0.310024668600395,0.31737100022456,0.910526845574468,0.89939647931314,-0.156248664052842,-0.372098455407284,0.879857387003778,0.481726416419073,0.860887583961598,0.879857387003778,0.879857387003778,0.489167778265073,-0.647522123401229,-0.764744193011886,-0.109387285260431,-0.824150879032411,-0.720739219712526,0,-0.434965034965035,-0.700859950859951,-0.133316399992051,10,-0.559899644558411,-1.25320789247543,-1.22608807426616,0.718616737280962,-0.135190162906644,-0.272663354578614,-0.3663174259937,-0.418629908217527,0.151857894652863,1035.0000000001,1.00515552330431,0.0968807520130995,178.0000000001,0.110284135414984,1.11543965861929,0.0653325025036511,0.997309324952552,0.704114730430675,-0.036728184936028,-0.239971920047511,-0.298558904516562,0.0589586229678916,-0.38533935003839,-0.328384963604931,-1.31049639499557,-0.748741549684908,0.518862552337534,0.708850288881856,0.0780733445894269,1.25798120018344,-0.51872141471147,0.246474080634224,0.102215627178156,0.139017963839613,0.16719852156484,0.228543607717042,-0.630868030636871,0.903799184193759,0.243149592740672,0.243149592740672,0.0832443432467259,1.06316675953723e-11,-0.791226350791848,-0.635468775982799,0.361271838454808,-0.939803253572777,0.0435264130488643,0.0329115165849814,0.00263108896461888,1035.0000000001,0.0588730417949837,0.00645946060866742,0.511677957449851,0.397453156299889,2629.91207274172,0.0625,1374,2,"SNETWORK (2 41 2629.91207274172 0.511677957449851 100000101 1374)",100
3,100000102,-0.0700081458467969,156,-0.226804037760009,-0.273941878615531,-0.467885001197052,-0.45962963966976,-0.447550990366083,-0.40652531296949,-0.473998814153706,0.531603598171382,0.66529213310726,-0.200555456042847,-1.2854412087749,-0.329619191553188,-0.200555456042847,-0.200555456042847,-4.46280786964823,0.143055268983359,0.215189938664671,1.03943396586056,-0.0377682319857804,0.0739219712525668,-0.0898203592814364,1.0005994005994,0.837837837837838,-0.0700081458467969,7,-0.357632466770415,-0.365590715333519,-0.362072416062547,0.423146741031624,-0.0705739839770483,1.92118439574536,0.66589233555454,-1.87126792810402,2.25569950318951,3017.0000000001,10.8805685243984,0.449483388914981,2878.0000000001,2.06823303430792,12.9488015586063,0.647979762331318,0.207329552518883,0.116963327416762,1.00127625180291,1.35254509449384,0.526535105664623,1.40116341403842,0.577289103686206,1.16217057928431,0.650185103219686,1.25391082943578,-0.218158877396376,-0.226850616810197,0.153414426940885,-0.053701301807112,-0.183656619125853,-0.461007527196322,-0.751834212897414,-0.690544926566652,-0.641104661755904,-0.0739747120662008,-0.717859961019278,0.3736280349315,-0.0733022889750513,-0.0733022889750513,1.75143600202907,-18.6046637016008,0.765969992560791,0.816578366715941,1.32540067748043,0.532789642799371,-0.73738512072937,0.401478195032972,0,3017.0000000001,0.544481910040925,0.103497852190392,0.736671505671942,0.354161629453301,2252.70378287688,0.0624998605480869,157,2,"SNETWORK (2 3 2252.70378287688 0.736671505671942 100000102 157)",100
43,100000103,0.346168765788391,164,0.12371145778112,0.869954874556633,0.965149594579297,0.947078472655203,0.966783102940535,0.123128943402223,0.0590498536181688,-0.480355969173641,-0.514299558612202,-0.115451140372882,0.84549051002208,-0.31412572998802,-0.115451140372882,-0.115451140372882,0.054323318977521,0.606467097274778,0.463683612011771,-0.436601162847357,0.816671492759821,0.147843942505134,-0.958083832335329,-0.581818181818182,-0.163390663390663,0.346168765788391,11,-0.511475255076154,-0.153870783346429,-0.15281286301994,0.654552649150539,0.344384639263276,-0.26925178837267,-0.510578252680754,0.325680499454346,0.0322898354139559,6.0000000001,0.190934999894595,0.0255556610481573,2.0000000001,0.0503715806138447,0.24130658040844,0.0116325752534644,0.594075588444918,0.384185232346257,-0.372128731137023,0.0223253105683328,0.603080178952898,-0.20638132261738,0.637262503203108,-0.746034276545753,0.646571694404059,0.259937118291441,-1.33177164831113,-1.16515608512562,0.0211730930537847,-0.418786874453126,-0.353148128111645,0.538992472803682,2.19258446122347,2.1515594435597,2.28302402457116,0.503488743285018,1.04884744979301,-1.52765735471867,0.572246182119604,0.572246182119604,-10.0219098426985,1.06316675953723e-11,0.311645157654448,0.272637938534478,-0.20087932151187,0.403912536419056,-0.13609073111948,0.038444082167076,0,6.0000000001,0.00920433140156537,0.00242824375189899,0.641183226557631,1.08129123732475,3732.84795817351,0.0312500660060792,1633,2,"SNETWORK (2 43 3732.84795817351 0.641183226557631 100000103 1633)",100
29,100000104,-0.487570803745994,149,-0.790377993358492,-0.853832397374456,-0.715996162004961,-0.715344983900652,-0.711097017555422,0.57799294553106,0.558716134409816,1.77838852171403,-0.231803808831233,1.18467154070234,-0.20992651005769,3.49970893386465,1.18467154070234,1.18467154070234,0.125227284323668,-0.780987042589407,-0.86557114954149,0.853389575169003,-1.16866232776779,0.340041067761807,-1.74251497005988,-1.15244755244755,0.0515970515970513,-0.487570803745994,8,0.116709927395101,-0.265715593347419,-0.263504419970683,-0.210731102056041,-0.488196946685665,0.249964750195041,-0.229151492943559,-1.5062792289614,0.317335017636799,5435.0000000001,2.75747962851821,0.0674939966302089,212.0000000001,0.0228768262272388,2.78035645464545,0.13670200177766,0.0892474610695675,-0.232926529900215,1.07958271710764,-0.569901462257274,-2.55708001722912,0.318454012793027,-2.75849508893872,-0.00636976958955556,-2.64714199711314,-2.00709309079001,-0.797021245353877,-0.814061578368301,-1.37436680995212,-0.245694639435724,-0.471792152073761,-0.752292666128179,-0.897784372821839,-0.860982036160383,-0.83280147843515,0.914849678375985,1.53054513389955,-1.13192819557314,1.15073692280763,1.15073692280763,0.441062075527092,1.06316675953723e-11,0.294243539635324,0.26652222519734,-0.999654741540027,0.577821458925795,1.0352397638004,0.648560230216032,0,5435.0000000001,0.135577214991222,0.00112478668643823,0.903594086401494,1.13462327513844,1526.71835557245,0.25,944,2,"SNETWORK (2 29 1526.71835557245 0.903594086401494 100000104 944)",100
3,100000105,-0.176880192508504,136,-0.226804037760009,-0.273941878615531,-0.467885001197052,-0.45962963966976,-0.447550990366083,-0.388356472408176,-0.454203122746223,0.550573847682021,0.717301660854821,-0.085458683701374,-1.25731472433375,-0.220813215098867,-0.085458683701374,-0.085458683701374,-4.38673134487062,0.145060422482734,0.215939858036865,1.07212784142761,-0.0412247988519463,0.0739219712525668,-0.0898203592814364,1.0005994005994,0.837837837837838,-0.176880192508504,7,-0.660860847616434,1.15773264205207,1.16834581450401,1.24860355730818,-0.172304863482379,0.647029357347854,0.717542558052214,-0.0408872920974553,0.0990813884405155,2238.0000000001,0.354525272929117,0.0741856668259782,4433.0000000001,0.525790542278689,0.880315815107806,0.0337140854907398,-0.413165892901303,-1.44954764274953,-0.219779977620904,1.11615339154551,2.1430279619512,0.251411524157507,1.80110460246893,0.65516826533032,1.84815331275733,3.72280653150089,1.15372841856971,0.926599607466119,0.158561311714643,2.17091177140864,0.0195454500564247,-0.179158536478013,-0.824741885912892,-0.775684765141672,-0.736864535097573,0.377499594061508,-0.965731549007156,1.06633397562339,0.416188066237006,0.416188066237006,-0.289214818222129,-1.00893759117778,-0.791759724116723,-0.750833897559798,-0.0905722615504134,-0.831231006998344,-0.315449170307732,-0.224634648598153,0,4433.0000000001,0.0135775083414015,0.0201365770493383,0.660675619286858,1.37264762770302,2143.12525954882,0.0624998605480869,137,2,"SNETWORK (2 3 2143.12525954882 0.660675619286858 100000105 137)",100
17,100000106,-0.961498448670427,27,-0.711340194022643,-0.147031598306002,-0.358045591966192,-0.357303355798844,-0.355675841278248,-0.0348319220993218,-0.0330062943345836,0.3510230127801,1.36079200346519,0.647104086105989,0.0460433606157337,-0.0850330705875282,0.647104086105989,0.647104086105989,0.513102221371114,0.0226000601818071,0.0149150868928259,-0.496422842006348,0.0915336766546331,-0.596303901437372,0.141716566866268,0,-0.395577395577396,-0.961498448670427,9,0.676785875292676,-0.682406690875397,-0.672975554051594,-0.589169828594216,-0.959671236934807,0.358882926425446,1.35965380538126,-0.379899157383998,0.285847848341255,1676.0000000001,0.765958987298636,0.162096956480208,1875.0000000001,0.485928875574753,1.25188786277339,0.066256870032869,-0.288016652698324,0.111838595933391,0.393769375368297,0.392559229413021,-0.00416016116766699,0.519304426672727,-0.00588260602333168,1.03877500424046,-0.273016101585798,-0.759488113449782,-0.0902814703856506,-0.0679069772529335,-1.09729925905635,-0.190606281423294,-0.675181930528773,-0.587156310063935,-1.4058558810172,-1.37829262321507,-1.40813399619979,-0.989075277982439,-0.908914557361907,-0.253980554899882,-0.798468260415719,-0.798468260415719,0.886996483774084,1.06316675953723e-11,-0.093985158011453,-0.221372666522455,-1.16766554451363,0.19320509725981,-0.193524825390373,-0.655325663356772,0,1875.0000000001,0.0405388106250636,0.0257180593078055,0.0904803499121359,0.465047424659133,1277.64813386881,0.125,446,2,"SNETWORK (2 17 1277.64813386881 0.0904803499121359 100000106 446)",100
3,100000107,-0.500471127759131,60,-0.494845044588713,-0.486027089260215,-0.640656641110964,-0.630828421199535,-0.621755757978306,-0.325758706739347,-0.399235643807987,0.648801068798679,0.973554528666017,0.0229615347121205,-1.14904993997269,0.197104782972111,0.0229615347121205,0.0229615347121205,-4.91294812498223,0.23652352733316,0.273992350813733,1.27433536484034,0.0370658641959382,0.501026694045174,-0.58882235528942,1.04055944055944,1.3033033033033,-0.500471127759131,7,0.812418253823549,-0.0689276367318571,-0.0685288663463492,-0.630648003687983,-0.496804168786464,1.59005397767362,0.973047697891738,-1.08774060406831,0.219663510978744,2076.0000000001,0.729088594253204,0.236275522436694,2029.0000000001,0.766471151348801,1.49555974550201,0.0710245895520314,0.40323582173383,-0.271176612809359,0.663216405323272,0.672250469193231,0.00798042215941941,1.14819864492668,0.00792634156360333,1.18680421692307,0.262499699221621,0.606641191294128,-0.328042483111424,-0.232182313683349,-1.13561740856413,-0.310455815366782,-0.467057115413414,-0.747505872603476,-0.897784372821835,-0.860982036160378,-0.832801478435145,-0.635816098526027,-0.0135671937157903,-0.242420880826169,-0.55454516674951,-0.55454516674951,0.865383614182693,-17.5596399353091,1.03734465146352,0.827841489371532,-0.0665300169282197,1.16627282357039,0.181560151495619,0.337258511338035,0,2076.0000000001,0.0346246401944784,0.0363999492575531,0.352133957781269,0.393650455795491,1698.23881554251,0.0624998605480869,61,2,"SNETWORK (2 3 1698.23881554251 0.352133957781269 100000107 61)",100
41,100000108,0.394791016695143,238,0.680412427894334,0.334368660703197,0.315622755524543,0.310024668600395,0.31737100022456,1.04196599831759,0.909304475054166,-0.517471391657536,-0.543655362230539,0.635648260977075,0.959073789832165,0.522417051144894,0.635648260977075,0.635648260977075,0.368702007259021,-0.775990663098923,-0.894312042400624,-0.422628100052381,-0.928769557792299,-0.720739219712526,0,-0.434965034965035,-0.700859950859951,0.394791016695143,10,0.149549779230415,0.420294751872079,0.420443187916811,-0.171526745660425,0.392692141187129,-0.401007872882666,-0.54024712245892,0.487191594878787,0.21983013946402,624.0000000001,0.877258054367185,0.169702211228405,650.0000000001,0.705434015208775,1.58269206947596,0.0689666269710126,0.466906068567785,0.8845631821347,0.0423768738662717,-0.414804475297425,-0.681948002776232,-0.485268705409033,-0.651767534664831,-0.97467611379952,-0.630527747265664,-0.226060284086118,-2.00050549004968,-1.96953169125949,-1.71280525149081,-0.484470878853442,0.562105955755759,0.451834062908154,0.102215627178161,0.139017963839617,0.16719852156485,-0.256352160013909,0.496092849162269,-0.214322315654356,-0.243558889839232,-0.243558889839232,-10.8545433698395,-9.91406504380082,0.551205879298683,0.668525205853484,0.922172869247735,0.394982653633442,0.577105871870965,0.874175099342732,0,650.0000000001,0.0382269741972553,0.0307396526737573,0.741923000505454,0.979945437749848,3021.30417654998,0.0625,1444,2,"SNETWORK (2 41 3021.30417654998 0.741923000505454 100000108 1444)",100
17,100000109,0.182338186935919,236,0.152577399052067,0.406018494492994,0,0,0,-0.482068843174465,-0.537641036040664,-0.161383098086143,0.709842139041314,0.00384641585473399,-0.342108573594582,0.163870683066713,0.00384641585473399,0.00384641585473399,0.380346968880445,0.234158664506289,0.299055554333825,0.000859606130565365,0.267210613141817,-0.443531827515401,0.0161216029479497,0.044324905863371,-0.265923265923267,0.182338186935919,9,-0.505700127239597,-1.75471268485906,-1.70419610272313,0.372728775968286,0.182326725397898,0.380492960512661,0.710121947725487,0.187389463304058,0.0822051936320858,916.0000000001,0.120390246790966,0.147361181578585,2712.0000000001,0.638953649001845,0.759343895692811,0.0486406907968121,0.223783615574583,-0.441824301643499,0.33963476743016,0.141874330460528,-0.307205610345178,0.832816257799923,-0.43408415903061,0.928794227497162,-0.369596666414801,-0.686751594529946,1.1189894424874,0.539680542151735,-0.640391363686983,1.62881756975373,0.121428129376515,-0.277526342387344,0.0511078135890781,0.0695089819198063,0.0835992607824201,1.01595563065711,1.55052683628617,-0.346000114699339,1.31077102559049,1.31077102559049,0.20435632962162,1.06316675953723e-11,-0.752215022906693,-0.721304746550089,-0.679359626387366,-0.645680609249629,1.30021648282251,-0.281082381932813,0,2712.0000000001,0.00771174271130022,0.0409289479855119,0.825131100870678,1.30903711471445,2500.93428628866,0.125,655,2,"SNETWORK (2 17 2500.93428628866 0.825131100870678 100000109 655)",100
17,100000110,0.175787386415149,235,0.152577399052067,0.406018494492994,0,0,0,-0.482661107521516,-0.538575665104178,-0.158627150076819,0.711970839226441,0.010374686686455,-0.344620751556122,0.171075885242426,0.010374686686455,0.010374686686455,0.380681961192548,0.23437130847008,0.299132719406147,0.00163983272734225,0.267335867476791,-0.443531827515401,0.0161216029479497,0.044324905863371,-0.265923265923267,0.175787386415149,9,-0.474911772762095,-0.470070459233489,-0.464901376612845,0.530200367270974,0.174332578835325,0.140577745093467,0.712119978345872,-0.411143439106522,0.0742156731507905,424.0000000001,0.0503104338416736,0.0999846223354476,4181.0000000001,0.668359233488563,0.718669667230237,0.0366335146067819,-0.445770139517194,-0.856680050687941,0.378593000031878,0.00217170389602104,-0.597312531163562,0.276652404149521,-0.668713270031906,0.665094784810183,-1.36938104504572,-2.68117902566855,0.556328685694135,0.648228498201817,0.157825331763505,1.77056177183066,0.121428129376516,-0.277526342387341,0.0941053598367586,0.1279876264722,0.153932206555935,0.715501833302722,-0.788505234895552,0.803512201914657,0.85650985932953,0.85650985932953,-0.582872450939411,-0.14573745288841,-0.422202476766576,-0.366257402741926,-0.189601736000811,-0.402552698475532,0.937245928528893,0.527599978436501,0,4181.0000000001,0.00256452733239414,0.0340689871743878,0.821914932735709,0.100088451006971,2495.57896072991,0.125,654,2,"SNETWORK (2 17 2495.57896072991 0.821914932735709 100000110 654)",100
43,100000111,-0.26985843703019,53,0.12371145778112,0.869954874556633,0.532114998802948,0.540517197237357,0.552449009633917,-0.349854852335257,-0.328911457296511,-0.778973734279953,-0.0907910283148874,-0.484375992697333,0.563653343196386,-1.17165695841995,-0.484375992697333,-0.484375992697333,0.401677480123768,0.697244301638382,0.488858996599325,0.0777140788246691,0.836961643385956,0,0.0419161676646709,0.81118881118881,0.429975429975429,-0.26985843703019,11,0.817275821233226,0.075323454910622,0.0750258562115637,-0.622492504188887,-0.268937620577198,-0.143009586538968,-0.088521804168872,0.141503518181156,0.0298373681561781,1.0000000001,0.0294055277130779,0.143409388239844,4.0000000001,0.565335215321521,0.594740742934598,0.0275360363103786,-0.526819546777457,-0.22901209371492,-0.590762925646934,0.324970973657474,1.44234808163949,-0.128895217045152,1.46464514080303,-0.0790965807948383,1.130022102862,1.0743820915257,0.6289308363696,0.70442997712822,0.0461807725011843,0.672086408255939,-0.353148128111646,0.538992472803681,0.102215627178165,0.139017963839617,0.167198521564845,-0.921587425751881,0.400745694051444,-0.476587313531964,-0.754925245380789,-0.754925245380789,-0.0589697112927063,-0.0399790915688109,0.519104275443087,0.389996491228244,0.327107510016756,0.503579422195656,-0.059382136218827,0.884450356642324,3.5297682984245e-14,4.0000000001,0.00136145317584907,0.0261745830345295,0.210393488516039,0.724689577706158,3104.46838210265,0.0312500660060792,1524,2,"SNETWORK (2 43 3104.46838210265 0.210393488516039 100000111 1524)",100
41,100000112,-0.118034428954692,171,-0.886598059773572,-0.0928456434617663,0.315622755524543,0.310024668600395,0.31737100022456,0.913644964094951,0.88097806742204,-0.175982474401173,-0.375829728174965,0.872273756472536,0.50501264709585,0.81981082893846,0.872273756472536,0.872273756472536,0.485936838322311,-0.649734632798523,-0.769755324192001,-0.136192084781015,-0.822032671867472,-0.720739219712526,0,-0.434965034965035,-0.700859950859951,-0.118034428954692,10,-0.585130024498736,0.118290647157863,0.117887459850173,0.857775321128885,-0.118208634723497,0.155770030301183,-0.372834775685249,-0.407864876677047,0.126751560694637,1376.0000000001,1.11539139181297,0.130790631799025,61.0000000001,0.0510225326837471,1.16641392439672,0.0535973148424218,0.494967668929974,0.619653740012412,-0.238189520365583,-0.0622524048134101,0.270956191784269,0.139263359132952,0.27291877418753,-0.298082180570079,1.29169315250393,0.753836963121901,0.737000970537964,0.450360943048258,0.0768254306307208,0.631285010508428,-0.509952817057897,0.2619655285746,0.102215627178161,0.139017963839617,0.16719852156485,0.0668549539308639,-0.763904242215053,0.80079970500989,0.0684609423406619,0.0684609423406619,0.267152437389176,-0.0897186218521032,-0.801356980988279,-0.658873874238585,0.438245729887023,-0.969493950802349,-0.144061978856408,-0.403262579748867,0.000837813849698803,1376.0000000001,0.0512528033465248,0.00234451139589697,0.521440140965769,0.0941646187566221,2646.50674723873,0.0625,1377,2,"SNETWORK (2 41 2646.50674723873 0.521440140965769 100000112 1377)",100
17,100000113,0.33118477865046,255,0.152577399052067,0.406018494492994,0,0,0,-0.525806711445851,-0.608613975360475,-0.169578789296958,0.661751354816373,-0.188720386779975,-0.403507604665499,0.213897391022638,-0.188720386779975,-0.188720386779975,0.370521117785899,0.247606846565286,0.313825066375282,0.0220492009458388,0.280287043418711,-0.443531827515401,0.0161216029479497,0.044324905863371,-0.265923265923267,0.33118477865046,9,-0.491780475365921,0.99947603012921,1.00679162740779,0.827393656085883,0.336450723831956,1.27189629238715,0.662028973705917,0.0134980760948339,2.66167274073082,2685.0000000001,11.4260342472974,1.31393431346551,2383.0000000001,5.00603949119332,16.4320737383907,0.6469554047424,0.324441090540531,-0.0927071500336387,0.744645166906816,1.40507308478604,1.00441147437848,0.677876912845365,0.868075422978416,0.833700082046562,0.2356096184389,0.49660392032352,0.252341069557898,0.401965280690978,0.153987649607241,0.634289830036379,0.121428129376516,-0.277526342387341,0.0104297232479389,0.0141849042985571,0.0170603493372498,-0.178723893246532,0.00100197072622261,0.451700140416907,-0.172859080255934,-0.172859080255934,0.276657482045714,-0.0914173372660336,-0.392060597667185,-0.170358792473144,0.11282457063415,-0.442600154678404,1.00222542007787,0.698000111246689,0,2685.0000000001,0.449860116719659,0.19709528792274,0.889758430186752,0.0655660415068269,2608.54694021582,0.125,674,2,"SNETWORK (2 17 2608.54694021582 0.889758430186752 100000113 674)",100
29,100000114,-0.578962223437389,131,-0.790377993358492,-0.853832397374456,-0.715996162004961,-0.715344983900652,-0.711097017555422,0.602741833385198,0.585278489091428,1.82064992251273,-0.189145140916777,1.21098218349598,-0.241767135055749,3.52918447711237,1.21098218349598,1.21098218349598,0.151305058256589,-0.726949908744203,-0.82552682410788,0.575830880216547,-1.04972483746597,1.04722792607803,-2.90419161676647,-1.63076923076923,0.553235053235053,-0.578962223437389,8,0.345556714654709,0.160194880600134,0.159733336425868,-0.3545920415064,-0.579776191945137,-0.550451586853264,-0.186437368148828,0.467439210897483,0.250454533633274,2532.0000000001,1.01388188680447,0.106856532166873,477.0000000001,0.0814918581648689,1.09537374486934,0.0499633494560493,-0.00966057101589112,0.0478886865189234,-0.723643007243953,-0.913611450720259,-0.279201315095151,-0.609232374593737,-0.279519169128167,-0.452869955680362,-0.236324498224475,-0.191258971509911,-1.90913693961712,-2.04041691129101,-1.65185136742683,-0.483086636149554,-0.471792152073761,-0.752292666128179,-0.89778437282183,-0.860982036160374,-0.832801478435145,-0.109046399939044,-0.500506936677843,0.9668264605782,-0.107179471880149,-0.107179471880149,-12.6150980906794,1.06316675953723e-11,0.722279950083131,0.849407067343423,-0.307032238564317,0.879301403940832,-1.98861220621664,1.3575570593572,0,2532.0000000001,0.0462462562692272,0.00371709308682217,0.800150650267146,1.19043867941946,1430.7523424735,0.25,926,2,"SNETWORK (2 29 1430.7523424735 0.800150650267146 100000114 926)",100
3,100000115,-0.46792324745034,68,-0.494845044588713,-0.486027089260215,-0.467885001197052,-0.45962963966976,-0.447550990366083,-0.330793139238679,-0.401366700892666,0.643597615608627,0.960806517330084,0.0315344739304027,-1.15989810511035,0.227569406086836,0.0315344739304027,0.0315344739304027,-4.85360605070167,0.232615108147336,0.272568847734732,1.28837148887659,0.029567608495779,0.501026694045174,-0.58882235528942,1.04055944055944,1.3033033033033,-0.46792324745034,7,0.985329519198297,0.565878935295357,0.567086887611942,-0.648006209457503,-0.470729114069982,-0.926874103615491,0.960987132682805,0.141157296169746,0.0321000184260917,294.0000000001,0.0150885549213971,0.14832408961981,5464.0000000001,1.29573865856562,1.31082721338701,0.0556795826854922,-0.334283140302661,-0.577580563628154,-0.956155661803229,-0.761418154542613,0.321560658616912,-1.23335747623459,0.29984847278177,-0.119142067976807,0.17933719921933,0.411633830056074,-0.0680145133727862,-0.104067082907561,0.176449613437695,-0.055316251628314,-0.320139293458884,-0.59898234611627,-0.897784372821835,-0.860982036160378,-0.83280147843515,-0.0929103265562064,0.562135802698249,-0.933993002621353,-0.0916619053526917,-0.0916619053526917,0.275124351956952,-6.72491962704676,0.358681326745986,0.15939645615636,-0.247683989659818,0.415022203971305,0.234148825095987,0.286075144366491,0,5464.0000000001,0.000640911651633338,0.0550386709338588,0.386122545799018,0.859209723548145,1747.24698509156,0.0624998605480869,69,2,"SNETWORK (2 3 1747.24698509156 0.386122545799018 100000115 69)",100
29,100000116,-0.648622622170461,120,-0.790377993358492,-0.853832397374456,-0.715996162004961,-0.715344983900652,-0.711097017555422,0.635948877738782,0.593506358944122,1.84800117023411,-0.0844774970839982,0.973466829949034,-0.128754751238874,3.02969249178819,0.973466829949034,0.973466829949034,0.065037196980985,-0.691722211707186,-0.813732476881471,0.397791289230742,-0.972720150116894,1.05602816075095,-3.18648417450813,-1.88851148851148,0.604422604422604,-0.648622622170461,8,0.175209055268971,-0.319702444369498,-0.316817406610032,-0.265980376727163,-0.645627436131167,0.0234350070748162,-0.0820512008541015,0.260215299539774,0.176910547595515,4564.0000000001,1.29090453928161,0.0301497841460299,906.0000000001,0.0436724111616227,1.33457695034323,0.0662455057605419,-0.380200082459113,-0.135929618355576,-0.63813531287652,0.404989922878258,1.63397710842828,0.130659978493313,1.77852599544589,0.0616325754420617,1.61772394436252,1.53411554721869,0.822402658741425,0.695506687923335,0.0480211136253117,0.829046026069904,-0.471792152073761,-0.752292666128179,-0.89778437282183,-0.860982036160378,-0.83280147843515,-0.382354873273768,-0.375485984854097,0.730389371042503,-0.352994484837526,-0.352994484837526,-0.233374421965369,-0.182031456633448,0.0289158745775388,-0.048147298110392,-1.44172520737274,0.394018993707437,0.105223436252203,-0.118430299418885,0,4564.0000000001,0.0640777018829741,0.00216780377756783,0.733223607669641,0.303107744378888,1368.66313037265,0.25,915,2,"SNETWORK (2 29 1368.66313037265 0.733223607669641 100000116 915)",100
37,100000117,0.0383540187741745,25,1.29896932353205,1.22104076566898,1.50580654500643,1.48232234240258,1.49987706507974,0.089797530727637,0.0205035507148716,-0.474703471753207,0.721944585761445,-0.274172835117167,0.618611574451303,-1.11968250565158,-0.274172835117167,-0.274172835117167,-0.496547093834978,-0.51085623379731,-0.546672385978366,-0.412753322434773,-0.596318549659531,0.170020533880904,-0.850299401197607,-0.17062937062937,0.240786240786241,0.0383540187741745,12,0.140667439751813,-0.491859874707504,-0.486309684637406,-0.253227624545465,0.0347868937579907,0.34836180428544,0.722120687081262,-0.785383612261169,0.0801912532323199,560.0000000001,0.287191835443821,0.0728967313281415,59.0000000001,0.0275053470860986,0.314697182429919,0.0161033069324704,1.61687224689606,1.06230359640707,-0.0329090991884285,-0.843247040334857,-1.17836326984222,0.459677811411796,-1.32353866566332,0.759023084238343,-1.01795435425017,-2.01609882572963,-0.149197002070658,0.0291532014286352,0.26316064251539,0.138747823053268,0.528207847926239,1.07109749798066,2.19258446122347,2.15155944355969,2.28302402457116,0.331324994782109,0.760003016855386,-1.908250379824,0.361254739070826,0.361254739070826,-0.405518377850078,1.06316675953723e-11,0.0948008067060841,0.156127806003788,0.0493793200052642,0.105958154229971,0.128829705880998,-0.205353099868527,0.0134326984217698,560.0000000001,0.014695836200635,0.0014074706318354,0.13993290977596,0.2104944154853,4373.75842962892,0.0312499339939208,1073,2,"SNETWORK (2 37 4373.75842962892 0.13993290977596 100000117 1073)",100
13,100000118,0.913571295066891,322,0,-0.0695595240108285,-0.110963835372034,-0.110383201657025,-0.109843962764069,-0.952420424825727,-1.13882117499834,-0.412216000581691,-0.358715462482037,-1.60422822907269,-1.57418903969007,0.00705152076112387,-1.60422822907269,-1.60422822907269,-2.93764954082541,0.62875815155784,0.867540650881837,1.77866039602994,0.439236797726982,1.07186858316222,-1.64670658682635,0.299300699300701,1.38452088452089,0.913571295066891,7,-0.297142858634211,-1.68764286893905,-1.6406962978402,0.0713876560488654,0.909336072739181,0.2716246670305,-0.355778379951535,-0.981536711125464,0.0524025075885109,1420.0000000001,0.11896944835641,0.0324956244963945,855.0000000001,0.04442076528468,0.16339021354109,0.0103413220715057,-0.0990672321819266,0.0468587410726654,1.00401451619859,-0.0745237793992758,-1.67185873284514,0.720673596572686,-2.32350711537791,0.0104574274819286,-2.28927279663074,-1.31859341973526,0.254802541277872,0.263749115441942,-0.593200930160448,0.224722799771544,0.223123099423871,0.103212322371743,0.000480866141914464,0.0349290148369488,0.115671933158063,-0.310763173292101,-0.0933449950640211,0.230070687572069,-0.291607137219607,-0.291607137219607,1.60111974168949,-3.65002979698339,-0.04062129122098,0.0941467463492757,0.497644497313653,-0.15065362423834,-0.645625416512993,-0.429222507307741,0,1420.0000000001,0.00752983513076504,0.00281148684074063,0.352799494731994,1.33263875544071,3201.60489939474,0.0156249651370217,322,2,"SNETWORK (2 13 3201.60489939474 0.352799494731994 100000118 322)",100
28,100000119,0.438153730645315,233,-0.268041164135857,-0.507523118116241,-0.715996162004961,-0.715344983900652,-0.711097017555422,0.716278191774551,0.800148091309577,1.97921139490873,-0.601276917738891,-1.26424504955242,-0.450752668823971,1.90700453833903,-1.26424504955242,-1.26424504955242,-0.336164939007959,-1.04647065573235,-1.06384964781095,0.430828545465689,-1.42600405014961,0.468172484599588,-2.26546906187625,-1.53286713286713,0.194922194922195,0.438153730645315,8,-0.593866025132466,1.35259355933506,1.36802670371301,0.897034609211891,0.441074950144881,0.964657182105736,-0.597565720127934,0.149083998205974,0.0981461533125578,10386.0000000001,1.62973264984536,0.0391489769333568,1718.0000000001,0.107532153096323,1.73726480284168,0.0643085788487617,-0.0513539323756456,0.0980496206292976,1.04928689405406,0.934069280034684,-0.188243272414267,0.405080462931088,-0.151961089866007,-0.674835951621141,1.04492352351647,0.301562063184518,0.674986705438343,0.23972565179818,-0.132770328490607,0.745378120524774,0.121428129376515,-0.277526342387342,-0.897784372821835,-0.860982036160378,-0.832801478435155,0.992179517021678,0.484949762844537,1.88133979959888,1.27245471148221,1.27245471148221,-0.130658610223,1.06316675953723e-11,-0.217615551232721,-0.424220489984022,0.763399871382961,-0.408706398624894,0.48973041414777,0.00129326038067337,0,10386.0000000001,0.0603280457188664,0.00398053302989536,0.477451608290165,1.65367341227829,1995.19594539428,0.125,774,2,"SNETWORK (2 28 1995.19594539428 0.477451608290165 100000119 774)",100
41,100000120,-0.388041758703537,121,-0.886598059773572,-0.0928456434617663,0.315622755524543,0.310024668600395,0.31737100022456,0.933744704343827,0.965430583176664,0.229087591515865,-0.265515283780076,0.692027407949515,0.494812427485714,0.453187601216591,0.692027407949515,0.692027407949515,0.509953264455662,-0.681746016781337,-0.807113640806283,-0.131404988617761,-0.863266653756576,-0.720739219712526,0,-0.434965034965035,-0.700859950859951,-0.388041758703537,10,-0.420192372095022,-1.05947004959582,-1.0393946041981,0.449050583369844,-0.389828918617723,-0.488837140326636,-0.262692772256176,-0.301027091963312,0.0764986550483449,947.0000000001,0.463296818190549,0.0601900039268186,678.0000000001,0.260981428716255,0.724278246806804,0.0409847126644361,1.67640283559973,0.782949465241943,-0.665122390220868,0.255861894151535,1.36088913334936,-0.254366611211903,1.68777026513452,-0.344135986813123,0.678313321427557,0.489823869602534,-0.27603231534434,-0.364480036836324,0.109999336348272,-0.291785419872886,-0.658232714974315,-1.30374704394875e-15,0.102215627178161,0.139017963839613,0.16719852156484,-0.973560468550924,0.160139554521766,-0.182685861009861,-0.788579324036486,-0.788579324036486,1.70266720634022,-0.347261296662863,0.268258776675993,0.176944329736155,-0.0636086625809884,0.323232028648064,1.05313538429402,1.25386592165579,0.00951904196228733,947.0000000001,0.0262165638796903,0.0147681486847458,0.355200627601876,1.14040354528697,2363.91724169249,0.0625,1327,2,"SNETWORK (2 41 2363.91724169249 0.355200627601876 100000120 1327)",100
16,100000121,0.875962533734472,335,0.288659805977357,0.708741764562854,0.0737102907633875,0.0682577010310203,0.067165878475577,-0.741272691905799,-0.846088468731122,-0.40961499655721,0.344438959748971,-0.509915030591488,-0.472667890825716,0.598661862501244,-0.509915030591488,-0.509915030591488,0.345307041776953,0.607985761462941,0.697406793932188,0.27864497167817,0.687648894040389,-0.443531827515401,0.0161216029479497,0.044324905863371,-0.265923265923267,0.875962533734472,9,-0.823695429477654,0.00249022637561907,0.00247808147235967,1.4100032568862,0.877126200345789,0.710906400281297,0.34847840543585,0.876734217235946,8.03590420690093,1713.0000000001,22.0084110412641,0.106277498538502,2339.0000000001,0.397436838906114,22.4058478800702,1.05075939466906,0.192281861074596,-0.106182251616375,-0.258653048340587,1.22499551119636,2.2853846822687,0.599183376464885,2.35073289969017,0.624091075739888,2.29922556872662,3.47211438706202,0.0905645507520198,0.562349329988989,0.117262417483695,0.80184509423823,0.562105955755759,0.451834062908154,-4.52365144789511e-15,-4.51494518067087e-15,0,0.351443618950695,-0.429361093007664,-0.122844691390712,0.385043992926681,0.385043992926681,0.26524074312128,1.06316675953723e-11,0.0373176429371112,0.0950788233713036,0.222767631552604,0.00111284601152389,0.13399773599266,0.275424995541061,0,2339.0000000001,1.03212093489726,0.018638459671802,0.739618883131106,2.23714502888741,3057.02506332209,0.0625,403,2,"SNETWORK (2 16 3057.02506332209 0.739618883131106 100000121 403)",100
41,100000122,0.0327962994560443,192,-0.419244275461604,0,0.315622755524543,0.310024668600395,0.31737100022456,0.922246816698267,0.849458463165668,-0.396660567115244,-0.420931563347351,0.869990677174096,0.592576523445812,0.78086157271594,0.869990677174096,0.869990677174096,0.465552789569659,-0.617023534715947,-0.743017650409874,-0.219197154443719,-0.765598333360804,-0.720739219712526,0,-0.434965034965035,-0.700859950859951,0.0327962994560443,10,-0.583614151216568,-0.0420576838132852,-0.0418288061084999,0.788125934308925,0.0306503903561559,-0.244024680351723,-0.415723822405991,-0.651427552089456,0.119141094991227,1063.0000000001,0.809935417951442,0.0762721145951027,402.0000000001,0.196086357506377,1.00602177535782,0.0475506636298361,0.961700417468206,0.436959197317112,0.00830328349842486,-0.210255243954574,-0.323889516359418,-0.205642736605365,-0.336179628821123,-0.551112607930503,-0.23569075797437,-0.115277761258726,0.895277318542966,0.606351027739628,-0.0433539514012788,1.04246699059446,0.0910532556497465,0.49669177514556,0.102215627178161,0.139017963839622,0.167198521564845,0.342664276666163,1.00399039447462,-0.97855626144292,0.374635361965104,0.374635361965104,-0.534765405127483,-0.0892429775529098,-0.946862304849159,-0.88523184266231,-0.962166352832578,-0.790546180946761,0.849469226070529,0.334120055571792,0,1063.0000000001,0.0382824382954149,0.00926822523442128,0.588291674014692,0.305390285328031,2760.14724874784,0.0625,1398,2,"SNETWORK (2 41 2760.14724874784 0.588291674014692 100000122 1398)",100
17,100000123,-0.56288805130155,118,0.152577399052067,0.406018494492994,-0.358045591966192,-0.357303355798844,-0.355675841278248,-0.111319654538266,-0.0985017601374897,0.213070611989855,1.16188553247364,0.709194626866277,-0.00260254306902662,-0.0672593172271013,0.709194626866277,0.709194626866277,0.48891760513298,-0.0385236091302462,-0.0215801368975736,-0.414181488676674,-0.000582869986275358,-0.596303901437372,0.141716566866268,0,-0.395577395577396,-0.56288805130155,9,0.810269374987236,-0.18928571889537,-0.187897883908922,-0.61834557183261,-0.561338348422067,-0.0308282280380641,1.16086559210318,1.01040346229285,1.23227190625526,67.0000000001,0.132001213877552,0.111739664495028,1533.0000000001,0.273871028170292,0.405872241947844,0.0196882951565686,-0.190358593826513,-0.450325103166902,-0.432934659230382,0.207926363184464,1.00815493822506,0.0462847435393854,1.07225708752202,0.735659016770011,1.09975115252066,2.8068274732697,-0.0349569604460753,-0.185131246643502,-1.16205918882381,-0.150727712145042,0.121428129376515,-0.277526342387341,-1.4058558810172,-1.37829262321507,-1.40813399619979,-0.0934273296431243,-0.669339273472521,0.822034447086659,-0.0921609075222872,-0.0921609075222872,-0.28681526315894,1.06316675953723e-11,0.062789660391863,-0.104731939719272,-0.657753378795672,0.241726623740875,-0.132067839123108,-0.962849188203904,0,1533.0000000001,0.00640319434718058,0.013285100709388,0.408933113761516,2.16759049613029,1807.91214803948,0.125,537,2,"SNETWORK (2 17 1807.91214803948 0.408933113761516 100000123 537)",100
41,100000124,0.217069058335979,216,-0.419244275461604,0,0.315622755524543,0.310024668600395,0.31737100022456,1.00854414231784,0.89948752613277,-0.418338091579133,-0.475009316842962,0.649275506468714,0.748121055949795,0.238584426786163,0.649275506468714,0.649275506468714,0.420141188308136,-0.699889396843632,-0.829682217761624,-0.347217058899266,-0.846632081604054,-0.720739219712526,0,-0.434965034965035,-0.700859950859951,0.217069058335979,10,-0.479394702421006,-0.10966300845733,-0.108971342301126,0.600770193722642,0.21709416293204,1.19423988734315,-0.471771220216149,-0.261220288937179,0.162489947804047,1571.0000000001,1.63251892033554,0.0522125233579788,629.0000000001,0.210029774800926,1.84254869503647,0.0881335696992303,0.168944475631436,-0.0290545361600261,0.636397987528318,0.612882650790587,-0.0415971693588051,0.939285502587611,-0.0440753723369357,-0.0979788709060526,-0.0145407684930172,0.00268541724495169,0.553559850985584,0.509894365493797,-0.922833893041815,0.989229916523413,0.562105955755759,0.451834062908153,0.102215627178152,0.139017963839613,0.16719852156484,0.457855280290937,0.326153741660965,-0.5433963276314,0.514657872122255,0.514657872122255,-0.0109605592908929,1.06316675953723e-11,-0.64857390456396,-0.61206310483259,-0.639813106630737,-0.541722148792982,0.401847214908666,-0.12883007137935,0,1571.0000000001,0.0780873364563103,0.01004623314292,0.670397259912714,0.0942194685339928,2899.7180189697,0.0625,1422,2,"SNETWORK (2 41 2899.7180189697 0.670397259912714 100000124 1422)",100
28,100000125,-0.104043721481523,196,-0.790377993358492,-0.853832397374456,-0.715996162004961,-0.715344983900652,-0.711097017555422,0.771414594259929,0.771682261635159,2.05032822564465,-0.447443556562119,0.260042560867919,0.0837866981959913,2.77468266292225,0.260042560867919,0.260042560867919,-0.0461112618305889,-0.88762317615198,-0.956409620028909,0.692900069807145,-1.27371933654518,0.468172484599588,-2.26546906187625,-1.53286713286713,0.194922194922195,-0.104043721481523,8,-0.409736000544102,1.18988866832643,1.20123992989024,0.70001832686934,-0.095949879248127,2.09536139002301,-0.443286089333834,-0.155809869927627,0.183246427686286,6146.0000000001,1.80062318695528,0.0946052946836219,2301.0000000001,0.348038130196081,2.14866131705136,0.081828056071714,0.598312559597192,0.496293478909657,1.26282377117186,1.94399258264095,1.01151547561286,1.03598770511988,0.845784419826054,0.00303133094123908,0.562395208814483,0.307959652497162,0.949966834051812,0.692532392841895,-0.0532111621283312,1.75926837708797,-0.177965945334611,-0.517137543563552,-0.89778437282183,-0.860982036160374,-0.83280147843515,0.573503059184803,-0.345923218409616,1.58471900232054,0.663024361551708,0.663024361551708,0.00117003822558616,1.06316675953723e-11,-1.01293550423399,-0.963322806907468,-0.354526989013086,-1.0097057678713,0.104806809087004,-0.371448558593794,0,6146.0000000001,0.068573624775363,0.013254431196351,0.215983894112919,0.440484905382618,1787.6213495869,0.125,737,2,"SNETWORK (2 28 1787.6213495869 0.215983894112919 100000125 737)",100
13,100000126,0.944530126374184,326,0,-0.0695595240108285,-0.110963835372034,-0.110383201657025,-0.109843962764069,-0.943192728893519,-1.13351100316177,-0.417862952667792,-0.362735500686763,-1.61969594475998,-1.58782768040454,-0.00900088060833114,-1.61969594475998,-1.61969594475998,-2.9040479297202,0.624779652815098,0.862764862630463,1.77260539541529,0.435328996183407,1.07186858316222,-1.64670658682635,0.299300699300701,1.38452088452089,0.944530126374184,7,0.784297924515144,-0.618257028482131,-0.610242927423763,-0.627486029503648,0.941164718979855,-0.0651122731071271,-0.359798568354512,0.428378621772728,0.0438054930311303,1375.0000000001,0.096300003894087,0.0564295958109453,419.0000000001,0.0378021061483738,0.134102109942461,0.00701727592314768,-0.532636756095581,-0.201741641149741,-0.466530333052684,0.340960522061106,1.27090466034629,0.120604129094856,1.45785521105887,-0.28662502221166,1.92885760060923,1.14817309191452,-1.49917595537037,-1.42764857399911,0.0811311451354114,-0.448975744804166,0.223123099423871,0.103212322371745,0.000480866141918987,0.0349290148369488,0.115671933158067,-0.00646361513762068,-1.40656145911018,-0.696355408223065,-0.00650696668465157,-0.00650696668465157,2.61694175856214,-28.224456382841,1.19577444122462,1.31675182465597,1.90360891231274,0.863846425872562,-1.18329080526708,-0.889021926166553,0,1375.0000000001,0.00503917268107969,0.00197810314206799,0.380804588742682,0.190600728616118,3224.50704534809,0.0156249651370217,326,2,"SNETWORK (2 13 3224.50704534809 0.380804588742682 100000126 326)",100
28,100000127,0.486579748252443,236,-0.268041164135857,-0.507523118116241,-0.715996162004961,-0.715344983900652,-0.711097017555422,0.701759996850949,0.796380688973545,1.96782514492446,-0.604660462493376,-1.37764210474232,-0.462855238299621,1.77266537379892,-1.37764210474232,-1.37764210474232,-0.354952568584715,-1.07561027613329,-1.08274574770676,0.376866974786653,-1.45286280019249,0.468172484599588,-2.26546906187625,-1.53286713286713,0.194922194922195,0.486579748252443,8,-0.557144353968305,0.147730575731341,0.147281799007997,0.760026158051888,0.491714865528295,1.86544536688258,-0.601073206333983,0.340862043711802,0.0519995584316912,5709.0000000001,0.47462921132805,0.0573214187654096,3468.0000000001,0.317826997321828,0.792456208549878,0.0362256800640425,2.19857967900013,2.0396400112201,1.79064770460465,1.4777963640155,-0.461993803297302,1.22510589322286,-0.463443391831951,-0.307486980698581,-1.27241362244501,-0.355575741208075,-0.497714720736468,-0.475770839771641,-0.135066618156731,-0.0412543714778479,0.121428129376516,-0.277526342387341,-0.89778437282183,-0.860982036160374,-0.83280147843515,1.03463979251062,-0.91359404784075,1.53253652366318,1.3411815044423,1.3411815044423,-0.970689638568614,1.06316675953723e-11,-1.10976901798594,-1.12299744830733,-0.68780721200534,-1.03524823556956,-0.37961664264889,0.0824241698422766,0,5709.0000000001,0.0216968025793702,0.0145288773846723,0.503191933515339,2.34341251266229,2015.6307345283,0.125,777,2,"SNETWORK (2 28 2015.6307345283 0.503191933515339 100000127 777)",100
17,100000128,-0.882312255688957,45,-0.711340194022643,-0.147031598306002,-0.358045591966192,-0.357303355798844,-0.355675841278248,-0.0367571519492626,-0.0311615816697862,0.34727163185603,1.3341333597405,0.673060908235891,0.0507644112945877,-0.0842185924634457,0.673060908235891,0.673060908235891,0.509069973689461,0.00210346686114349,-0.00244892791718664,-0.465846350093,0.0600952196178307,-0.596303901437372,0.141716566866268,0,-0.395577395577396,-0.882312255688957,9,0.847965752377419,-0.113466525659198,-0.11274533179561,-0.627294953396713,-0.881838054872472,0.0595611507754627,1.33305360904648,0.173392383824922,0.536123279144382,1e-10,1e-10,0.787943194089415,310.0000000001,0.390528899051915,0.390528899051915,0.0186924701299793,-0.148745586641935,-0.256454460868646,-0.0237965482638181,-0.0725849751586727,-0.0723207847429499,0.112067380688274,-0.0763672057175172,0.829719480700733,-0.0712884799434192,-0.194081210734476,0.113077292239044,0.134206225483259,-1.00280003191737,-0.081127313753239,-0.675181930528773,-0.587156310063935,-1.4058558810172,-1.37829262321507,-1.40813399619979,-1.10758870672884,-0.449982017801999,0.247691479144606,-0.871687958594949,-0.871687958594949,0.0762544230832836,1.06316675953723e-11,-0.149597806787954,-0.174394559948774,-0.427380418197351,-0.0465423850637337,-0.534191013736347,0.112422353118702,0,310.0000000001,0,0.0186924700299793,0.152418000795144,0.0120974836439078,1380.78213399028,0.125,464,2,"SNETWORK (2 17 1380.78213399028 0.152418000795144 100000128 464)",100
41,100000129,-0.696055360112828,52,-0.886598059773572,-0.0928456434617663,-0.0369605603324269,-0.0422694509956289,-0.0386919408759992,0.979623872769323,1.1572670210585,0.872299579099376,-0.103065827180689,0.406484373680504,0.465941356637437,0.376310180377488,0.406484373680504,0.406484373680504,0.556567214334835,-0.362631596512891,-0.503033187790997,0.107572130141482,-0.504703520582595,-0.720739219712526,0,-0.434965034965035,-0.700859950859951,-0.696055360112828,10,0.409346001200103,1.552824589157,1.57406394464059,-0.284224803726577,-0.696567447009604,-0.666735111773992,-0.100798005890043,-0.0809459061747441,0.0690458232386754,183.0000000001,0.0808060803620386,0.197021217051051,1206.0000000001,1.51955297248483,1.60035905274686,0.057208682310571,0.767448989104714,0.59260829712212,-0.43225393804123,-0.602415655140855,-0.245891393257751,-1.03287446932528,-0.191767820640812,-0.632123220963025,-0.268463778635426,-0.246897855664994,-0.255213486088935,-0.410122518876754,0.148348591162729,-0.269198630387504,-0.658232714974315,-2.60749408789749e-15,-1.4058558810172,-1.37829262321507,-1.40813399619979,0.144108927083742,-0.588487469075281,0.0316118935698599,0.150281099265525,0.150281099265525,-3.51750979036855,1.06316675953723e-11,0.656954871451692,0.591203469076952,-0.622229173645456,0.88389964992867,0.0473286279749196,0.652736369428374,0,1206.0000000001,0.00288860762761151,0.0543200745829595,0.125040117442371,0.991708923582249,1972.66883482382,0.0625,1258,2,"SNETWORK (2 41 1972.66883482382 0.125040117442371 100000129 1258)",100
17,100000130,-0.951773998489076,30,-0.711340194022643,-0.147031598306002,-0.358045591966192,-0.357303355798844,-0.355675841278248,-0.0348319220993218,-0.0330062943345836,0.349300626028851,1.35963694171701,0.648392506640747,0.0472391461989921,-0.0849132916792331,0.648392506640747,0.648392506640747,0.512907015176411,0.0214092304528817,0.0138517435841857,-0.494868015491399,0.0897446787719198,-0.596303901437372,0.141716566866268,0,-0.395577395577396,-0.951773998489076,9,0.619335923094824,-0.724660187500617,-0.714233900292608,-0.566906907002495,-0.948616457154165,0.441905749707966,1.35817752464363,-0.618894466203031,0.438511420342212,3579.0000000001,2.50922254673286,0.144806610350697,1065.0000000001,0.246566783559762,2.75578933019262,0.146947419399485,-0.157587288806087,-0.276378348392006,0.409799435446734,0.282338121496682,-0.200431095227021,0.597393659030998,-0.235546555695965,1.07537798097208,-0.188526545762648,-0.521560640679397,0.461772342239794,0.301388454742806,-0.868979351330344,-0.0140590666490354,-0.675181930528773,-0.587156310063935,-1.4058558810172,-1.37829262321506,-1.40813399619979,-1.18953544765705,-0.605312106580423,-0.346653588958138,-0.919996756763015,-0.919996756763015,0.629310475516103,1.06316675953723e-11,0.104715832801185,-0.00621181974659964,-1.33359035331027,0.450914728525026,-0.486609505970341,-1.09554424196569,0,3579.0000000001,0.13379969711378,0.0131477221857047,0.100783197820599,0.610636540688574,1294.80367500242,0.125,449,2,"SNETWORK (2 17 1294.80367500242 0.100783197820599 100000130 449)",100
41,100000131,-0.176184896743171,158,-0.886598059773572,-0.0928456434617663,0.315622755524543,0.310024668600395,0.31737100022456,0.973241377352814,0.977027510783787,0.0640642517076975,-0.305851733310756,0.816334878915474,0.565976863233941,0.40328452560831,0.816334878915474,0.816334878915474,0.501877871007977,-0.79319685497372,-0.919405879811751,-0.28755280053825,-0.975188507367752,-0.720739219712526,0,-0.434965034965035,-0.700859950859951,-0.176184896743171,10,0.0429568567970819,1.34805175958249,1.36336315544919,0.108830991545128,-0.17923034893138,-0.890533774427856,-0.303057514630862,0.51787830278115,0.107777478857439,2167.0000000001,1.49362808308457,0.176647752777885,205.0000000001,0.231588781264155,1.72521686424873,0.0639132110361738,-0.501954263463385,0.228295717568427,-0.857750131537519,-0.995606486651964,-0.198573343963941,-1.3039541321165,-0.160480625354187,-1.0723826121551,-0.0096107001451911,-0.00574709386625585,0.130075876415929,0.233008671647709,-1.01606284932795,0.326824766690394,-0.579659857379802,0.138814367022061,0.102215627178161,0.139017963839617,0.167198521564845,0.0758976770471625,-0.00371680911897384,0.00243471148668676,0.0778862464476156,0.0778862464476156,0.0390638384437532,1.06316675953723e-11,-0.761169047061983,-0.617024681394539,0.397632480325708,-0.915667157516215,0.821677836847375,0.709811547870013,0,2167.0000000001,0.0553336619365183,0.0085795489996555,0.479621632347739,0.191026805356,2575.41972686721,0.0625,1364,2,"SNETWORK (2 41 2575.41972686721 0.479621632347739 100000131 1364)",100
3,100000132,0.1323253444985,193,-0.226804037760009,-0.273941878615531,-0.467885001197052,-0.45962963966976,-0.447550990366083,-0.396471245886278,-0.466689084973539,0.5396321047744,0.527705229451353,-0.707612526125646,-1.19992646693946,-0.822715679169274,-0.707612526125646,-0.707612526125646,-4.8095840594916,0.223196600994955,0.317220016983999,1.20361092851321,0.033211599413955,0.0739219712525668,-0.0898203592814364,1.0005994005994,0.837837837837838,0.1323253444985,7,-0.218941838175225,0.156504806103111,0.156046637305035,0.219124351173783,0.13054356992163,-0.0431015679130486,0.529243628544242,-1.44974030166957,0.118009305268216,5181.0000000001,0.97751826277193,0.0575152829182428,4164.0000000001,0.38290321688668,1.36042147955861,0.0620932721099058,-0.169883840707154,-0.121854582564596,-0.306211827613872,0.467150105680462,1.20433868599376,-0.050813877108076,1.20565173314901,0.406632354399549,1.15667677756037,2.01323412784068,0.0678096064094544,0.45638793749838,-0.907722865258628,1.23930517768668,-0.116886197562359,-0.368394415512772,-0.751834212897414,-0.690544926566652,-0.641104661755899,0.824356261192738,0.532249476800154,-1.465060775483,1.01377279494316,1.01377279494316,1.00874186373459,-7.56039127637226,-0.173852312018946,-0.114228790678679,-0.562357162985923,-0.040499258116304,0.288013322290127,0.00712882952084578,0,5181.0000000001,0.0446165458978887,0.0174767261120171,0.883398739872373,1.06155597785559,2464.26988757658,0.0624998605480869,194,2,"SNETWORK (2 3 2464.26988757658 0.883398739872373 100000132 194)",100
3,100000133,-0.230861308338312,123,-0.226804037760009,-0.273941878615531,-0.467885001197052,-0.45962963966976,-0.447550990366083,-0.37882634417443,-0.442595499313772,0.550679293100753,0.749523952790631,-0.0495009759075858,-1.24255366533055,-0.160699347585222,-0.0495009759075858,-0.0495009759075858,-4.37659843238052,0.156913328378832,0.225819675015252,1.11365342308486,-0.0338860192602192,0.0739219712525668,-0.0898203592814364,1.0005994005994,0.837837837837838,-0.230861308338312,7,-0.110855097635678,3.44407742405778,3.55889789327057,0.568388673480307,-0.227553417853817,0.492634665676827,0.750577166958455,-0.469883931070907,2.26301628084207,4365.0000000001,15.7930845643506,0.0997072365231732,7076.0000000001,1.12800113794731,16.9210857021979,0.435825431993669,-1.61482380568235,-0.994819610397117,0.514656207823456,0.868491035722367,0.570747529436397,-0.398258736489349,0.324743038350239,0.328681989925737,0.246276790200278,0.5074848968301,-0.791833347545121,-0.704743749648275,0.161619368351887,-0.325901938221136,-0.183656619125852,-0.461007527196319,-0.751834212897418,-0.690544926566652,-0.641104661755909,-0.0842159038980263,-1.03754086446246,0.569243426076108,-0.0832521211553212,-0.0832521211553212,2.44104320684069,-22.175338963144,1.1483596169035,1.03715147843331,0.894194718771538,1.05576958926276,0.474112594106515,-0.77990884822507,0,7076.0000000001,0.40677223804229,0.0290531938513793,0.609903417242227,1.15000166764956,2069.91678484306,0.0624998605480869,124,2,"SNETWORK (2 3 2069.91678484306 0.609903417242227 100000133 124)",100
3,100000134,0.258844947455861,221,0,-0.0695595240108285,-0.467885001197052,-0.45962963966976,-0.447550990366083,-0.399764153066554,-0.46947517637071,0.525579044450838,0.340229938928378,-1.06649047202391,-1.18231455681244,-0.420406521237249,-1.06649047202391,-1.06649047202391,-5.42899845291808,0.38528993802857,0.502086825646922,1.5701116555314,0.170471099233704,0.0739219712525668,-0.0898203592814364,1.0005994005994,0.837837837837838,0.258844947455861,7,-0.0140485170384206,4.16387432187443,4.33057011026421,0.533519291025384,0.259594227456963,0.985929300801621,0.341347321055624,-0.267242297128494,0.293414413604484,6791.0000000001,3.18573912238155,0.0647247621361673,3931.0000000001,0.406788381869917,3.59252750415147,0.0817394598702793,-1.7849592821273,-0.214832588693642,0.367520348539349,0.0115949061609195,-0.573303642087012,-0.271494537927097,-0.283497341901328,0.179863995595286,0.418140392324287,0.634182532669251,-0.270982419169359,-0.257471505432302,-1.05641925277414,-0.360930031032921,0.223123099423871,0.103212322371746,-0.751834212897418,-0.690544926566661,-0.641104661755904,-0.0871044315537942,-0.923819670140215,0.167176882166685,-0.0860498742247638,-0.0860498742247638,3.20777031180896,-23.0294653949481,1.01205894932033,1.0608185277717,1.57698934655181,0.74153816901569,-0.5105320178216,-0.373028062926336,0,6791.0000000001,0.0724839530193357,0.00925550675094365,0.996513223917623,0.830056766979396,2627.36974361203,0.0624998605480869,222,2,"SNETWORK (2 3 2627.36974361203 0.996513223917623 100000134 222)",100
43,100000135,0.0835020150254673,113,0.12371145778112,0.869954874556633,0.965149594579297,0.947078472655203,0.966783102940535,0.00611822025438377,0.00587944376620597,-0.464720802936057,-0.349589869927045,-0.335890737488885,0.788960570592404,-0.874463374973821,-0.335890737488885,-0.335890737488885,0.249124489562462,0.467611566383609,0.278846326116845,-0.39854152156703,0.634645928242008,-1.14579055441478,2.23053892215569,2.01958041958041,-0.227886977886978,0.0835020150254673,11,0.693834429838999,0.188943281871379,0.188467071149173,-0.552077829116556,0.0816356366777416,-0.178251173487342,-0.346655296741476,0.550955033597991,0.0464096331106258,1.0000000001,0.0457379399356216,0.0850728117929531,8.0000000001,0.670732327066441,0.716470266902063,0.0325156064261835,0.949044744951485,0.556965468306177,-0.381687521141624,-0.500436751982448,-0.169084749624721,-0.191756886243709,-0.168458062270486,-0.428955799002563,0.0295205310258007,0.0179755545394857,0.161620088595222,0.52324696735959,-0.0183734205825811,0.179318513683464,-0.353148128111645,0.538992472803683,2.19258446122347,2.1515594435597,2.28302402457116,-1.02334704496528,0.231065380467628,-0.989957233696973,-0.820060238326106,-0.820060238326106,-0.0719276335450664,-0.306131399225663,-0.0170600941067924,-0.166255065681674,-0.499404436476185,0.116018563164777,-0.291203201156526,-0.812320809708944,0,8.0000000001,0.00207572723499578,0.0304398790911877,0.44320999087615,0.028879398398417,3444.07056417975,0.0312500660060792,1582,2,"SNETWORK (2 43 3444.07056417975 0.44320999087615 100000135 1582)",100
37,100000136,0.551775233760744,130,1.29896932353205,1.22104076566898,1.45807027539656,1.42805593959054,1.43873085382348,0.192667206674241,0.118317521827057,-0.466079528649418,0.54388214136958,-0.501128682355199,0.660906144131591,-0.967821201440545,-0.501128682355199,-0.501128682355199,-0.549970351347502,-0.659747610969967,-0.716115558593763,-0.559548828917569,-0.757154682836848,1.28439425051335,-2.76197604790419,-0.927972027972028,1.1480343980344,0.551775233760744,12,1.21884156836497,0.670425008870314,0.672705313367868,-0.704018732439046,0.54596984726982,-0.270711375976244,0.544832791226157,-0.532530549228306,0.0526764851559024,96.0000000001,0.0323403774534186,0.0984477187420756,1745.0000000001,1.0986469383738,1.13098731572722,0.0471682798850338,0.81749864258625,0.756746609266586,0.0393550043351358,0.254900886376259,0.323934064806748,-0.398728860539253,0.296673807175289,0.226476318279891,-0.290007204116904,-0.501899110825965,1.00648461534794,0.18430888531869,-0.79854639680908,0.0239738456907005,0.528207847926239,1.07109749798066,2.96298787877314,2.87462640982568,3.02041437830238,-0.355663300849915,-0.715439731847339,0.6163331069413,-0.330347115483626,-0.330347115483626,0.359078141958277,-0.0173520359472869,0.00847381474270642,-0.0650854451191518,0.413466896004583,-0.0765468358563203,-0.80141259255875,-1.13847959472657,0,1745.0000000001,0.00134876841347566,0.0458195113715582,0.769658666373932,1.15413805125969,5013.00367646784,0.0312499339939208,1178,2,"SNETWORK (2 37 5013.00367646784 0.769658666373932 100000136 1178)",100
43,100000137,0.525974188810226,188,-0.0343645341584618,0.726058121384469,0.965149594579297,0.947078472655203,0.966783102940535,0.612728629504445,0.466288099322008,0.165895153465475,-0.668197929808833,0.0309353820206538,1.12557555506507,-2.11142561391804,0.0309353820206538,0.0309353820206538,-0.559793127987678,0.796366565998373,0.642809992785194,-0.982597801805656,1.15603179253282,0.147843942505134,-0.958083832335329,-0.581818181818182,-0.163390663390663,0.525974188810226,11,-0.790466799948364,-0.416333048639658,-0.41204941939144,1.26044513641711,0.52623368934774,0.436508068548896,-0.613046310579911,0.33228050201828,0.0490880902260035,7.0000000001,0.338643418939418,0.0444054589336836,11.0000000001,0.481390496001464,0.820033914840882,0.0414053613819936,0.9671150395422,1.26643544033553,-0.272895627083694,0.883628644944012,1.70844774187158,0.509879981566829,1.8915306660702,-0.676961127179364,1.35558304318757,0.487382550663123,-0.676439039317232,-0.699060683850848,-0.186672640722232,-0.307462249844554,-0.353148128111646,0.538992472803681,2.19258446122347,2.15155944355969,2.28302402457116,0.32685205592333,0.664796491954306,-1.04966751386268,0.355996029963709,0.355996029963709,3.51595774958953,1.06316675953723e-11,0.972485666324453,0.852605780544652,1.00370355732783,0.836690016100555,-0.667845539958522,-0.571971502894794,0,11.0000000001,0.0170988697549737,0.0243064915270199,0.73925271571525,0.817337263550144,3875.89886811975,0.0312500660060792,1657,2,"SNETWORK (2 43 3875.89886811975 0.73925271571525 100000137 1657)",100
17,100000138,-0.823965554600854,60,-0.711340194022643,-0.147031598306002,-0.358045591966192,-0.357303355798844,-0.355675841278248,-0.0384993252557895,-0.030483490696569,0.323680459999708,1.31374742700168,0.691209024227696,0.061335240565024,-0.0940376900311805,0.691209024227696,0.691209024227696,0.509981707393449,-0.00870137329991319,-0.0105242162373146,-0.455727840372096,0.0446219700505186,-0.596303901437372,0.141716566866268,0,-0.395577395577396,-0.823965554600854,9,0.765727806297757,0.0021412658075902,0.0021308124327172,-0.597148223075565,-0.822767194643019,0.123852312469098,1.31237663103386,-0.16898587226899,4.52415011231902,114.0000000001,0.824590700114537,0.20339037311678,3829.0000000001,1.24512322436962,2.06971392438416,0.0970686314035214,0.0697393363786001,-0.0596166116080063,0.252016160213143,-0.0949799298446956,-0.534142503883769,0.140707787823889,-0.549838022877969,0.8372062882021,-0.488457110017446,-1.33706421647494,-0.185280049773106,0.104755507683051,0.207678905545755,0.0633853737314625,-0.572551030391727,-0.670484389643454,-1.4058558810172,-1.37829262321507,-1.40813399619979,-0.0826599060018627,0.850103145207972,-0.558015196489056,-0.0817434564362558,-0.0817434564362558,-0.38515109402677,1.06316675953723e-11,0.100780113390132,0.0587070613947396,-0.862152950970313,0.332714836006159,0.537711513554834,0.825445964477363,0,3829.0000000001,0.0386729246476454,0.058395706655876,0.203526984526353,0.281858941785407,1465.88503762315,0.125,479,2,"SNETWORK (2 17 1465.88503762315 0.203526984526353 100000138 479)",100
17,100000139,0.215678466805312,240,0.152577399052067,0.406018494492994,0,0,0,-0.492476807692353,-0.555615567740743,-0.166267699456069,0.700952396790924,-0.0313453843365197,-0.362886902135603,0.169381282053538,-0.0313453843365197,-0.0313453843365197,0.377434743240319,0.238324331291543,0.3044971665737,0.00906967623173368,0.270960273560403,-0.443531827515401,0.0161216029479497,0.044324905863371,-0.265923265923267,0.215678466805312,9,0.209896295254944,0.68792569239988,0.690410674036345,-0.199323897627318,0.213095878254659,0.272334864038334,0.701223548713494,-0.234438343433142,0.122109898766526,1373.0000000001,0.268051340120783,0.0953404040439588,4040.0000000001,0.615821613678662,0.883872953699445,0.0367494244734375,-0.132560764972354,-0.332622450010993,0.171312192814306,-0.145889027279798,-0.49205392742673,0.0933707871034396,-0.448443522545014,0.568053921870119,-0.661336521690666,-1.28904253957632,0.318117318667324,0.520487728915506,0.26100875554647,1.64679584389569,0.121428129376515,-0.277526342387341,0.0532659154129414,0.0724440998620827,0.0871293612601778,1.12066610228976,1.16611959868983,0.187498042458177,1.48467484914849,1.48467484914849,-0.514335936277774,-0.241498073445407,-0.335337526413515,-0.315820305690967,-0.68853112407459,-0.186883371192817,1.48626773863567,-0.0661599361375854,0,4040.0000000001,0.0111449642261104,0.0256044601473271,0.839298103736628,0.586132064273298,2524.52413276278,0.125,659,2,"SNETWORK (2 17 2524.52413276278 0.839298103736628 100000139 659)",100
17,100000140,-0.522599659045482,128,0.152577399052067,0.406018494492994,-0.358045591966192,-0.357303355798844,-0.355675841278248,-0.148739406677635,-0.134087831983178,0.193336592186778,1.11177036646753,0.650051401951308,-0.0601269436911876,-0.0618924502156414,0.650051401951308,0.650051401951308,0.478952429969922,-0.0168632700270809,0.00593356521212962,-0.348891164953335,0.0147739228502256,-0.33264887063655,-0.333618477331052,-0.204195804195803,-0.181818181818182,-0.522599659045482,9,0.572563577575167,0.553568388793008,0.554667113159223,-0.46912173294812,-0.516451836679074,0.144548021067186,1.11115911411092,0.780518142878951,0.0831163710408769,2140.0000000001,0.284378605803228,0.0814152882503105,1024.0000000001,0.133291512432745,0.417670118135973,0.0177795767196378,0.34505989257446,0.415673353798903,-0.159696663017159,0.41125071485808,0.870276617866229,0.0208519839540855,0.812868991349489,0.704133016440766,1.24237564760607,3.10805631574951,1.20768629579147,0.829143851614582,-0.725262736054003,1.37090952060749,0.121428129376515,-0.277526342387344,-0.710154195027684,-0.678329904003171,-0.681405915418525,-0.178028329977998,-0.43804254369982,0.654068353621232,-0.17221393542753,-0.17221393542753,-0.231709071813477,1.06316675953723e-11,-0.389286204342389,-0.44246727004807,-0.0579274004678651,-0.398311331091944,0.623133471119267,0.557840965245777,0,2140.0000000001,0.0121055612809026,0.00567401533873517,0.444707766249331,2.42693041525827,1867.48145622963,0.125,547,2,"SNETWORK (2 17 1867.48145622963 0.444707766249331 100000140 547)",100
17,100000141,0.369585939543481,258,0.152577399052067,0.406018494492994,0,0,0,-0.525230974134569,-0.60842689846711,-0.17686926781511,0.659881182849752,-0.19389561991854,-0.402398438691168,0.20732153011837,-0.19389561991854,-0.19389561991854,0.37000416733671,0.247390476554895,0.313134384785162,0.0196648358593204,0.280451077385155,-0.443531827515401,0.0161216029479497,0.044324905863371,-0.265923265923267,0.369585939543481,9,-0.608337068363316,0.688454088288786,0.690945361415692,0.997909171130214,0.370703910298479,0.363349156451407,0.660412453837953,-0.703198362209867,0.533671298557999,1372.0000000001,1.17064316156303,0.124810037729975,2795.0000000001,0.557735002600655,1.72837816406369,0.0718553758038419,0.210625065032856,-0.146304255976533,0.726999441311656,0.737627943929365,0.00957080172115439,0.16498941319887,0.009065338792746,0.584532127858784,-0.193989242587525,-0.364572419750682,0.190916705517621,0.225314810569967,0.152853104583801,0.755292899566439,0.121428129376515,-0.277526342387341,0.0476499396776004,0.0648061140349333,0.0779430668938852,1.03278444232145,-1.2432625250382,1.26028926722883,1.33814983766658,1.33814983766658,-0.125464870066884,1.06316675953723e-11,-0.448700118118438,-0.30871632246057,-0.127140942400889,-0.446663251559997,-0.264300527548945,-1.54959388293088,0,2795.0000000001,0.0486681710842458,0.0231872046195961,0.900478259318834,1.20322536246004,2626.39680767525,0.125,677,2,"SNETWORK (2 17 2626.39680767525 0.900478259318834 100000141 677)",100
3,100000142,-0.0265436812968199,165,-0.226804037760009,-0.273941878615531,-0.467885001197052,-0.45962963966976,-0.447550990366083,-0.403839431953149,-0.475933374862674,0.530786716147494,0.602377552493701,-0.346126746993001,-1.25072969931183,-0.556255992924218,-0.346126746993001,-0.346126746993001,-4.60997594164781,0.173196470851779,0.25028119948087,1.05134907072308,-0.00195106932781045,0.0739219712525668,-0.0898203592814364,1.0005994005994,0.837837837837838,-0.0265436812968199,7,-0.0583703879498102,1.89798517026195,1.93120153675308,0.247274180230748,-0.026876953655349,0.0199418354512382,0.60387195715016,0.166924323851051,0.302169000137452,3207.0000000001,1.54932989802963,0.0395551163681528,804.0000000001,0.0508456436495323,1.60017554157916,0.0538672010075167,-0.64624178190073,-1.55951608635625,0.224436220737188,0.267944656488494,0.069877632471628,-0.401739119408388,0.052906188462035,0.255525569585507,0.546094559142532,1.01599996929506,0.63606220387583,0.997905885840996,0.146950161162582,3.67641638695773,-0.108169528672541,-0.356304064568476,-0.751834212897414,-0.690544926566656,-0.641104661755899,0.987207465265203,0.487502679390319,0.0954569175392228,1.26449568711584,1.26449568711584,-0.31559277425427,-2.24986686523359,-0.576033469121134,-0.477619471441562,-0.649021179898099,-0.460048555867661,0.0432427324740624,0.0101546616751239,0,3207.0000000001,0.0521555683863604,0.00171163252115631,0.772499984880657,0.207104366546848,2304.36489285969,0.0624998605480869,166,2,"SNETWORK (2 3 2304.36489285969 0.772499984880657 100000142 166)",100
41,100000143,-0.168742567157444,160,-0.886598059773572,-0.0928456434617663,0.315622755524543,0.310024668600395,0.31737100022456,0.973241377352814,0.977027510783787,0.0478615317033442,-0.306758849866918,0.816231911783808,0.567941719833638,0.402032911413726,0.816231911783808,0.816231911783808,0.50121996638955,-0.793907045997166,-0.920719807277809,-0.295089972767192,-0.974704752921454,-0.720739219712526,0,-0.434965034965035,-0.700859950859951,-0.168742567157444,10,-0.106207263415621,1.37864918853792,1.39478938018731,0.238108012073688,-0.170145858173684,-0.421840471695405,-0.303886885831776,-0.326098438882405,0.145757619953133,1466.0000000001,1.36653505704606,0.222039403157503,515.0000000001,0.73129536275452,2.09783041970058,0.0773035943079881,-0.451452569488104,-0.411149404350819,-0.338865096835918,-0.863672565893944,-0.814326849750381,-0.712951843893513,-0.657330565359488,-0.664721831586814,-0.878927566263346,-0.579643741203179,0.340490068610208,0.189894460961161,-0.91462331507248,0.275658429672311,-0.515199778992014,0.252695740991817,0.102215627178161,0.139017963839622,0.167198521564845,0.181420943459072,-0.753724998557726,0.798994775132452,0.19086866045068,0.19086866045068,0.0320252494690786,1.06316675953723e-11,-0.705098910174371,-0.565692728747233,0.330714037806164,-0.838090505315235,0.18843323456545,0.0252425675740818,0,1466.0000000001,0.050355867912937,0.026947726295051,0.485489946057358,1.5871008179994,2585.39523651612,0.0625,1366,2,"SNETWORK (2 41 2585.39523651612 0.485489946057358 100000143 1366)",100
37,100000144,0.138277953049207,45,1.29896932353205,1.22104076566898,1.45807027539656,1.42805593959054,1.43873085382348,0.0951680926939621,0.0227527385606442,-0.504429191093692,0.684480671991945,-0.326019282400788,0.60652211955529,-1.08578394929537,-0.326019282400788,-0.326019282400788,-0.515510490343025,-0.539304031655727,-0.581222956569241,-0.447485463377271,-0.62582512920509,0.170020533880904,-0.850299401197607,-0.17062937062937,0.240786240786241,0.138277953049207,12,-0.181711023598295,0.423080858525059,0.423244784456894,0.205464417889718,0.137555881890611,-0.208755508473444,0.685249859383883,0.0391843307627622,0.110561739840287,857.0000000001,0.605958312958519,0.0801736667820943,360.0000000001,0.184582833755841,0.790541146614359,0.0344313979989618,3.24837840474721,-0.0925174680694134,-0.289775240060815,-0.304014751816703,-0.0136651307191194,-0.277950514270358,-0.0129612205972128,0.364656803430739,0.0910705844122226,0.180921940426225,0.556268445542074,0.179257009790722,0.320437451974035,0.443905815226107,0.528207847926238,1.07109749798066,2.19258446122348,2.1515594435597,2.28302402457116,0.884027741347768,1.34083370375227,-1.53958962583524,1.1034354228966,1.1034354228966,-1.0879640562805,-1.020367791189,-0.402915437442435,-0.177104383443367,-0.523149320975828,-0.300850358561557,-0.490002175742432,-1.60152288982825,0.0010230670995015,857.0000000001,0.0263920377480772,0.00803936015088455,0.262552880271591,0.761940943884396,4498.23203180508,0.0312499339939208,1093,2,"SNETWORK (2 37 4498.23203180508 0.262552880271591 100000144 1093)",100
13,100000145,0.678692148584009,288,0,-0.0695595240108285,-0.467885001197052,-0.45962963966976,-0.447550990366083,-0.857872493582663,-1.01871836665896,-0.469223752554773,-0.195168394849695,-1.20223942412038,-1.76895798506558,-0.313256660816617,-1.20223942412038,-1.20223942412038,-2.90796315639782,0.413561641104731,0.636018883114869,1.54313984422494,0.211051386948388,1.07926078028747,-2.2934131736527,-0.447552447552448,1.28992628992629,0.678692148584009,7,-0.672139997102735,-0.187342658350288,-0.18597376887849,0.997937371884782,0.677771877858672,0.643287921355135,-0.192585270669061,-0.847617018812093,0.036853858934799,3302.0000000001,0.194560678223248,0.0443416952453839,2547.0000000001,0.180566122223631,0.375126800346879,0.0181906423465886,-0.559463948935031,-0.515722133553794,0.597761350066036,0.67502118197183,0.11628838069261,0.602903943701834,0.123189147078457,0.174163296049941,0.0174639414393648,0.0358021128039735,-0.193343411821322,-0.0230893216965037,0.0245836656014675,-0.0914922530238107,0.223123099423871,0.103212322371745,0.000480866141918987,0.0349290148369488,0.115671933158067,-0.188358297204331,-0.140364434403701,0.352366189739797,-0.181773597147229,-0.181773597147229,2.60462702008493,-12.8299706053799,0.498911765397233,0.584304136566936,0.736500814519344,0.382562663189505,0.646652709596307,0.708992696736652,0,3302.0000000001,0.00943463300586487,0.00875600924072373,0.120068733008731,1.30480200045448,3011.28117219044,0.0156249651370217,288,2,"SNETWORK (2 13 3011.28117219044 0.120068733008731 100000145 288)",100
3,100000146,0.0869760712188048,184,-0.226804037760009,-0.273941878615531,-0.467885001197052,-0.45962963966976,-0.447550990366083,-0.387271370495555,-0.463218031969063,0.545156921556181,0.553180086070243,-0.590020854748701,-1.20666988227463,-0.794771057265484,-0.590020854748701,-0.590020854748701,-4.72687083894503,0.205233028504084,0.292971599415672,1.13327318848707,0.0234400235782497,0.0739219712525668,-0.0898203592814364,1.0005994005994,0.837837837837838,0.0869760712188048,7,-0.257561261778145,-0.269858876893104,-0.267598702458986,0.205388449369954,0.0881319950463534,0.912186277813404,0.553839762468088,-1.40184645071978,0.104633990541707,8301.0000000001,1.38866738854581,0.0399067863120286,813.0000000001,0.0518719214167962,1.44053930986261,0.0708789134323418,-0.00928833017929249,0.0929002387828714,0.294276079958399,1.7127794379766,2.17799734762535,0.809083035669649,2.35016943823126,0.839638679208745,2.20092651491933,3.91991498389968,0.150110055083616,0.316118338760018,-1.08468929053518,0.88136589867456,-0.183656619125852,-0.461007527196319,-0.751834212897414,-0.690544926566656,-0.641104661755904,0.955827708131232,1.13473094003745,-1.91441838884954,1.21468877265162,1.21468877265162,-0.306026137499929,-2.27402149980031,-0.554539411338816,-0.37579532145538,-0.869843932849945,-0.383160930557291,0.719352054026177,0.47959926223884,0,8301.0000000001,0.0683266571110235,0.00255225622131834,0.849593158937886,0.301462846342474,2415.52559607273,0.0624998605480869,185,2,"SNETWORK (2 3 2415.52559607273 0.849593158937886 100000146 185)",100
3,100000147,-0.288910025526986,110,-0.226804037760009,-0.273941878615531,-0.467885001197052,-0.45962963966976,-0.447550990366083,-0.356439683449587,-0.421715880402443,0.573149352277351,0.783100872116976,-0.0460155600000773,-1.21518701207029,-0.137336935960661,-0.0460155600000773,-0.0460155600000773,-4.38899247781959,0.167233444520042,0.231566476542995,1.14153675041355,-0.0259776594348569,0.0739219712525668,-0.0898203592814364,1.0005994005994,0.837837837837838,-0.288910025526986,7,-0.186293629488245,-0.462866194824246,-0.457820311570973,0.0904131873524258,-0.289291665889341,0.506583904980721,0.783117169039422,-0.987618289868742,0.654760525337836,3620.0000000001,3.78953649021818,0.137980058075731,1597.0000000001,0.3523029451137,4.14183943523188,0.210857702853405,0.592371264445638,0.395153352798766,0.390112579244953,0.46733003412417,0.114398622174802,0.57654457771158,0.126948924514909,0.842988268368348,-0.302407826510026,-0.573551217790427,1.20317779402588,1.07416497146132,0.268029517422633,2.02917319633457,-0.183656619125852,-0.461007527196321,-0.827188737091713,-0.778542139486029,-0.740078327957471,-0.809515332298291,0.322381469653288,-0.247463500152989,-0.679513582161653,-0.679513582161653,-0.0825595696842048,-2.67141108636639,-0.633949405439609,-0.638838778085657,0.199305247912691,-0.72841917555271,0.272698444473623,0.348073529261145,0,3620.0000000001,0.192922244167362,0.0179354585860431,0.556352585753573,0.538819415048407,1992.70180234017,0.0624998605480869,111,2,"SNETWORK (2 3 1992.70180234017 0.556352585753573 100000147 111)",100
3,100000148,-0.493227454106356,62,-0.494845044588713,-0.486027089260215,-0.467885001197052,-0.45962963966976,-0.447550990366083,-0.325144614214883,-0.399491020121677,0.645391820444859,0.969198857335511,0.0277424210808395,-1.15295996065244,0.209936072914118,0.0277424210808395,0.0277424210808395,-4.90611945131794,0.237718517256593,0.276362454620565,1.28160336722219,0.0372416201812613,0.501026694045174,-0.58882235528942,1.04055944055944,1.3033033033033,-0.493227454106356,7,0.509454831954189,0.470569545871178,0.471026327748248,-0.43813550809233,-0.486833633306353,-0.0713652020304462,0.972507852637325,0.30430449062132,0.116192263352831,1474.0000000001,0.273822877043306,0.106871640192703,3395.0000000001,0.580092549198786,0.853915426142092,0.0368829515196996,0.88794371303131,0.8039893789061,-0.627275508702365,0.670686921121263,1.94164982839925,-0.153572497691378,1.83981726422714,0.558644729479123,1.85804694072587,4.2872326290041,-0.153427068902209,0.182712671272705,-0.816392389795979,-0.184382816258662,-0.413623607334103,-0.693488282878103,-0.897784372821835,-0.860982036160378,-0.832801478435155,-0.911317425982914,0.0274333177016874,-0.376266002530258,-0.748177877986098,-0.748177877986098,-0.12251052340081,-7.42963707386837,0.377172304586507,0.255445613637016,0.0289551394166153,0.420157170873266,-0.946941495143732,-0.34232868200425,0,3395.0000000001,0.0118271617538439,0.0250557896658557,0.360445466661557,0.227417584103278,1710.22318618483,0.0624998605480869,63,2,"SNETWORK (2 3 1710.22318618483 0.360445466661557 100000148 63)",100
37,100000149,0.473480569844232,113,1.29896932353205,1.22104076566898,1.45807027539656,1.42805593959054,1.43873085382348,0.167875548289227,0.0896807508828908,-0.481166664713203,0.570509036014795,-0.45842910926211,0.645241347220684,-0.997391438845292,-0.45842910926211,-0.45842910926211,-0.56115631105501,-0.623904756776394,-0.674896418427357,-0.51905076629964,-0.719380230724673,1.28439425051335,-2.76197604790419,-0.927972027972028,1.1480343980344,0.473480569844232,12,0.464316659491907,-0.150073597762598,-0.14904912012172,-0.453929188688673,0.46761110144174,-0.852614610283415,0.5716772750783,0.0183623498837092,0.0570372648859833,11.0000000001,0.00401243905258083,0.231235514893659,1273.0000000001,1.88252174953776,1.88653418849034,0.0908825789351241,-0.166937703643889,0.359135463920467,-0.595076914407115,-0.894854489384005,-0.448351277582262,-0.983454216619918,-0.474270511748485,-0.118815909586156,-0.517302697570463,-0.923931166307942,0.425635034198376,0.161889601797858,-0.998843730553885,0.552923368661533,0.528207847926239,1.07109749798066,2.19258446122347,2.15155944355969,2.28302402457116,0.857566283957891,1.36392488125886,-1.3026770529464,1.0633657033864,1.0633657033864,-0.628299451505318,-1.56345385209861,-0.699466250112395,-0.555482676203039,-0.744300353833199,-0.572219396148606,-0.141568605974273,-1.04543951901603,0,1273.0000000001,0.00019329668217685,0.0906892821529473,0.664349506217679,0.1876991732894,4906.10257011614,0.0312499339939208,1161,2,"SNETWORK (2 37 4906.10257011614 0.664349506217679 100000149 1161)",100
12,100000150,0.415729836554986,248,0,-0.0695595240108285,-0.467885001197052,-0.45962963966976,-0.447550990366083,-0.663364113817231,-0.764080999262789,-0.0515135892790851,0.0480824689898426,-1.12668025790824,-1.74333152586837,-0.0481386452593945,-1.12668025790824,-1.12668025790824,-5.43355056651453,0.496522166724034,0.638239088851723,1.71094294883433,0.284921913481095,0.184804928131415,-0.778443113772456,0.103496503496504,0.51023751023751,0.415729836554986,7,0.361229464016935,-0.126592147889789,-0.125766190971173,-0.392430344174234,0.416787193216927,-0.424112780296291,0.0499711228027318,0.929234075628598,0.0651319127572966,1384.0000000001,0.144120233341744,0.177854592185748,2050.0000000001,0.582926740861029,0.727046974102773,0.0348803410079461,-0.443069077256817,0.294471401962717,-0.475335520742671,0.456691099131512,1.448039231863,-0.389667346701391,1.52346140660283,-0.095441596533215,1.37777935754836,1.54024015211542,-2.12557744691808,-2.30572385955383,-1.81700660454991,-0.491155758252703,0.223123099423871,0.103212322371745,-0.751834212897414,-0.690544926566656,-0.641104661755904,-2.25299432099697,0.0237901069246895,-0.300177606328795,-1.40466449773071,-1.40466449773071,-1.97737047270191,-76.6092387533423,1.30365261849858,1.5662285015986,0.328993907183561,1.36239410530384,1.51323698242852,0.375832851053831,0,2050.0000000001,0.00691422019065521,0.0279661207172909,0.56019226799832,1.21910353843123,2789.63962006044,0.0312499302740435,248,2,"SNETWORK (2 12 2789.63962006044 0.56019226799832 100000150 248)",100
29,100000151,-0.928356824733986,61,-0.790377993358492,-0.853832397374456,-0.959757100198023,-0.960709455694412,-0.961711264614227,0.476939230943494,0.408019085784076,1.6382673717312,0.0872411788584392,0.978053712653021,-0.168940245421433,2.96048292690792,0.978053712653021,0.978053712653021,-0.0667209095525914,-0.412834848529844,-0.499875450553615,0.433319606002158,-0.627627452155961,0.388090349075976,-1.93862275449102,-1.29510489510489,0.10534398034398,-0.928356824733986,8,1.06003735192966,0.602632589676957,0.604188070389706,-0.67007080678305,-0.926906655572467,-0.285257139389323,0.0890224427846967,0.634454017980087,1.99974469385275,1137.0000000001,3.63521233546776,0.261696073844032,9.0000000001,0.00376560267242787,3.63897793804019,0.153578890036584,0.472128182103311,0.444216120654524,-0.269011464803596,-0.379896620456955,-0.160778406912237,-0.39872918011558,-0.148587052966416,-0.0686501508922354,0.0398808408430894,0.0891451079750003,2.06337120111974,1.35450244505878,-0.277373380884494,3.62294860576937,-0.175182011348623,-0.514909504257759,-1.15182012691952,-1.11963854165909,-1.12046643587808,0.0350317429198588,0.0420189510663368,0.809931079328535,0.0356062105199058,0.0356062105199058,-0.0879560468437909,-0.281141952763337,-0.373380688944564,-0.417244655055855,0.0983918766241514,-0.418654627660619,0.131201545960253,-0.201945287661488,0,1137.0000000001,0.153419966999188,0.000158922937395759,0.368343587794805,0.80273171844536,1030.15851301466,0.25,856,2,"SNETWORK (2 29 1030.15851301466 0.368343587794805 100000151 856)",100
29,100000152,-1.11510793750917,13,-0.790377993358492,-0.853832397374456,-1.31184600508887,-1.30651564302517,-1.32383268064034,0.417777720743471,0.373514573797276,1.5597204134545,0.256513663821092,0.58499467907811,-0.147826991403464,2.06679316324223,0.58499467907811,0.58499467907811,-0.236942049740016,-0.343828326724712,-0.485615237906492,0.0765456932663036,-0.475316935329054,0.279260780287474,-1.27411842980705,-0.441958041958041,0.405132405132405,-1.11510793750917,8,0.798990582185657,8.49014645717964,9.10620356336603,0.0932955069038078,-1.1130973925858,-0.93349144095657,0.257852260338112,0.70792532517184,0.0561447772336425,2066.0000000001,0.185453248592068,0.111428171945911,35989.0000000001,6.41149857859334,6.59695182708541,0.0716596776909427,0.870522806895654,0.693240455855382,-0.917556956958215,-0.904597892492581,0.0345174652866235,-2.12610836376534,0.0123219301924074,-1.48153692330108,-0.0480462916753969,-0.0666151360810206,-1.54477035370068,-1.2920996899472,0.105062390630942,-0.479170242158068,-0.471792152073761,-0.752292666128179,-2.3587188560243,-2.29529197602235,-2.43477706343215,-2.95365779795627,-0.0603960213834529,-0.422209888753899,-1.61491667816788,-1.61491667816788,-0.32866458393428,1.06316675953723e-11,0.364181555225454,0.249187216124524,-0.235370432993897,0.461802188912845,-2.54973937591052,-1.53691302154259,0,35989.0000000001,0.00201449401839993,0.0696451835725428,0.0856186578538901,2.46321897197049,767.870393593802,0.25,809,2,"SNETWORK (2 29 767.870393593802 0.0856186578538901 100000152 809)",100
41,100000153,-0.470702007878345,104,-0.886598059773572,-0.0928456434617663,0.315622755524543,0.310024668600395,0.31737100022456,0.928312742853151,0.965436824865889,0.308047998737296,-0.252486066311732,0.638702529023088,0.436695323132521,0.449077924465251,0.638702529023088,0.638702529023088,0.516847922221012,-0.648074529799754,-0.774560593574487,-0.11627517952477,-0.823585693944989,-0.720739219712526,0,-0.434965034965035,-0.700859950859951,-0.470702007878345,10,-0.410731540451967,1.12986000586816,1.13985190422297,0.484193090459635,-0.472105274249614,-0.437502275397538,-0.200076754534776,-0.636572154785606,0.0580029514821927,469.0000000001,0.173971646912425,0.0553442686772536,928.0000000001,0.328455219700078,0.502426866512503,0.0193357007073527,-0.471973412160311,-0.361959509579824,-0.39317496379544,-0.24044721365203,0.247530183404368,-0.678808710163653,0.209681167863235,-0.510619589265917,0.101441907367491,0.177304724784793,0.545359154536181,0.374658196911011,-0.403386826228003,0.125147357137431,-0.658232714974315,0,0.102215627178161,0.139017963839617,0.167198521564845,-0.833284073729732,-0.78047218300383,-0.0469214498820728,-0.695838774303034,-0.695838774303034,0.76177745362683,-0.195643028477379,-0.318509205895076,-0.326981653168602,-0.341369834465155,-0.252319430638414,0.289358927772279,0.597225324230488,0,928.0000000001,0.00669523049384735,0.0126404701135054,0.298586860770243,0.655041610822082,2267.67985472997,0.0625,1310,2,"SNETWORK (2 41 2267.67985472997 0.298586860770243 100000153 1310)",100
17,100000154,0.281864809345046,250,0.152577399052067,0.406018494492994,0,0,0,-0.513020071188259,-0.591614448907119,-0.179272848063575,0.688855997514501,-0.0908286064007947,-0.378645566369504,0.155488349913469,-0.0908286064007947,-0.0908286064007947,0.374002323370312,0.238785151612878,0.30550089333595,0.0178628267058311,0.269931189478221,-0.443531827515401,0.0161216029479497,0.044324905863371,-0.265923265923267,0.281864809345046,9,-0.529769171057833,1.48719967637865,1.50644209378671,0.823686534464284,0.286001123224857,0.829504128415205,0.689663622120385,-0.521554293166579,0.380219134718076,3349.0000000001,2.0358496008969,0.0905811325578092,3359.0000000001,0.486456851398756,2.52230645219566,0.0912028521298623,-0.368556043161737,-0.387287256115627,0.483746117394334,1.21791948358453,1.14378603931437,0.286638319817602,0.908226193812436,0.659303702098249,1.07534509836715,2.08954680413514,-0.263859560035935,-0.123185950707902,0.259889959294543,0.195214796766724,0.121428129376515,-0.277526342387342,0.0240009566442961,0.0326424071837615,0.0392594026750322,0.948475532505762,0.00849311094105058,0.0114940507817587,1.20312437901716,1.20312437901716,-0.125773584965805,-0.289098543359747,-0.164647024584228,0.0964891209759371,0.315550565806232,-0.242501784247354,1.37190377766353,0.331561033189042,0,3359.0000000001,0.0736132953798163,0.0175895566500461,0.872824423804951,0.654618383385241,2580.34968392115,0.125,669,2,"SNETWORK (2 17 2580.34968392115 0.872824423804951 100000154 669)",100
41,100000155,-0.383477517512291,122,-0.886598059773572,-0.0928456434617663,0.315622755524543,0.310024668600395,0.31737100022456,0.932184926622706,0.962129519468719,0.222436814466041,-0.265805561078048,0.692524876577463,0.494661135961991,0.454175320860268,0.692524876577463,0.692524876577463,0.509754821714384,-0.683320981249151,-0.80867968074337,-0.13193253987154,-0.865154163409343,-0.720739219712526,0,-0.434965034965035,-0.700859950859951,-0.383477517512291,10,-0.597457813964,-1.93107441444389,-1.87050524598424,0.510309227030033,-0.385780413153984,-0.664711814634098,-0.263007933312524,-0.681897707579325,0.0798487488236111,1724.0000000001,0.88036124465146,0.06219103337021,8.0000000001,0.00318180318630319,0.883543047737764,0.0584130713777562,1.15458841914444,1.68998299852117,-0.0730573026701205,-0.492178105886673,-0.605272371094804,-0.300781508947569,-0.880462727331224,-0.36996384965361,-0.829278640974012,-0.590253074613232,0.502985651860747,0.106252644989293,-0.904041111232592,-0.0311145123217295,-0.658232714974315,-1.30374704394875e-15,0.102215627178165,0.139017963839617,0.167198521564845,-1.04582860687133,-0.747434345638705,-0.0828854416028362,-0.834037499810675,-0.834037499810675,0.260372290168548,-0.0394473506594194,-0.625042614546142,-0.648826844852048,-0.582257424523731,-0.529854312084131,-0.507065479710956,-0.0131110729196601,0,1724.0000000001,0.0582027149278659,0.000210356349890279,0.359826849289876,0.670710211619735,2371.78132690848,0.0625,1328,2,"SNETWORK (2 41 2371.78132690848 0.359826849289876 100000155 1328)",100
17,100000156,-0.658051511085712,100,-0.254295665086778,0.276450920905401,-0.358045591966192,-0.357303355798844,-0.355675841278248,-0.0977128779826929,-0.0869372772715936,0.227780355414075,1.18114664068282,0.701861483834527,-5.87955900293736e-05,-0.0704690194064802,0.701861483834527,0.701861483834527,0.491841035747535,-0.0305056788389359,-0.0158315279201659,-0.427242598215224,0.0119186296201935,-0.596303901437372,0.141716566866268,0,-0.395577395577396,-0.658051511085712,9,0.971951283174138,-0.411444020378534,-0.407237116713031,-0.679915761750357,-0.648165189553903,-0.0186601706455486,1.18008890859274,0.8143804876257,0.365915563882649,1675.0000000001,0.979923714950178,0.107599286351732,891.0000000001,0.153279356823986,1.13320307167416,0.0571685733160049,0.0582224586372641,-0.583660345560548,-0.236342586395625,0.855235612331432,1.70408220143436,0.113786257345527,1.88507098877153,0.777097196646058,1.20964654835455,3.11120866981279,-2.35338664965906,-1.70669203816228,0.198068385616365,-0.477093878102237,-0.658232714974315,-1.30374704394875e-15,-1.4058558810172,-1.37829262321507,-1.40813399619979,-0.865785792200912,-0.300502725396508,0.454277819175914,-0.717870660993628,-0.717870660993628,0.335100423081121,1.06316675953723e-11,1.08829404028262,1.3844466087822,1.03526782995632,0.955902620098937,0.4663191611941,0.130169015926928,0,1675.0000000001,0.0494358355035976,0.00773273771240729,0.344343468919937,1.87520555764476,1700.36224351501,0.125,519,2,"SNETWORK (2 17 1700.36224351501 0.344343468919937 100000156 519)",100
41,100000157,-0.618259758662025,70,-0.886598059773572,-0.0928456434617663,0.315622755524543,0.310024668600395,0.31737100022456,1.001345114161,1.18621650920771,0.845258887897947,-0.120493048085493,0.470952797399049,0.494582616504638,0.393323645156344,0.470952797399049,0.470952797399049,0.556190618015385,-0.420278334561227,-0.5593297626867,0.0971815114677921,-0.575477000643665,-0.720739219712526,0,-0.434965034965035,-0.700859950859951,-0.618259758662025,10,-0.173738116307373,2.87202606366787,2.95163019417521,0.269982853419903,-0.61973270072509,-0.967726005557616,-0.118190673947038,0.397710170535252,0.687649894464016,92.0000000001,0.404585903775003,0.102660013133536,2908.0000000001,1.90919925665216,2.31378516032717,0.0657847595744635,-0.454006012292433,-0.35219834761337,-0.803871410952478,-1.03019489324521,-0.339980159317232,-1.63291763545739,-0.210093088605968,-1.14011123196266,-0.419210952739026,-0.377626091894704,0.226979174459867,0.285077081150714,-0.958056721970478,0.104411851593427,-0.658232714974315,-2.60749408789749e-15,0.102215627178156,0.139017963839613,0.16719852156484,-0.907914114645858,-0.634459815076811,0.0913948108097391,-0.74593475852029,-0.74593475852029,0.0113077939327986,1.06316675953723e-11,-0.485128583470283,-0.444287395868012,-0.611427798152462,-0.369567620146236,-0.362075087122839,-0.112491781465538,0,2908.0000000001,0.0115030499881871,0.0542817094862765,0.187282661161325,0.914778760634363,2078.47454429421,0.0625,1276,2,"SNETWORK (2 41 2078.47454429421 0.187282661161325 100000157 1276)",100
17,100000158,-0.948004381029639,31,-0.711340194022643,-0.147031598306002,-0.358045591966192,-0.357303355798844,-0.355675841278248,-0.0348319220993218,-0.0330062943345836,0.349122644390734,1.35785899326693,0.651745484743184,0.0488091819886091,-0.0838575198434962,0.651745484743184,0.651745484743184,0.512609143856827,0.019980610952959,0.012621226834319,-0.492248175790331,0.0874670696886249,-0.596303901437372,0.141716566866268,0,-0.395577395577396,-0.948004381029639,9,0.518020151463379,-0.652760113693149,-0.64399787651507,-0.486147431321788,-0.945466202316198,0.411743927601512,1.35678719692137,-1.30070452724375,0.376512700651101,2237.0000000001,1.34661109734272,0.16193314328387,2544.0000000001,0.658642009462975,2.00525310670569,0.105573464411995,-0.302830652251745,-0.152333146996054,0.610677492325747,0.445422530369944,-0.261970886039412,0.553967453789769,-0.303569948605735,1.05433087423966,0.0605830812644985,0.178905142999915,-0.129915975544799,-0.351823256779316,-0.874142029142425,-0.287407611646771,-0.675181930528773,-0.587156310063935,-1.4058558810172,-1.37829262321507,-1.40813399619979,-0.920255987266148,-0.882836583691372,-0.0850325225772062,-0.754052318644226,-0.754052318644226,0.580721119378944,1.06316675953723e-11,0.22017423779898,0.0659830616210752,-1.27337613566236,0.562822802725929,-0.526044629653415,-1.27195754249401,2.33296425257171e-13,2544.0000000001,0.0708969845993836,0.034676479712611,0.103945118454248,0.267700407654047,1300.06867162993,0.125,450,2,"SNETWORK (2 17 1300.06867162993 0.103945118454248 100000158 450)",100
29,100000159,-1.06956243092985,28,-0.790377993358492,-0.853832397374456,-1.31184600508887,-1.30651564302517,-1.32383268064034,0.439624163437476,0.39395618075652,1.5739204447989,0.255219510867634,0.588073150321082,-0.148214287011966,2.07802503893063,0.588073150321082,0.588073150321082,-0.235598080255133,-0.346364430668349,-0.488354199548396,0.0769706769189013,-0.478594028100609,0.279260780287474,-1.27411842980705,-0.441958041958041,0.405132405132405,-1.06956243092985,8,0.759411055725429,5.3330846654553,5.60007750049884,-0.217884144290716,-1.06965222803833,-0.972074597351255,0.256606695589102,0.445747565421913,3.07541598948598,5806.0000000001,28.5479984887141,0.0827379196239821,2123.0000000001,0.280833786836749,28.8288322754508,0.536649543404437,-0.193068534623756,0.487853659782242,-0.798462541095701,-1.13259629247253,-0.49721530038224,-1.90852554108856,-0.199885927255417,-1.14252719413381,-0.234564092596612,-0.316187885469762,1.34902429621271,0.784679384217534,0.103831692506972,1.03279417267584,-0.471792152073762,-0.75229266612818,-1.75955992276185,-1.71868313949513,-1.78922530925717,-0.331073789840004,0.0306463543689752,-0.741082756366139,-0.309231896757004,-0.309231896757004,0.252763847813939,-0.391984968368497,-0.670631191503771,-0.776037038703399,-0.490650559480833,-0.601915001919215,0.124750177733482,0.365101681435157,0,5806.0000000001,0.531421814274094,0.0052277290303427,0.17325371618272,1.50117567807808,849.170739655288,0.25,823,2,"SNETWORK (2 29 849.170739655288 0.17325371618272 100000159 823)",100
17,100000160,0.0810214369590134,222,0.152577399052067,0.406018494492994,0,0,0,-0.475923726019285,-0.525626508215538,-0.142923890656161,0.727077353608396,0.0567472825329638,-0.351497425262995,0.209674443645699,0.0567472825329638,0.0567472825329638,0.385303631011247,0.234472199208799,0.298091857567448,0.00186840749591591,0.26742278518362,-0.443531827515401,0.0161216029479497,0.044324905863371,-0.265923265923267,0.0810214369590134,9,-0.566872757813125,-0.127020398687336,-0.126190948755533,0.887934623859972,0.0814687452417396,0.773095245504583,0.743512432274302,-0.601398616912163,0.121233669612426,1022.0000000001,0.198093726178165,0.109382032763275,4526.0000000001,0.79151128995144,0.989605016029604,0.0474802417812835,0.645459301119252,1.3690053633721,0.213852159718814,-0.329294350805526,-0.802264152600329,0.677119833369423,-0.844808998524774,0.872203026630774,-0.982356546338926,-1.74941380119716,-0.436658062967606,-0.448428372717958,0.159459462938005,-0.104175517473251,0.121428129376516,-0.277526342387342,0.102215627178161,0.139017963839617,0.16719852156485,1.05598864112307,-0.98113390981911,1.90916703242105,1.37625555336609,1.37625555336609,-1.42301851421146,1.06316675953723e-11,-0.392145774054888,-0.187725886413803,-0.211240707984184,-0.364406202202546,-0.477256181385402,0.793229462759848,0,4526.0000000001,0.00950433540487056,0.037975906276413,0.77505609440979,0.964471218196408,2417.55308521316,0.125,641,2,"SNETWORK (2 17 2417.55308521316 0.77505609440979 100000160 641)",100
17,100000161,0.208137007715231,239,0.152577399052067,0.406018494492994,0,0,0,-0.492476807692353,-0.555615567740743,-0.166267699456069,0.701076369386933,-0.0311389149464098,-0.363122498043665,0.16976056699754,-0.0311389149464098,-0.0311389149464098,0.377478770047961,0.238418606476991,0.30459393140701,0.00913980687780916,0.271066289112747,-0.443531827515401,0.0161216029479497,0.044324905863371,-0.265923265923267,0.208137007715231,9,-0.385303235798185,0.77249815400547,0.776073116292147,0.432125307195594,0.207999945521459,-0.145080869963175,0.701335136838708,0.13958442266434,0.219964033820509,2114.0000000001,0.743452511354395,0.228078202793175,2759.0000000001,1.00607893759718,1.74953144885157,0.0716720312318041,-0.337061806287764,-0.46982244821617,0.270589025542912,0.213876738074465,-0.0894246120515564,-0.295405858365022,-0.0799495560098836,0.362795630694976,-0.0254143788881552,-0.0491564123636799,-0.651912439540738,-0.626743884432736,-1.30321710239684,-0.234401244693033,0.121428129376515,-0.277526342387342,0.102215627178161,0.139017963839617,0.167198521564845,0.531220796850833,-1.37758286503672,1.00603827606569,0.607847883238913,0.607847883238913,0.767865213156194,1.06316675953723e-11,-0.0716901744221503,-0.0573550919768936,-0.216616856368293,-0.012130811132608,1.87173489639961,0.79362521492805,0,2759.0000000001,0.0304565840011997,0.0412154471306044,0.836236532237252,0.144467065037842,2519.42623009958,0.125,658,2,"SNETWORK (2 17 2519.42623009958 0.836236532237252 100000161 658)",100
37,100000162,0.184918291430971,51,1.29896932353205,1.22104076566898,1.45807027539656,1.42805593959054,1.43873085382348,0.0992334377477082,0.0266932751204431,-0.502874497668145,0.676756574516223,-0.338386976056027,0.606473268462612,-1.07884396085081,-0.338386976056027,-0.338386976056027,-0.517004995803819,-0.546908925919113,-0.591477910915256,-0.459684426689095,-0.633178877029259,0.170020533880904,-0.850299401197607,-0.17062937062937,0.240786240786241,0.184918291430971,12,-0.686379712491059,-0.678873895210086,-0.669523734328825,0.933975055493586,0.185029411684523,-0.180880936804908,0.676992338118051,0.445439893340345,0.0869168047179791,355.0000000001,0.197328205689523,0.267393252649645,117.0000000001,0.200075249830392,0.397403455419915,0.0210196467544991,-0.658664873976954,-0.115508595528237,-0.0544789282159076,0.14681877335636,0.318510362185731,0.0166110557199932,0.368505003153577,0.517073672684997,-0.0172213193245952,-0.0275647041413141,-0.346110627567774,-0.346619347035536,0.258695131213455,-0.231396425165082,0.528207847926239,1.07109749798066,2.19258446122347,2.1515594435597,2.28302402457116,0.242853301328125,-0.794946776409368,1.02699545857788,0.259254870900247,0.259254870900247,-0.116710781087879,1.06316675953723e-11,0.618425394744482,0.820697921665006,1.41733634794684,0.348982742283935,-0.365683447549455,-0.249263030044262,0.0263872110566672,355.0000000001,0.0104371743650772,0.0105824722894219,0.300250489818387,1.43280614446849,4536.49951168421,0.0312499339939208,1099,2,"SNETWORK (2 37 4536.49951168421 0.300250489818387 100000162 1099)",100
17,100000163,-0.614686374502211,107,0.152577399052067,0.406018494492994,-0.358045591966192,-0.357303355798844,-0.355675841278248,-0.102493342229808,-0.0905557711157347,0.225273773072336,1.17672898305431,0.706281176240317,0.00190382194183014,-0.0787574788229278,0.706281176240317,0.706281176240317,0.491701063954574,-0.0357446682779098,-0.0203109649330511,-0.428935099701882,0.00562265124214547,-0.596303901437372,0.141716566866268,0,-0.395577395577396,-0.614686374502211,9,0.492350664544646,2.66462070510663,2.73286402824677,-0.249604054983856,-0.611261091618818,0.239348804858488,1.17575205118577,0.444724246623904,3.90045743596157,782.0000000001,4.87661949662131,0.105944861065834,872.0000000001,0.147704237559045,5.02432373408036,0.148070590041237,2.65080783999382,3.16714395717593,0.147417513271323,0.105645726741434,-0.0558795044154944,-0.399628513959754,-0.0343058402626251,0.501828121649607,-0.404464372691067,-1.0349507909994,-0.605990654411213,-0.743102825155636,-1.34894943416966,-0.310686522484097,0.121428129376515,-0.277526342387342,-1.4058558810172,-1.37829262321507,-1.40813399619979,0.371274279882909,-0.601909860560759,1.3035754651833,0.408712593409371,0.408712593409371,-0.426008627784111,1.06316675953723e-11,0.756472756857308,0.514021715720772,-0.313576942281241,0.918332166310415,0.292265826150164,-0.452700360579139,0,872.0000000001,0.143717635248157,0.00435295469307967,0.37130997607785,0.170265702583545,1745.26487887251,0.125,526,2,"SNETWORK (2 17 1745.26487887251 0.37130997607785 100000163 526)",100
43,100000164,-0.274621334154389,52,0.12371145778112,0.869954874556633,0.532114998802948,0.540517197237357,0.552449009633917,-0.352661662022879,-0.330964439595779,-0.782419693634532,-0.0888195616661615,-0.4827339519778,0.54843709795727,-1.17051969363013,-0.4827339519778,-0.4827339519778,0.403390489045228,0.69373288130497,0.485463993068666,0.0807581545631237,0.831977812673386,0,0.0419161676646709,0.81118881118881,0.429975429975429,-0.274621334154389,11,0.866680587233026,0.495191949661551,0.495821953372067,-0.609002595238349,-0.273430524440227,0.322335193046092,-0.0863413118842861,0.146459766283777,0.139849171142442,1e-10,1e-10,0.0885762799466853,7.0000000001,0.611060119945013,0.611060119945013,0.0262795930728623,-0.233919698623165,0.19480327644563,-0.14416357187297,-0.454738632370731,-0.473242494119226,0.181828008376137,-0.446294309766327,0.0831582261804647,-0.547670536149703,-0.509893686456701,0.612790951868551,0.532492533344404,0.150949319794694,0.468107554532691,-0.353148128111645,0.538992472803681,0.614916290637796,0.66022560706522,0.700856981960881,-0.144952808371711,-1.28003901353652,-0.245754649436339,-0.141292637881875,-0.141292637881875,0.0300753162011661,1.06316675953723e-11,-0.791579978005904,-0.759474626024348,-0.166043450410203,-0.812801716521819,-0.771302356260524,-1.11545231352682,3.67425772973427e-14,7.0000000001,0,0.0262795929728623,0.206964472960851,1.11980258487165,3099.46658389198,0.0312500660060792,1523,2,"SNETWORK (2 43 3099.46658389198 0.206964472960851 100000164 1523)",100
16,100000165,0.825154869103123,322,0.288659805977357,0.708741764562854,0.0737102907633875,0.0682577010310203,0.067165878475577,-0.73286099239265,-0.826224394686741,-0.404880761165101,0.377536619161477,-0.371893543463051,-0.494240607380623,0.516092568557818,-0.371893543463051,-0.371893543463051,0.358915051775619,0.577950516416568,0.668757786130325,0.253391457885074,0.654405715260244,-0.443531827515401,0.0161216029479497,0.044324905863371,-0.265923265923267,0.825154869103123,9,-0.395894403009872,-0.245296379983563,-0.243320121000539,0.429291581952592,0.819212430469298,-0.615353582338473,0.381044042626664,-0.763229622202505,0.0570037131039943,477.0000000001,0.0434728486811,0.0992095263027303,2494.0000000001,0.395590997172647,0.439063845753747,0.0215098462741019,-0.388748054222169,-0.358286722986055,-0.345237891310312,-0.034809496273591,0.492852090952184,-0.608254367417186,0.529075957926326,0.012273702149787,0.48168338336837,0.758116682656613,0.166585962183535,0.439761766808925,0.12097161741435,1.10631659206199,0.562105955755758,0.451834062908153,-4.52365144789511e-15,-9.02989036134174e-15,-9.69647908186547e-15,0.872219920710191,0.77442660491882,-2.16819845952366,1.08549400754449,1.08549400754449,0.20286780632452,1.06316675953723e-11,-0.66944612333099,-0.54067763366387,-0.50703133057375,-0.596659883931075,1.19722992134946,0.857421083142316,0,2494.0000000001,0.00212974558252951,0.0193801005915724,0.543566050340141,0.94693431216843,2986.80410168412,0.0625,390,2,"SNETWORK (2 16 2986.80410168412 0.543566050340141 100000165 390)",100
13,100000166,0.630961625204336,280,0,-0.0695595240108285,-0.467885001197052,-0.45962963966976,-0.447550990366083,-0.842695037538396,-0.998459453364425,-0.414314677007893,-0.18105366123581,-1.10721167154153,-1.74024455758111,-0.303478641918452,-1.10721167154153,-1.10721167154153,-2.91373706507195,0.409151948466988,0.632053218595053,1.53976459500232,0.206109921501954,0.184804928131415,-0.778443113772456,0.103496503496504,0.51023751023751,0.630961625204336,7,-0.448068510287605,-0.405981727797812,-0.401859791918313,0.492785962505446,0.627494861678238,1.04379857587627,-0.178577945059436,-1.07757593313333,0.225406355416879,2726.0000000001,0.982397034233998,0.136926932157539,1802.0000000001,0.394492452591569,1.37688948672557,0.0693952222098112,-0.356621828588763,0.231754998435546,0.302269245659979,0.0456146971897788,-0.396971914944519,0.931127504515911,-0.439628250274337,0.34238636632009,-0.175320265402062,-0.122047995513464,0.378340537082619,0.120786652987444,0.0271679469023896,0.358864920982812,0.223123099423871,0.103212322371746,0.000480866141918987,0.0349290148369488,0.115671933158067,0.657003373966806,1.0452776300127,0.180519669028208,0.775243030272637,0.775243030272637,0.311167273385515,-4.37202188359469,-0.241805364459766,-0.16720377970756,0.0417034454748073,-0.26085306529003,0.626335379891036,0.664980301092432,0,2726.0000000001,0.049512804800933,0.0198824173088782,0.0647671018625945,0.445368055254221,2966.05632747169,0.0156249651370217,280,2,"SNETWORK (2 13 2966.05632747169 0.0647671018625945 100000166 280)",100
41,100000167,0.354701280372027,233,0.680412427894334,0.334368660703197,0.315622755524543,0.310024668600395,0.31737100022456,1.04964494357931,0.921723924109814,-0.479822152851071,-0.541635516032151,0.639265630116386,0.947930130501277,0.566181165698537,0.639265630116386,0.639265630116386,0.369236955671308,-0.750353201312498,-0.867439581793506,-0.386269882749558,-0.90310378578592,-0.720739219712526,0,-0.434965034965035,-0.700859950859951,0.354701280372027,10,0.161366875837279,-0.386153294197088,-0.382333114159998,-0.260676263003577,0.352318982924123,-0.638581127752965,-0.530210222980217,0.802180780441511,0.057851641911771,1094.0000000001,0.404751577471913,0.102443265273016,590.0000000001,0.386536903600487,0.791288480972401,0.0397414811702054,-0.767131295223122,-0.784974897871336,-0.238963781896862,-0.201420224761772,0.0659971470258917,-0.610287033390017,0.0719881193992229,-1.02230151293153,0.0785897629801496,0.0530042947482615,-0.399572857600468,-0.354908459536821,0.00722236901618115,-0.167558077703283,0.562105955755759,0.451834062908155,0.102215627178161,0.139017963839617,0.167198521564845,0.205692701721124,0.103720367908054,1.21090919282741,0.217653560794169,0.217653560794169,-0.20091895573041,1.06316675953723e-11,0.742039096238008,0.706438903985767,1.09809872277889,0.561491237616711,0.6702228811039,0.860796709916313,0,1094.0000000001,0.0203281452202203,0.0194133358499851,0.724528160197567,0.410591542340817,2991.73479667035,0.0625,1439,2,"SNETWORK (2 41 2991.73479667035 0.724528160197567 100000167 1439)",100
36,100000168,0.756984389867194,178,1.29896932353205,1.22104076566898,1.45807027539656,1.42805593959054,1.43873085382348,0.430642982205237,0.374518036817566,-0.16195577607054,-0.0245186045826017,-0.346662958956695,0.840964373492361,-1.72280584492164,-0.346662958956695,-0.346662958956695,-0.702886814084295,-0.541090030502419,-0.644880964645264,-0.86002673584352,-0.552555828857544,0,0.0419161676646709,0.81118881118881,0.42997542997543,0.756984389867194,12,-0.609542835962202,2.14782947849077,2.19121766257318,1.33019699952744,0.75890915122476,0.748841195886018,-0.0192331181492054,0.0529722586885768,0.297413116027743,180.0000000001,0.342365255278084,0.0850080221268361,1547.0000000001,0.84102186492013,1.18338712009821,0.0381445061073609,1.29831696758235,1.2006738585594,0.0908275574324071,1.34034840063268,1.83105352877237,0.069581947743287,1.29617239867597,0.0899358159581153,1.99310374877976,2.05959724029575,-0.374161026052567,-0.416953587798989,-1.22014954296954,-0.265979984750822,0.596004386864676,1.11697181886013,2.19258446122347,2.15155944355969,2.28302402457116,-0.277191595439338,-0.0357774573730349,-1.2054630991491,-0.262105843036965,-0.262105843036965,1.91043154434692,-0.82182410554124,0.178012281098112,0.345912546535072,0.439791125065965,0.102779581336462,-0.400165359831179,0.38848832941798,0,1547.0000000001,0.0110355718024646,0.0271089342048963,0.257986841958534,0.0901527951355092,5296.2264329849,0.0156249669969604,1026,2,"SNETWORK (2 36 5296.2264329849 0.257986841958534 100000168 1026)",100
17,100000169,-0.802430766942154,67,-0.711340194022643,-0.147031598306002,-0.358045591966192,-0.357303355798844,-0.355675841278248,-0.0467220690794584,-0.0387999285272901,0.302109334637039,1.30244021912912,0.688136455090707,0.0524031515021359,-0.0969648967445124,0.688136455090707,0.688136455090707,0.508018708064194,-0.0118987221931752,-0.0121999066095054,-0.451690546233173,0.0398503712224911,-0.596303901437372,0.141716566866268,0,-0.395577395577396,-0.802430766942154,9,0.841770710175715,0.072097839580197,0.0718100434240181,-0.618497649993435,-0.802137627265137,0.111892521297362,1.30295799008675,-0.485644524368874,0.12256175579687,637.0000000001,0.124821955146786,0.146180263458749,2495.0000000001,0.583117217117199,0.707939172163985,0.0327956476742731,0.0996412971209683,-0.838960175521606,0.162462243488208,-0.171666613550725,-0.52119577434668,0.112462305291075,-0.529885387368043,0.819701925127554,-0.167964091611219,-0.449652620754154,0.363657035392669,0.267927254595789,-0.953415760836225,0.383983861755794,-0.573486960481418,-0.669724488096057,-1.4058558810172,-1.37829262321507,-1.40813399619979,0.0509952390898081,0.892081425171431,-0.32701204099392,0.052026089957638,0.052026089957638,-0.431979199211258,1.06316675953723e-11,-0.234996087577917,-0.235796758415779,-0.597965441945547,-0.0988641085568709,0.557242545172275,1.1035693558216,0,2495.0000000001,0.00578244149890914,0.027013206075364,0.227784724236657,0.160183107480407,1506.2772335583,0.125,486,2,"SNETWORK (2 17 1506.2772335583 0.227784724236657 100000169 486)",100
35,100000170,1.14190206366233,243,1.95876350285277,1.6240746339498,1.11742223327512,1.09970853501445,1.1005013034785,0.640368337443425,0.593624431247756,-0.270676669575201,-0.469383682333829,-0.196896886919383,1.11801996559449,-0.432607360665612,-0.196896886919383,-0.196896886919383,-0.767244655756498,-0.621709099668041,-0.748954917998475,-1.10156988642173,-0.609974715703727,-1.3305954825462,1.62674650698603,0.565034965034965,-1.23832923832924,1.14190206366233,12,-0.490772456344144,-0.2870973078755,-0.284628420556218,0.591193167199574,1.14229985072608,1.57227319160599,-0.466044035086926,-1.12458560871112,0.0765515625192513,248.0000000001,0.12141233238191,0.0440734931862786,906.0000000001,0.255365799022558,0.376778131304468,0.0185951161653702,-0.895465515827323,-0.720695260704647,1.80756347121094,1.04517382039986,-1.2355656123193,1.2014669834138,-1.33825523678883,0.0317846624019018,-1.42027071589056,-0.612184529336491,-0.423186837870568,-0.353095222853248,0.102485932279529,-0.142208429812987,0.596004386864677,1.11697181886013,2.19258446122348,2.1515594435597,2.28302402457117,0.0596257035494007,-0.0402717489532957,0.496408067883999,0.0609544251855488,0.0609544251855488,3.68711861246834,-0.322703313436771,0.190653357485806,0.137954914495568,0.69445304520327,0.0551025257847969,0.0541291398582626,-0.146838529946275,0.00991302165696556,906.0000000001,0.0059920579873682,0.0126030580780019,0.947767919973945,1.17473281681321,5673.61836419274,0.0156249669969604,1016,2,"SNETWORK (2 35 5673.61836419274 0.947767919973945 100000170 1016)",100
3,100000171,-0.201787285760737,130,-0.226804037760009,-0.273941878615531,-0.467885001197052,-0.45962963966976,-0.447550990366083,-0.376373901013709,-0.441277291152989,0.563835119438777,0.734757607117236,-0.0726745664397688,-1.23011042322682,-0.216838644434222,-0.0726745664397688,-0.0726745664397688,-4.37906179823482,0.146050446494486,0.21651534737121,1.08952454739293,-0.0431632420662969,0.0739219712525668,-0.0898203592814364,1.0005994005994,0.837837837837838,-0.201787285760737,7,-0.595504311562996,-0.0102303308495483,-0.0101788125668157,0.855850902225478,-0.202905359168597,0.137301345044056,0.735536897216781,-1.19473004275133,1.00721103993648,1893.0000000001,3.04835909755743,0.0752434919615064,7177.0000000001,0.863389817655064,3.91174891511249,0.183859339037608,0.5832519113305,0.372761763644876,0.285189467828047,0.492840043410921,0.312701909375415,0.155697387850881,0.322080244338431,0.615794107231233,0.377357718391238,0.790969101843868,0.816557510730707,0.665910670455331,0.160215077439751,0.811073378930813,-0.183656619125852,-0.461007527196321,-0.751834212897414,-0.690544926566652,-0.641104661755904,-0.556930486023826,0.489726098071296,-0.462228632410263,-0.49435430703338,-0.49435430703338,0.196828295279419,-5.53892518070865,-0.600463892021234,-0.539042618584988,0.222640086073487,-0.697381658827138,0.465449215771633,0.0972974228406946,0,7177.0000000001,0.143278441607538,0.0405808973300704,0.636608731788952,0.250083824270405,2108.42319712719,0.0624998605480869,131,2,"SNETWORK (2 3 2108.42319712719 0.636608731788952 100000171 131)",100
17,100000172,-0.874869529178986,48,-0.711340194022643,-0.147031598306002,-0.358045591966192,-0.357303355798844,-0.355675841278248,-0.0360832479094897,-0.0304752390248322,0.347236297030686,1.33195325628386,0.676541184646107,0.0525183176022647,-0.0859704459529358,0.676541184646107,0.676541184646107,0.508776162092032,0.00033889980900524,-0.00429405873651779,-0.4652142561112,0.0577544488629809,-0.596303901437372,0.141716566866268,0,-0.395577395577396,-0.874869529178986,9,0.829092957634384,-0.112450572820548,-0.111737302566527,-0.620235228135879,-0.874593700896924,0.699601866132002,1.33141899380686,-0.904908033414425,0.194963647923523,505.0000000001,0.157413362149573,0.155364622652711,830.0000000001,0.206170631634934,0.363583993684507,0.0173996498998186,-0.315856028905154,-0.213805288897079,1.21018638257489,0.314188929555149,-1.40730327963583,0.622440331575207,-1.47778291044316,1.07822747048288,-1.34967799217093,-3.726237968685,-0.00118696088523028,0.0371650342800922,-1.03887200211963,-0.120769548911316,-0.675181930528773,-0.587156310063935,-1.4058558810172,-1.37829262321507,-1.40813399619979,-0.679882105946171,-0.639843436506146,0.420615473219079,-0.58721492953093,-0.58721492953093,0.165127985792115,1.06316675953723e-11,0.152997137310264,0.0470580661603017,-0.650653979402945,0.338810722392535,-0.690446021766808,0.998161240486932,0,830.0000000001,0.00753316268538655,0.00986648711443205,0.162607061054613,0.322840862907469,1397.74820433775,0.125,467,2,"SNETWORK (2 17 1397.74820433775 0.162607061054613 100000172 467)",100
41,100000173,0.530041790169092,255,0.680412427894334,0.334368660703197,0.315622755524543,0.310024668600395,0.31737100022456,0.96312313885636,0.831121446308476,-0.628654401216116,-0.657753994525552,0.297285535732847,0.555643188094613,1.98294359690643,0.297285535732847,0.297285535732847,0.26902091430179,-0.50024871176942,-0.628255183463704,-0.0517757753968154,-0.649027816408621,-0.720739219712526,0,-0.434965034965035,-0.700859950859951,0.530041790169092,10,-0.302518800193026,1.17929681564415,1.19040243869368,0.506279878756501,0.529901789724731,0.940152339499456,-0.653922247203888,-0.97934678416758,0.100677202144769,2076.0000000001,1.33663868386655,0.0456840678714953,261.0000000001,0.0762536811950973,1.41289236496164,0.0539071713670099,1.91444173296902,1.76773538842878,1.28685388335743,0.568903461471852,-1.04021644658439,0.435467628473389,-0.869849665824109,-0.873165487247122,-0.0915928317336224,-0.0176017842910726,-0.257820601702776,-0.316060328367355,-0.176915278918784,-0.165020299412822,0.562105955755759,0.451834062908155,0.102215627178156,0.139017963839617,0.167198521564845,0.0406380818316359,-0.704793564305369,0.623050849245364,0.0413588833318484,0.0413588833318484,1.20550052792215,1.06316675953723e-11,0.0577270848492733,0.132008577489536,1.00577490832187,-0.165692581459443,0.269718690014811,0.57088604156995,0,2076.0000000001,0.0509978058059432,0.00290936546106674,0.798494752603692,0.297283687517378,3117.47014293086,0.0625,1461,2,"SNETWORK (2 41 3117.47014293086 0.798494752603692 100000173 1461)",100
3,100000174,-0.611808087645609,31,-0.494845044588713,-0.486027089260215,-0.640656641110964,-0.630828421199535,-0.621755757978306,-0.304557570391661,-0.391656963796628,0.665504576731328,1.17271801601514,-0.0119928600903218,-1.15755635593917,0.382774575173651,-0.0119928600903218,-0.0119928600903218,-4.84627564063935,0.260526080909185,0.261458493903128,1.20674750953602,0.0796993862272291,0.0221765913757709,0.149700598802395,1.22237762237762,0.834152334152334,-0.611808087645609,7,0.574283360486441,-0.321660317252991,-0.318749398218188,-0.523806493214742,-0.610148933175107,1.2013666838584,1.17178162505485,-1.34424732762158,0.105695173202268,974.0000000001,0.164592160456966,0.0738159163127128,622.0000000001,0.0734066549563159,0.237998815313282,0.0118178293826154,-0.282139041306267,-0.28091103234622,1.53971466121194,0.290704678345053,-1.96229728120716,1.00329456570888,-2.13806269875117,1.19798732370653,-2.03413803407661,-5.11725630977602,1.31029086749057,0.58716216439853,0.197441676694222,0.570445855571718,-0.471792152073761,-0.752292666128179,-1.18926697056759,-1.14241875549932,-1.14014680236341,-0.34833441028247,-1.09574197116264,-0.1270891294904,-0.324079091538459,-0.324079091538459,-0.289074154757157,-3.09322862685672,-0.547663553362179,-0.674297002620646,-1.90584085422932,-0.125354297688958,-0.398751892083969,-0.713477722155484,0,974.0000000001,0.00817282241767621,0.00364500686493922,0.2236762153501,0.0239204546560242,1513.01550418673,0.0624998605480869,32,2,"SNETWORK (2 3 1513.01550418673 0.2236762153501 100000174 32)",100
28,100000175,-0.273233165257051,179,-0.790377993358492,-0.853832397374456,-0.715996162004961,-0.715344983900652,-0.711097017555422,0.765571648621244,0.775365132480384,2.02531626570661,-0.42741291114113,0.448932840534412,0.0927702121335356,2.85521091717441,0.448932840534412,0.448932840534412,-0.00160510967027185,-0.875079605211809,-0.94751751000573,0.708847518645258,-1.26082553245683,0.468172484599588,-2.26546906187625,-1.53286713286713,0.194922194922195,-0.273233165257051,8,0.143423063287157,-0.473994131667454,-0.468757364439055,-0.253871169155859,-0.273749147278651,-0.454703433125553,-0.422274346945577,0.877208799603372,0.0975825166032413,514.0000000001,0.0801917883724243,0.0930146256840663,6367.0000000001,0.946849289786463,1.02704107805889,0.0523887834207922,-0.281488255443168,-0.230101123984112,-0.856558611216296,-0.0515099588627886,1.26659875050863,-0.347461884259489,1.41644257464067,-0.640647723948002,1.33869619599914,0.685814170100883,-2.3533866497784,-2.30659514710471,-0.045794786445138,-0.488617979962243,-0.471792152073761,-0.752292666128179,-0.897784372821835,-0.860982036160378,-0.83280147843515,-2.2582702524702,-0.129694250562849,-0.132718135381099,-1.40651862974931,-1.40651862974931,4.88049508860079,1.06316675953723e-11,0.759717892156099,0.711681361118216,0.0874895425902556,0.824996612180423,0.372797966245119,0.25088924560849,0,6367.0000000001,0.00409053767183307,0.0482982456489591,0.0971774392146901,2.1841543234607,1693.30300541806,0.125,720,2,"SNETWORK (2 28 1693.30300541806 0.0971774392146901 100000175 720)",100
35,100000176,0.936789812889029,212,1.95876350285277,1.6240746339498,1.45807027539656,1.42805593959054,1.43873085382348,0.639260714716776,0.559071947205128,-0.112821020374383,-0.270316954084028,0.0331619481416281,1.14406798603812,-0.22934171289958,0.0331619481416281,0.0331619481416281,-0.594786028113906,-0.495537625366469,-0.606154532473891,-0.833200485298541,-0.500036656367934,-1.3305954825462,1.62674650698603,0.565034965034965,-1.23832923832924,0.936789812889029,12,0.432115857495643,-0.708217726301709,-0.698184542785796,-0.472543085110826,0.932732092589159,0.046058787336023,-0.267575506708105,-0.305011045373177,0.141941659315193,208.0000000001,0.188812296554909,0.10041551557639,1116.0000000001,0.716674708713884,0.905487005168793,0.0481429996067222,0.0241566940707728,0.0889349876746335,-0.0548420713355291,0.226702834136397,0.436027139118318,0.25156189672526,0.507457017428114,-0.0882372743350295,0.671183644783313,0.481518872445389,-0.167883829848878,0.0499369140886659,-1.11881171982869,0.114090296514916,0.596004386864676,1.11697181886013,2.19258446122347,2.15155944355969,2.28302402457116,-0.0645252797336837,0.412239492228053,0.305015726487176,-0.064079366784696,-0.064079366784696,0.952159716142937,-1.33166155130566,0.363991704555232,0.525985995260854,0.5093898342797,0.289657992531914,-0.960612019274907,-0.506200337823142,0,1116.0000000001,0.0100387860280791,0.0381042134786431,0.216520670722153,0.156184767134131,5492.06486707268,0.0156249669969604,985,2,"SNETWORK (2 35 5492.06486707268 0.216520670722153 100000176 985)",100
17,100000177,-0.12726466193699,192,0.152577399052067,0.406018494492994,0,0,0,-0.347337267586652,-0.365627803201632,-0.0321358201960525,0.906476283059674,0.33572248407861,-0.230071562117926,-0.026987396399383,0.33572248407861,0.33572248407861,0.432413163109556,0.0803074434356529,0.12681672005407,-0.147268533090668,0.100366335734383,-0.443531827515401,0.0161216029479497,0.044324905863371,-0.265923265923267,-0.12726466193699,9,-0.408204464386094,0.00217519099727658,0.0021645730397617,0.489039719107526,-0.125553247125094,1.20314798070699,0.906131013506687,-0.498784595266196,0.0483807843142635,1737.0000000001,0.134359784004562,0.0910324638593067,2426.0000000001,0.353088577402106,0.487448361306668,0.022860967524669,-0.0695360873114552,-0.0988953766199643,0.152458132591025,1.4537190668024,2.01013799882095,0.913174129358175,2.06769232681354,1.05312536794731,1.8769217129901,4.23331245813669,-0.0573902571644772,0.76771204947746,0.280042176499169,2.10061362466203,0.121428129376516,-0.277526342387341,0.0612709447678129,0.0833313087176452,0.100223533943626,0.724280026482464,0.990564206158188,-0.355254077743895,0.868897428360201,0.868897428360201,-0.128367547579997,1.06316675953723e-11,-0.968758170529897,-0.88016265628931,-0.927033595439511,-0.823014884394486,0.905367729644258,0.633833141080704,1.94704615028094e-13,2426.0000000001,0.00630137443774368,0.0165595929869253,0.670051047304278,1.25935558695346,2242.70643884307,0.125,611,2,"SNETWORK (2 17 2242.70643884307 0.670051047304278 100000177 611)",100
3,100000178,0.139668346117751,195,-0.226804037760009,-0.273941878615531,-0.467885001197052,-0.45962963966976,-0.447550990366083,-0.397595646676173,-0.468532684358229,0.535662363121374,0.525195540312638,-0.720511043708587,-1.20507023875926,-0.801816236040123,-0.720511043708587,-0.720511043708587,-4.81286805497363,0.223402949459484,0.31727942878198,1.21002319715058,0.0322971751845612,0.0739219712525668,-0.0898203592814364,1.0005994005994,0.837837837837838,0.139668346117751,7,-0.218173204933664,0.28091762060808,0.280532282537486,0.235957170772205,0.137774862128373,-0.136901938246479,0.52670122882653,-1.26650797551679,0.0923703631801408,4176.0000000001,0.616720202334492,0.0812177116933191,4971.0000000001,0.645490041052225,1.26221024328672,0.0563643463328159,-0.141414841828321,-0.214032668805921,0.151218694364478,-0.30727766267394,-0.709657157601808,-0.172022853697558,-0.695195052341187,0.34118728606506,-0.661676504731698,-1.13995442448962,0.67865728989296,0.768253951290309,0.138682283031885,2.42421130521145,-0.109032519804972,-0.357501066058931,-0.751834212897409,-0.690544926566656,-0.641104661755904,0.941402785323606,0.41858910587207,-1.17369108787128,1.19203692862516,1.19203692862516,0.137806693550746,-1.83690119337286,-0.546482010914367,-0.469833772565692,-0.911604051777399,-0.364247782291153,0.23380767530649,0.00163708806848803,0,4971.0000000001,0.0275398105784307,0.0288245356543852,0.891063718116574,0.0676398292909797,2475.32202522894,0.0624998605480869,196,2,"SNETWORK (2 3 2475.32202522894 0.891063718116574 100000178 196)",100
41,100000179,-0.133316399992051,168,-0.886598059773572,-0.0928456434617663,0.315622755524543,0.310024668600395,0.31737100022456,0.910526845574468,0.89939647931314,-0.156248664052842,-0.372098455407284,0.879857387003778,0.481726416419073,0.860887583961598,0.879857387003778,0.879857387003778,0.489167778265073,-0.647522123401229,-0.764744193011886,-0.109387285260431,-0.824150879032411,-0.720739219712526,0,-0.434965034965035,-0.700859950859951,-0.133316399992051,10,-0.559899644558411,-1.25320789247543,-1.22608807426616,0.718616737280962,-0.135190162906644,-0.272663354578614,-0.3663174259937,-0.418629908217527,0.151857894652863,1035.0000000001,1.00515552330431,0.0968807520130995,178.0000000001,0.110284135414984,1.11543965861929,0.0653325025036511,0.997309324952552,0.704114730430675,-0.036728184936028,-0.239971920047511,-0.298558904516562,0.0589586229678916,-0.38533935003839,-0.328384963604931,-1.31049639499557,-0.748741549684908,0.518862552337534,0.708850288881856,0.0780733445894269,1.25798120018344,-0.51872141471147,0.246474080634224,0.102215627178156,0.139017963839613,0.16719852156484,0.228543607717042,-0.630868030636871,0.903799184193759,0.243149592740672,0.243149592740672,0.0832443432467259,1.06316675953723e-11,-0.791226350791848,-0.635468775982799,0.361271838454808,-0.939803253572777,0.0435264130488643,0.0329115165849814,0.00263108896461888,1035.0000000001,0.0588730417949837,0.00645946060866742,0.511677957449851,0.397453156299889,2629.91207274172,0.0625,1374,2,"SNETWORK (2 41 2629.91207274172 0.511677957449851 100000179 1374)",100
16,100000180,0.932921065925237,345,0.288659805977357,0.708741764562854,0.0737102907633875,0.0682577010310203,0.067165878475577,-0.743402625943099,-0.875489059443421,-0.46510795927909,0.305783699569044,-0.612809551414309,-0.471254520011866,0.717358896135594,-0.612809551414309,-0.612809551414309,0.328829298988516,0.645887550246575,0.739722218709018,0.355026812570727,0.721449113162134,-0.443531827515401,0.0161216029479497,0.044324905863371,-0.265923265923267,0.932921065925237,9,1.11516542748372,-0.415666839880489,-0.411393703270593,-0.717498907156264,0.927003401917681,0.254647406983545,0.309600499432258,-0.399863147749061,0.824383084601934,3102.0000000001,4.08853236492094,0.136421659956144,1204.0000000001,0.262607056007128,4.35113942082807,0.219672980286173,-0.310979016861271,0.055825202402659,-0.0902836461669564,0.31215703492282,0.626777746409755,0.361674176421617,0.69338644093387,0.485527042535537,1.0307917067776,1.51552159123844,0.664199542005887,0.67261700703606,0.111773240091039,1.30453339485523,0.562105955755759,0.451834062908154,-4.52365144789511e-15,-4.51494518067087e-15,-4.84823954093274e-15,0.405211331047534,-1.2489958467717,0.762139772573022,0.449729912749098,0.449729912749098,-0.298790326900399,1.06316675953723e-11,-0.220480667456411,-0.288054331805864,0.0549397108513054,-0.240694825414743,-1.45346314622948,-2.22334095786661,0,3102.0000000001,0.206414918558861,0.0132580616273112,0.904837479474298,0.796564403807006,3116.20201348666,0.0625,413,2,"SNETWORK (2 16 3116.20201348666 0.904837479474298 100000180 413)",100
17,100000181,-0.857405162436724,54,-0.711340194022643,-0.147031598306002,-0.358045591966192,-0.357303355798844,-0.355675841278248,-0.0349524140111036,-0.031128221777056,0.334936466015195,1.32167109011976,0.680799913460504,0.0515073138010976,-0.0912939294000057,0.680799913460504,0.680799913460504,0.507920422309016,-0.00382845267376618,-0.00686490412814663,-0.457873691892463,0.0511565883014762,-0.596303901437372,0.141716566866268,0,-0.395577395577396,-0.857405162436724,9,0.828418697669888,-0.0043160841464611,-0.0042946774966939,-0.616920239358829,-0.847252018770676,0.574360997253834,1.32068843841466,0.871599221109578,1.51882071123998,463.0000000001,1.12430482983135,0.696047713380563,1137.0000000001,1.2653074068734,2.38961223660475,0.112199221549442,-0.410519748407484,-0.275292927780981,0.280814993472405,0.506051468855518,0.350681465891828,0.503831490976053,0.360868250950474,1.01828731823784,0.314105074957214,0.866918448467634,0.106071113694904,-0.135811357227285,-0.957561397715731,-0.15972528972031,-0.675181930528773,-0.587156310063935,-1.4058558810172,-1.37829262321507,-1.40813399619979,-0.313194006103626,-0.943602541208163,0.371787795222413,-0.293725339825894,-0.293725339825894,0.0591078583166366,1.06316675953723e-11,-0.0860880429455654,-0.208748530502145,-0.538001081376774,0.0497398392519493,0.188353387317963,1.48475644777024,0,1137.0000000001,0.0527893708613651,0.059409850588077,0.18362905230857,2.39699741510823,1432.75247100964,0.125,473,2,"SNETWORK (2 17 1432.75247100964 0.18362905230857 100000181 473)",100
17,100000182,-0.802430766942154,67,-0.711340194022643,-0.147031598306002,-0.358045591966192,-0.357303355798844,-0.355675841278248,-0.0467220690794584,-0.0387999285272901,0.302109334637039,1.30244021912912,0.688136455090707,0.0524031515021359,-0.0969648967445124,0.688136455090707,0.688136455090707,0.508018708064194,-0.0118987221931752,-0.0121999066095054,-0.451690546233173,0.0398503712224911,-0.596303901437372,0.141716566866268,0,-0.395577395577396,-0.802430766942154,9,0.841770710175715,0.072097839580197,0.0718100434240181,-0.618497649993435,-0.802137627265137,0.111892521297362,1.30295799008675,-0.485644524368874,0.12256175579687,637.0000000001,0.124821955146786,0.146180263458749,2495.0000000001,0.583117217117199,0.707939172163985,0.0327956476742731,0.0996412971209683,-0.838960175521606,0.162462243488208,-0.171666613550725,-0.52119577434668,0.112462305291075,-0.529885387368043,0.819701925127554,-0.167964091611219,-0.449652620754154,0.363657035392669,0.267927254595789,-0.953415760836225,0.383983861755794,-0.573486960481418,-0.669724488096057,-1.4058558810172,-1.37829262321507,-1.40813399619979,0.0509952390898081,0.892081425171431,-0.32701204099392,0.052026089957638,0.052026089957638,-0.431979199211258,1.06316675953723e-11,-0.234996087577917,-0.235796758415779,-0.597965441945547,-0.0988641085568709,0.557242545172275,1.1035693558216,0,2495.0000000001,0.00578244149890914,0.027013206075364,0.227784724236657,0.160183107480407,1506.2772335583,0.125,486,2,"SNETWORK (2 17 1506.2772335583 0.227784724236657 100000182 486)",100
41,100000183,-0.57419932631319,82,-0.886598059773572,-0.0928456434617663,0.315622755524543,0.310024668600395,0.31737100022456,0.983966018506157,1.13394079214103,0.642124450044313,-0.179401197242668,0.583904410245933,0.525449822411654,0.311713141236535,0.583904410245933,0.583904410245933,0.527974382042175,-0.513849598102669,-0.646149856498006,0.0320492356373371,-0.68151948445622,-0.720739219712526,0,-0.434965034965035,-0.700859950859951,-0.57419932631319,10,-0.5445873263328,-0.156478281994562,-0.155397180551524,0.720280622959468,-0.573332168756559,-0.0966327679485872,-0.172104325849389,-0.973412277043435,0.143510373406106,1183.0000000001,1.08573435019378,0.0769007048813004,693.0000000001,0.340815308701251,1.42654965879503,0.0688007624373126,-0.169737449118763,-0.0744688355176907,-0.306992631230429,0.277460601792911,0.911048091443497,-0.0261187893223732,0.963368747951321,-0.113286201423004,1.33994811964567,1.12671614277774,0.124846242368313,0.369216013068544,-0.816006183352834,0.107641751235831,-0.658232714974314,-1.30374704394875e-15,0.102215627178161,0.139017963839617,0.167198521564845,-1.02378315999439,-0.049780291238892,0.00313800496396958,-0.820332778920308,-0.820332778920308,0.711578299192574,-0.569943002690179,0.0740379684951302,0.0521886934781736,0.105509389585292,0.0696576492478441,0.581243794938183,0.649271886182314,0,1183.0000000001,0.0523636527666283,0.0164371095706843,0.226567571643993,0.231708087101253,2145.25471709479,0.0625,1288,2,"SNETWORK (2 41 2145.25471709479 0.226567571643993 100000183 1288)",100
43,100000184,0.000844386946110637,103,0.12371145778112,0.869954874556633,0.965149594579297,0.947078472655203,0.966783102940535,-0.0721014075590637,-0.0667197277774778,-0.468995686056725,-0.320536438494096,-0.471317321695261,0.691986769939154,-0.796578231391434,-0.471317321695261,-0.471317321695261,0.253437566210237,0.511759214982057,0.31805469511119,-0.250527025140236,0.663207200112496,-1.14579055441478,2.23053892215569,2.01958041958041,-0.227886977886978,0.000844386946110637,11,0.623261715232797,-0.144546380431134,-0.143569915124505,-0.530745278321968,-0.00202706402147928,-0.295048525196147,-0.31742976356889,-0.104457508385292,1.14830815802084,1.0000000001,1.13168853182598,0.116779401998384,5.0000000001,0.575446185684493,1.70713471741047,0.0821600261606574,0.11225071872986,-0.248659383981151,-0.15687025263037,-0.742366522749963,-0.898201446163811,-0.236950292524229,-0.948723744638121,-0.409808070273836,-0.804108995355812,-0.517287848562858,1.01221497417328,0.591636692098999,0.155296634719812,0.40426358006803,-0.353148128111645,0.538992472803682,2.19258446122348,2.15155944355969,2.28302402457116,-0.253500759501116,0.625353274711932,-0.378538151542122,-0.241007089888405,-0.241007089888405,-0.108106262235925,-0.0336824795203344,0.119996516430165,0.0132440348246693,-0.318528711783231,0.222432345536949,-0.547501046280142,-0.663922462739885,0.00113554427573057,5.0000000001,0.0544652734879878,0.0276947525726696,0.404081669128098,0.90802876095073,3386.99529970344,0.0312500660060792,1572,2,"SNETWORK (2 43 3386.99529970344 0.404081669128098 100000184 1572)",100
3,100000185,-0.534112012623403,50,-0.494845044588713,-0.486027089260215,-0.640656641110964,-0.630828421199535,-0.621755757978306,-0.319808922876499,-0.395983385389206,0.674679941944406,1.05089528624441,0.0735840236894751,-1.12726318025936,0.376832949352381,0.0735840236894751,0.0735840236894751,-4.85647840398649,0.250964275641753,0.27870156794412,1.33818763067185,0.0435836683409146,0.0221765913757709,0.149700598802395,1.22237762237762,0.834152334152334,-0.534112012623403,7,0.855358617275711,1.9069266397022,1.94048560119365,-0.533243553755594,-0.535166248187126,0.759954244646893,1.05178065996836,-1.13171065404593,0.205349836373614,4249.0000000001,1.39500616343808,0.207656335872343,4230.0000000001,1.40436691049372,2.7993730738318,0.0940897780237493,2.95815894436939,4.36433029856676,1.05136153850105,0.853796416349903,-0.273364003674499,0.136390845994935,-0.200238235445997,0.740408738017411,0.457011223121205,1.11070798906808,-0.554417435339231,-0.721350131060517,-1.28688609285374,-0.381676790582648,-0.471792152073761,-0.752292666128179,-0.897784372821835,-0.860982036160378,-0.83280147843515,-0.764149851425826,-0.627388205471665,0.401599709539405,-0.647847286443155,-0.647847286443155,-0.0774997584941537,-10.13014727316,1.24615446115119,1.07106237302263,-0.266269601075011,1.44322318872302,-0.463697166354095,-0.338858111180008,0,4249.0000000001,0.0468875768443991,0.0472022010793502,0.310576602879655,0.406765670515597,1638.31723557088,0.0624998605480869,51,2,"SNETWORK (2 3 1638.31723557088 0.310576602879655 100000185 51)",100
34,100000186,1.31773921329178,259,1.95876350285277,1.6240746339498,1.02485008991821,1.0045764169385,0.983070499920875,0.6115817587243,0.477966107760054,-0.346318284730187,-0.668690796471014,-0.733221517904015,0.562350073037065,1.50942406125909,-0.733221517904015,-0.733221517904015,-1.01192998817488,-0.601294986806619,-0.684877569899412,-0.652170022354536,-0.666507416218503,-1.3305954825462,1.62674650698603,0.565034965034965,-1.23832923832924,1.31773921329178,12,-0.757372525335052,0.605593647561812,0.60717852106819,1.14959410596591,1.32213065146684,0.54623356372784,-0.664824708626818,0.668028242915109,0.037443046340496,595.0000000001,0.142477144396349,0.0313716109504059,1129.0000000001,0.226510231103953,0.368987375400302,0.0155646080534528,1.25650381518827,2.04667356342093,0.599718466524881,1.25978538207021,0.946953442391597,0.322868469849994,0.876487325353017,-0.977507984209313,-0.182924890057249,-0.0347580883950294,0.58814515251308,0.913331575605398,-0.0143693742697202,1.36468605544286,0.596004386864676,1.11697181886013,1.81798745868161,1.77298984104302,1.80739578336229,-0.305556196554617,0.489549305573747,0.323735968970018,-0.287061727959623,-0.287061727959623,0.0210791465188749,1.06316675953723e-11,-0.857789647195626,-0.781804770373116,-0.204278202788898,-0.876080729701503,0.557187710795139,0.239930604735148,0.000632225781066163,1129.0000000001,0.00600996413900447,0.00955464381444834,0.178706196858343,0.671999200829305,5761.36636239952,0.00781248349848019,974,2,"SNETWORK (2 34 5761.36636239952 0.178706196858343 100000186 974)",100
17,100000187,0.269858238568073,248,0.152577399052067,0.406018494492994,0,0,0,-0.511243459740749,-0.587607468071475,-0.179272848063575,0.690172828381863,-0.0835938685982721,-0.375381102371408,0.153209307895271,-0.0835938685982721,-0.0835938685982721,0.374460850267558,0.239310154113477,0.306028781554777,0.0170825227304513,0.270736547128648,-0.443531827515401,0.0161216029479497,0.044324905863371,-0.265923265923267,0.269858238568073,9,-0.429883945838082,0.954097167424125,0.960570933011401,0.695890972499676,0.272161844649206,1.04107916153652,0.691259030721417,-0.852059861858508,0.407343233586128,3753.0000000001,2.44419384155643,0.210427904985913,2331.0000000001,0.784227702202499,3.22842154365893,0.128120324203347,-0.414200517658009,-0.432744623771103,1.20567234373333,1.33537616956021,0.189497979943452,0.556438540576057,0.165533579438969,0.790609014927528,0.489607205335778,0.957150562238139,-0.0732201321160973,-0.113644318017358,0.15583510718726,0.0322680479083024,0.121428129376515,-0.277526342387342,0.00480157393973153,0.0065303618512575,0.00785414213140354,1.20603038566975,1.54597033131778,-0.169991325815629,1.63288022343559,1.63288022343559,-3.0461738209163,1.06316675953723e-11,-0.0970545010226142,-0.0509389786082855,-0.617453292112303,0.0569232605038299,1.77069466772962,0.122325751440698,0,3753.0000000001,0.0969981469004797,0.0311221772028673,0.866183058000709,0.326387494793899,2569.29097226683,0.125,667,2,"SNETWORK (2 17 2569.29097226683 0.866183058000709 100000187 667)",100
37,100000188,0.0608796634643081,30,1.29896932353205,1.22104076566898,1.50580654500643,1.48232234240258,1.49987706507974,0.0829748516155294,0.0154707455236894,-0.486627858212176,0.699316563267978,-0.308936456206511,0.600783239158868,-1.07854523446467,-0.308936456206511,-0.308936456206511,-0.510528410786314,-0.524480200620967,-0.561753652913679,-0.415150008853287,-0.613056964027286,0.170020533880904,-0.850299401197607,-0.17062937062937,0.240786240786241,0.0608796634643081,12,-0.508240365697291,-0.179110041354748,-0.177820333856021,0.643729260661431,0.0615633056144139,0.0828173155547311,0.699887507106203,-0.297210285230385,0.396689236335964,311.0000000001,0.788983402919188,0.200911294768913,5.0000000001,0.00642438301533715,0.795407785834525,0.0385149439105571,-0.159578761785472,0.64631424994762,-0.101813095894661,-0.19092138849298,-0.131298393535546,0.14988571321863,-0.139964328408893,0.596034755978081,-0.239884797319344,-0.466372127992676,-0.433413267659645,-0.297517145298041,-1.1465096367979,-0.135984964648355,0.528207847926239,1.07109749798066,2.30838018097095,2.26990413792035,2.4041635982989,0.0217056321403205,-0.0853922546328786,0.0392097657406971,0.0219925910308332,0.0219925910308332,1.99032017794871,-0.489035207422292,0.63613201780987,0.801861489028764,1.12280888633907,0.439527575556692,0.512423990853861,0.493549125289115,0,311.0000000001,0.03820386469939,0.000311079111167133,0.174041199082101,1.3377345437184,4408.38232993522,0.0312499339939208,1078,2,"SNETWORK (2 37 4408.38232993522 0.174041199082101 100000188 1078)",100
43,100000189,0.311239238455379,158,0.12371145778112,0.869954874556633,0.965149594579297,0.947078472655203,0.966783102940535,0.125335469791728,0.0671978777427672,-0.467044011373547,-0.510315805069723,-0.112167344095919,0.823168286768538,-0.278281522829485,-0.112167344095919,-0.112167344095919,0.0632492670434512,0.606113916798061,0.460668837991349,-0.429756027724569,0.81497236385942,0.147843942505134,-0.958083832335329,-0.581818181818182,-0.163390663390663,0.311239238455379,11,-0.468041220810081,-0.154619034003832,-0.153554479618617,0.571734428439996,0.310322864681767,0.21152055288475,-0.506725446465597,-0.871802081023406,0.0486332796449666,7.0000000001,0.335505822636703,0.0662654993192984,2.0000000001,0.130612858675105,0.466118681211807,0.022472971726528,1.04334205229407,0.841456528467945,0.631636956274165,0.262887092556946,-0.55137717138788,0.256980410247727,-0.583615958045034,-0.498051631204265,-0.626664525590619,-0.248321812028508,-0.426024315465306,-0.431601932666425,0.0229527691092501,-0.206283111394962,-0.353148128111646,0.538992472803681,2.19258446122347,2.15155944355969,2.28302402457116,0.137470297404074,-0.350185047462511,0.373856860519506,0.143133527557902,0.143133527557902,1.78244506789635,1.06316675953723e-11,0.114668666005868,0.00674900700991574,0.248488657659185,0.0796172329937906,0.0598919933663789,-0.0879789590477236,0.00955855704324537,7.0000000001,0.0161757362146867,0.00629723541184133,0.617415753938624,0.261588459834456,3698.17908598426,0.0312500660060792,1627,2,"SNETWORK (2 43 3698.17908598426 0.617415753938624 100000189 1627)",100
41,100000190,-0.502256806984495,97,-0.886598059773572,-0.0928456434617663,0.315622755524543,0.310024668600395,0.31737100022456,0.975112693362866,1.12909879557383,0.573435287732416,-0.190457436201359,0.610205969167496,0.530148048711468,0.310603100266441,0.610205969167496,0.610205969167496,0.539320226657315,-0.562081290693927,-0.693869126928309,0.00501607652114936,-0.73737676658361,-0.720739219712526,0,-0.434965034965035,-0.700859950859951,-0.502256806984495,10,-0.430106648650164,0.465947293644043,0.466373182199669,0.685011611362225,-0.501919789492725,-0.0486824589815684,-0.187402454637165,-0.534893005306161,0.0699771736760406,328.0000000001,0.146786386835089,0.080389925615071,1324.0000000001,0.680683386337238,0.827469773072326,0.0357696901781264,0.191332626027645,-0.255842584069122,-0.212153742562001,-0.105860969326282,0.169710523075707,-0.131012050132164,0.161062709020498,-0.185738931594737,0.109998844972115,0.091243369238267,-0.446720473570391,-0.506166370323159,0.128942972662024,-0.288330440116029,-0.658232714974315,-1.30374704394875e-15,0.102215627178161,0.139017963839617,0.167198521564845,-0.199512475272528,-0.0355365576163448,-0.200687538270594,-0.192044334832602,-0.192044334832602,-3.04528642032184,-0.934289965399429,0.566721723365144,0.526467530671791,0.282327277045565,0.566550111911224,0.506697591576232,-0.354960279895932,0.0462714694046413,1324.0000000001,0.00634525118946879,0.0294244388886576,0.275398815398342,1.48954469431192,2228.26264191676,0.0625,1303,2,"SNETWORK (2 41 2228.26264191676 0.275398815398342 100000190 1303)",100
43,100000191,-0.126867350071085,78,0.12371145778112,0.869954874556633,0.545150200838989,0.54037036033024,0.554967563992924,-0.105056124606367,-0.0982168154352538,-0.446271632547533,-0.280756353784528,-0.545333432285396,0.609056707100934,-0.689793409198618,-0.545333432285396,-0.545333432285396,0.267251209528565,0.599560957496306,0.405222683792971,-0.0502030677040984,0.737227061551559,-1.14579055441478,2.23053892215569,2.01958041958041,-0.227886977886978,-0.126867350071085,11,0.143949191083485,-0.664558588166131,-0.655533039802517,-0.224836568845022,-0.130397835700506,-0.992780305486433,-0.278039155368369,0.753987203787203,0.016989529232843,2.0000000001,0.0334872746550735,0.027676509793265,2.0000000001,0.0545518874170456,0.0880391619721191,0.00464481852176954,-0.123404343902607,-0.284535044100256,-0.973989615816903,-0.937395930022077,0.0731384304779915,-1.14062146995241,0.0836122021174206,-0.914206991699968,0.129994392992874,0.0903352344266406,-1.91039111252493,-1.76950924346911,0.00157910350075839,-0.462345503602689,-0.353148128111646,0.538992472803681,0.102215627178161,0.139017963839617,0.167198521564845,-1.37914513232834,0.1003258438399,-0.249560579712031,-1.02493188040907,-1.02493188040907,-0.0861612016046011,1.06316675953723e-11,1.12259833026421,1.16997853543553,0.925509103088542,0.999344938815669,-1.07418274449327,-0.610392682925489,0,2.0000000001,0.00176674001024899,0.00287807841152056,0.309107256901359,0.269000196659975,3248.45908209545,0.0312500660060792,1548,2,"SNETWORK (2 43 3248.45908209545 0.309107256901359 100000191 1548)",100
35,100000192,0.914562152098324,207,1.95876350285277,1.6240746339498,1.45807027539656,1.42805593959054,1.43873085382348,0.622397853864253,0.541364967949893,-0.12446492382806,-0.261780987290541,0.0146413939208027,1.13710227506461,-0.284792517077781,0.0146413939208027,0.0146413939208027,-0.5761947184054,-0.464783075337578,-0.569268698445687,-0.790439620745526,-0.469092238797986,-1.14579055441478,2.23053892215569,2.01958041958041,-0.227886977886978,0.914562152098324,12,-0.0367230863614727,-0.201586774563364,-0.200076720508151,-0.0527480644490627,0.910340217442092,-0.429412534954201,-0.259349652342672,0.569694718195921,0.117147782660566,29.0000000001,0.0217264681999314,0.145697703757802,1075.0000000001,1.0016551611052,1.02338162920513,0.0497506280732584,-0.649719790965951,0.402319131473686,-0.429922889760727,-0.266673115839327,0.261394331983067,-0.378948909508583,0.278226700770716,-0.408634057916791,0.344531702366045,0.249675615339994,0.971240427230623,0.889020699206545,-0.723376371842827,1.00122105962091,0.596004386864676,1.11697181886013,1.752540016459,1.71154297880835,1.79848119208223,-0.592304773797565,0.398436357636394,-1.13811717592432,-0.521619908170401,-0.521619908170401,-0.247043384953353,-0.107484511015367,-0.051072708146163,0.0268390096908587,0.136919102682944,-0.0749568417277613,0.365836960017074,-0.411901480309432,0,1075.0000000001,0.00105620953207625,0.0486944184411822,0.102034892698647,2.89101792284055,5463.64042733366,0.0156249669969604,980,2,"SNETWORK (2 35 5463.64042733366 0.102034892698647 100000192 980)",100
35,100000193,0.966263569965837,217,1.95876350285277,1.6240746339498,1.45807027539656,1.42805593959054,1.43873085382348,0.657487763814003,0.583393597960053,-0.108979188274925,-0.27262103013668,0.0294723615162509,1.14763418452177,-0.239670176265694,0.0294723615162509,0.0294723615162509,-0.583803634195676,-0.509427039856213,-0.623484387240563,-0.848020768084644,-0.514834357540663,-1.3305954825462,1.62674650698603,0.565034965034965,-1.23832923832924,0.966263569965837,12,-0.144768165651852,-0.399937565947346,-0.395908721840018,-0.0423366436163715,0.959559692530256,-0.414700342464031,-0.269906793756494,0.139698072221657,0.0704334789024425,8.0000000001,0.00360351388856502,0.119929403297247,1640.0000000001,1.25784342075519,1.26144693454376,0.0635090657376517,-0.211555485294987,0.412092283759132,-0.111905467556379,-0.525583315075633,-0.629340365475931,-0.315547800276334,-0.695781297833255,-0.387164540326424,-0.522476269469078,-0.364084888809677,0.525082366395821,0.462125513062384,0.108035301900618,0.20098810170245,0.596004386864676,1.11697181886013,2.19258446122347,2.15155944355969,2.28302402457116,-0.604054786601527,0.340555047531843,-1.35565561085791,-0.530577278105692,-0.530577278105692,-0.0269761763425134,-0.326027071903869,0.521363236466866,0.627010574053364,1.05478994315795,0.330260616225506,0.559776439922187,-0.266448194570509,0.0048613077925621,1640.0000000001,0.000181423243003935,0.0633276423946477,0.330345709540585,1.87329081462774,5520.32525899683,0.0156249669969604,990,2,"SNETWORK (2 35 5520.32525899683 0.330345709540585 100000193 990)",100
17,100000194,-0.944331668903349,32,-0.711340194022643,-0.147031598306002,-0.358045591966192,-0.357303355798844,-0.355675841278248,-0.0351259311913168,-0.0321850846856752,0.350148028375475,1.35739938754514,0.652224636660222,0.049329308575656,-0.0839563425859346,0.652224636660222,0.652224636660222,0.512531380240193,0.0194742018156877,0.0121651889469062,-0.491346476140426,0.0866633443461981,-0.596303901437372,0.141716566866268,0,-0.395577395577396,-0.944331668903349,9,0.517304177307558,-0.14213145607581,-0.141175719919545,-0.483312723741485,-0.939472215757765,0.612908638051267,1.35590504755313,0.0851490122989733,2.25256497140102,1470.0000000001,5.29408897067039,0.474231296215451,144.0000000001,0.109181555711676,5.40327052628206,0.259934900612014,-0.411613301755433,-0.298235892024114,-0.191526088587926,0.415038474901502,0.952744334931303,0.568829616666026,1.00495010900911,1.06109375630505,1.21139181621224,3.39725821232349,0.659896823913704,0.0355938864030868,-0.846946572207994,-0.100259123481764,-0.675181930528773,-0.587156310063935,-1.4058558810172,-1.37829262321507,-1.40813399619979,-1.24364257745191,-0.53581508021424,0.0739785044267853,-0.950894822324193,-0.950894822324193,0.187319804856283,1.06316675953723e-11,0.023725926179787,-0.112511183537385,-1.17513029603029,0.323930554269433,-0.616918420091453,-1.36882285396589,0,1470.0000000001,0.254682508158504,0.0052523923535106,0.107051947335092,0.275679551996291,1305.24193354101,0.125,451,2,"SNETWORK (2 17 1305.24193354101 0.107051947335092 100000194 451)",100
41,100000195,0.1128764441358,203,-0.419244275461604,0,0.315622755524543,0.310024668600395,0.31737100022456,0.989290435193406,0.895614928633882,-0.373927880378104,-0.449841367992241,0.77789069348025,0.69090705425534,0.491285752601238,0.77789069348025,0.77789069348025,0.437959110138326,-0.6712370696899,-0.790744853201271,-0.28656938950899,-0.821612212182909,-0.720739219712526,0,-0.434965034965035,-0.700859950859951,0.1128764441358,10,-0.382849083292917,0.953274336259245,0.959733267681677,0.510513236861058,0.110345856822525,-0.569416858317277,-0.443845537907542,0.195836953071734,0.0745196928987141,951.0000000001,0.453217960636355,0.121141637678531,980.0000000001,0.759232962911995,1.21245092344835,0.0481231948808215,-0.456912877409851,-0.278431855860564,0.283352060052441,-0.548557479568381,-1.30048034413937,-0.797300112434989,-1.13171354180751,-0.94738477868041,-1.41593469631243,-0.673459788337768,-0.788834258756501,-0.551990729595172,-0.747254578690978,-0.27104428732602,-0.353148128111646,0.538992472803681,0.102215627178161,0.139017963839617,0.16719852156485,0.495096317066114,-0.418150500580022,1.24185725379881,0.561562803267853,0.561562803267853,-1.46638019229424,1.06316675953723e-11,-0.300791475018175,-0.174526892712582,0.468182965459255,-0.428485644428793,0.635176874296426,0.372653658357472,0,980.0000000001,0.0179886012481442,0.0301345935326773,0.627900883227984,0.264822646218818,2827.4786949255,0.0625,1409,2,"SNETWORK (2 41 2827.4786949255 0.627900883227984 100000195 1409)",100
17,100000196,-0.0370627552099797,207,0.152577399052067,0.406018494492994,0,0,0,-0.387037137618743,-0.414451011702309,-0.0624622135444244,0.860468843192052,0.212944981038484,-0.287533066819358,0.00772446026033243,0.212944981038484,0.212944981038484,0.420184276429986,0.117419807643895,0.166507363565721,-0.0934053489909505,0.137295565672831,-0.443531827515401,0.0161216029479497,0.044324905863371,-0.265923265923267,-0.0370627552099797,9,-0.680120696139055,-0.778421446031289,-0.766657610790734,0.899423974298188,-0.0388758391726401,-0.314241084988853,0.860254722515015,0.0358669274605788,0.417522506517772,3865.0000000001,2.5800371760488,0.0882352772522445,1693.0000000001,0.238833799144435,2.81887097509323,0.151749985176212,-0.417065789112445,-0.513783931186231,0.555916795349197,0.44224819432573,-0.182951073706099,-0.106785884411933,-0.217211090489311,0.536522173335901,1.16598159128902,2.53484690728157,0.564912777537391,0.520545359209267,0.171839852191319,1.54423246274221,0.121428129376515,-0.277526342387342,0.102215627178156,0.139017963839617,0.167198521564845,1.05101939124134,-0.752479650253236,0.771517047683926,1.36806030150893,1.36806030150893,-0.0600526326474319,1.06316675953723e-11,-0.80402640935782,-0.652421131197301,-0.692786426877422,-0.699183160100561,-0.510746352207641,0.20112942958931,0,3865.0000000001,0.138892700808075,0.0128572842681368,0.72069547626456,0.27683251529976,2327.03580019402,0.125,626,2,"SNETWORK (2 17 2327.03580019402 0.72069547626456 100000196 626)",100
17,100000197,0.281864809345046,250,0.152577399052067,0.406018494492994,0,0,0,-0.513020071188259,-0.591614448907119,-0.179272848063575,0.688855997514501,-0.0908286064007947,-0.378645566369504,0.155488349913469,-0.0908286064007947,-0.0908286064007947,0.374002323370312,0.238785151612878,0.30550089333595,0.0178628267058311,0.269931189478221,-0.443531827515401,0.0161216029479497,0.044324905863371,-0.265923265923267,0.281864809345046,9,-0.529769171057833,1.48719967637865,1.50644209378671,0.823686534464284,0.286001123224857,0.829504128415205,0.689663622120385,-0.521554293166579,0.380219134718076,3349.0000000001,2.0358496008969,0.0905811325578092,3359.0000000001,0.486456851398756,2.52230645219566,0.0912028521298623,-0.368556043161737,-0.387287256115627,0.483746117394334,1.21791948358453,1.14378603931437,0.286638319817602,0.908226193812436,0.659303702098249,1.07534509836715,2.08954680413514,-0.263859560035935,-0.123185950707902,0.259889959294543,0.195214796766724,0.121428129376515,-0.277526342387342,0.0240009566442961,0.0326424071837615,0.0392594026750322,0.948475532505762,0.00849311094105058,0.0114940507817587,1.20312437901716,1.20312437901716,-0.125773584965805,-0.289098543359747,-0.164647024584228,0.0964891209759371,0.315550565806232,-0.242501784247354,1.37190377766353,0.331561033189042,0,3359.0000000001,0.0736132953798163,0.0175895566500461,0.872824423804951,0.654618383385241,2580.34968392115,0.125,669,2,"SNETWORK (2 17 2580.34968392115 0.872824423804951 100000197 669)",100
37,100000198,-0.059985711766018,4,1.29896932353205,1.22104076566898,1.50580654500643,1.48232234240258,1.49987706507974,0.0745767503179414,0.00592348056741016,-0.469505648305739,0.7291486030783,-0.272477359454283,0.613170755898936,-1.11056057984882,-0.272477359454283,-0.272477359454283,-0.494953729488874,-0.494334076615372,-0.525430402938512,-0.374538944013417,-0.58248456805598,0.170020533880904,-0.850299401197607,-0.17062937062937,0.240786240786241,-0.059985711766018,12,3.07995535947328,-1.80660361011838,-1.7532297310051,-0.831029455680948,-0.0611683522192196,-0.25048093319588,0.729361851639064,0.414633116953668,0.280794713597162,25.0000000001,0.0448937618738442,4.28030024975604,15.0000000001,0.410603413537539,0.455497175311383,0.0294497310750687,0.816220892152408,-0.280830060660897,-0.26294867335262,-0.244434469646873,0.0348006501358126,0.226720684227688,0.0468677235485485,0.648461148453824,0.343476844163206,0.684572278551258,-0.388275945104431,-0.454726294616055,0.0553968823267641,-0.235436613219518,0.528207847926239,1.07109749798066,2.70840082864406,2.67872578178211,2.82264244254143,-0.0870714337607407,0.0844000748364326,0.915841716910794,-0.0860179347318879,-0.0860179347318879,-3.14681321742972,1.06316675953723e-11,0.699977238021178,0.892838687683796,1.22415807844106,0.484969754226746,-0.958580156292551,0.82263715126369,0,25.0000000001,0.00290256291070297,0.0265471680643657,0.0174610956960667,0.835035970900208,4249.43522353161,0.0312499339939208,1052,2,"SNETWORK (2 37 4249.43522353161 0.0174610956960667 100000198 1052)",100
13,100000199,0.85810025973994,312,0,-0.0695595240108285,-0.110963835372034,-0.110383201657025,-0.109843962764069,-0.966389172943667,-1.18221940612096,-0.509613977865336,-0.326809149479958,-1.43076730899915,-1.72531261604914,-0.206192844240024,-1.43076730899915,-1.43076730899915,-2.94566998381677,0.592348030209969,0.832584932373788,1.76412951297489,0.395993714649783,1.07186858316222,-1.64670658682635,0.299300699300701,1.38452088452089,0.85810025973994,7,0.778508056798602,-0.270302309778077,-0.268036864337044,-0.610043765501846,0.854504486988092,-0.175781977449262,-0.323975764265562,0.647316183887893,0.066215640912582,1096.0000000001,0.116028900074946,0.0786730226996545,1119.0000000001,0.140750827619585,0.256779727594531,0.0126353320398205,0.971133888918063,0.803651897335905,-0.66490638663328,0.423987425618505,1.62855716089858,-0.078714871144889,1.75728213555767,-0.334888427525986,1.60830898402184,1.05511786477804,-0.089351163950518,-0.173923935350273,0.0438207600139716,-0.0900067242684193,0.223123099423871,0.103212322371745,0.000480866141918987,0.0349290148369488,0.115671933158067,-0.0281158985632703,-0.199467934745777,0.368368241204696,-0.0281596068110315,-0.0281596068110315,0.800302670699838,-10.4452014184963,0.135502325861722,0.328807478038757,0.68191552982045,-0.011972370218173,-0.399236024922365,-0.440464031367561,0,1119.0000000001,0.00570942137878427,0.0069259105610362,0.281327657650518,0.937892166925051,3143.15630272981,0.0156249651370217,312,2,"SNETWORK (2 13 3143.15630272981 0.281327657650518 100000199 312)",100
41,100000200,-0.150979819591509,165,-0.886598059773572,-0.0928456434617663,0.315622755524543,0.310024668600395,0.31737100022456,0.909003581042141,0.894254256193684,-0.112866713618478,-0.366887070792132,0.888865513487748,0.470540664762473,0.867925894778611,0.888865513487748,0.888865513487748,0.490710648890387,-0.649603676230041,-0.763779086856642,-0.0835394735159029,-0.831506941849381,-0.720739219712526,0,-0.434965034965035,-0.700859950859951,-0.150979819591509,10,-0.527397017401656,0.126238199212778,0.125820564895383,0.737269033354892,-0.149761950964985,0.938310585679496,-0.363912249511048,-1.28036485690202,0.116519067799796,2175.0000000001,1.62073421943436,0.0343965686179273,91.0000000001,0.0200176021005351,1.6407518214349,0.075288046493754,0.115037661670899,0.026432200600174,0.781931380239683,0.431647236507805,-0.544900061822457,0.716723361335117,-0.548670147533261,-0.0042349240072114,-0.032069514277099,0.201900126704552,0.00474918661719305,0.387344652467126,0.0797373901406272,0.588193422596355,-0.592748628639441,0.115690488904608,0.102215627178161,0.139017963839622,0.167198521564845,0.22431199381247,0.123079983747657,-0.116955718239344,0.238407586083065,0.238407586083065,-0.109834156757274,1.06316675953723e-11,-0.884443577540363,-0.715821063426991,0.301310435298399,-1.02741308322472,0.799492313460489,0.85633033006406,0.000707227596194665,2175.0000000001,0.0743695125067205,0.000918533887033468,0.501571541771955,0.911249247578927,2612.73224015276,0.0625,1371,2,"SNETWORK (2 41 2612.73224015276 0.501571541771955 100000200 1371)",100
37,100000201,0.54195165407504,128,1.29896932353205,1.22104076566898,1.45807027539656,1.42805593959054,1.43873085382348,0.190148374182323,0.114731969221033,-0.464986923183229,0.54541214462764,-0.501965720124155,0.657665265891998,-0.96472036025085,-0.501965720124155,-0.501965720124155,-0.548882534483927,-0.656904290612427,-0.712935634368209,-0.55649744721055,-0.754129373483843,1.28439425051335,-2.76197604790419,-0.927972027972028,1.1480343980344,0.54195165407504,12,1.20080594320202,2.52217851359593,2.58307151385028,-0.702694867666821,0.538114718675334,-0.472960633920079,0.54622161100078,-0.04044098573989,0.260709831336473,395.0000000001,0.658584592294655,0.0956942141257784,980.0000000001,0.599748012478294,1.25833260467295,0.0380103692143486,1.043796581769,1.12472233250717,0.251059638481498,-0.639372135411669,-1.31193231431701,-0.990450822946071,-0.867588476493621,-0.136976191788343,-0.882691939366607,-1.54427923295303,0.178577569651721,0.0165242080400597,-1.05218430299851,-0.0274288254475577,0.528207847926239,1.07109749798066,2.19258446122347,2.15155944355969,2.28302402457116,-0.529911027036158,-0.863982721904275,0.302940805536612,-0.473222732069645,-0.473222732069645,0.273538614823731,1.06316675953723e-11,-0.0668080794126355,-0.0949996782760261,0.0558274596260102,-0.0726007296107594,-0.863760055858067,-1.13847959472657,0,980.0000000001,0.0198938208796054,0.0181165482347432,0.757387505579667,0.56770791678783,5000.54701397827,0.0312499339939208,1176,2,"SNETWORK (2 37 5000.54701397827 0.757387505579667 100000201 1176)",100
41,100000202,0.511089529638772,253,0.680412427894334,0.334368660703197,0.315622755524543,0.310024668600395,0.31737100022456,0.953444823772795,0.831337912919325,-0.628654401216116,-0.657398707207721,0.300784271858185,0.552633395580801,1.98957358479088,0.300784271858185,0.300784271858185,0.270374542090633,-0.495425136849221,-0.622745216302949,-0.0418917488393413,-0.64475609275834,-0.720739219712526,0,-0.434965034965035,-0.700859950859951,0.511089529638772,10,-0.169699904231878,-1.03770640203921,-1.01835461614692,-0.00293314564240744,0.511400752830537,0.606179294401055,-0.627014429550948,-0.12136965354978,0.0601905577473357,1553.0000000001,0.597799244830646,0.0700850556009243,216.0000000001,0.0968132306029813,0.694612475333628,0.0391543009143418,1.54221008971521,0.570957924638762,0.562321382062572,1.00271418120676,0.645369608294094,0.809767003333433,0.796530720164991,-0.587154348186442,1.0374589980653,0.365451609698337,-0.466197059534864,-0.503822723777197,-1.27016545689302,-0.24707325513675,0.562105955755759,0.451834062908154,0.102215627178161,0.139017963839617,0.167198521564845,0.199066203809606,-0.762833478079568,0.797089376085794,0.210310775372159,0.210310775372159,0.554332246619091,1.06316675953723e-11,0.136148454435468,0.194464793627919,0.883518953814418,-0.0502678307681933,0.241747291477305,0.830448392401226,0,1553.0000000001,0.0336970790035084,0.00545722181083342,0.791780732099183,0.540114068426192,3106.05702160848,0.0625,1459,2,"SNETWORK (2 41 3106.05702160848 0.791780732099183 100000202 1459)",100
17,100000203,-0.332672473976392,159,0.152577399052067,0.406018494492994,-0.241215637293384,-0.241906399880321,-0.243823950879704,-0.243344810049472,-0.239326778010465,0.0931856768118674,1.00514183901251,0.496165295272659,-0.158067098454427,-8.35411747532293e-05,0.496165295272659,0.496165295272659,0.455993660311215,0.0127068753312604,0.0481868505486827,-0.24192035330945,0.0324707950115432,-0.443531827515401,0.0161216029479497,0.044324905863371,-0.265923265923267,-0.332672473976392,9,-0.528412135292097,0.0997451947143794,0.0993818856919708,0.734450769779095,-0.329372970677431,0.78359131133326,1.00530269786912,-0.411575925677917,0.212996162431256,3389.0000000001,1.1540906486399,0.109894078348625,314.0000000001,0.0551696862465469,1.20926033478644,0.0557477298362489,0.324313677688881,0.21503811717426,0.149358446677113,0.711531140979349,0.856650089134534,0.622544670492125,0.86608826923285,0.958952808194658,0.8901983959459,2.13832854162562,1.36411422623656,0.736875505600575,0.18425993088584,1.04638901158881,0.121428129376516,-0.27752634238734,-0.65943161604898,-0.62729665940656,-0.628421247972965,-0.309112975878936,-0.605885170746096,0.313666720517221,-0.290167800775268,-0.290167800775268,-0.0118180534814024,-0.00723278943565833,-0.595598417144103,-0.530497953863696,0.0726090085963329,-0.655808546928011,0.347416550452144,-0.13661994416341,0,3389.0000000001,0.0532043694153062,0.00254336032094269,0.552847333169334,1.08238815115946,2047.54747340762,0.125,578,2,"SNETWORK (2 17 2047.54747340762 0.552847333169334 100000203 578)",100
41,100000204,-0.659141696083621,60,-0.886598059773572,-0.0928456434617663,0.315622755524543,0.310024668600395,0.31737100022456,0.982287484617856,1.16354909928965,0.862774173972271,-0.10966510012677,0.429907606560737,0.479003962199922,0.382017824427688,0.429907606560737,0.429907606560737,0.557830503251093,-0.387473453005799,-0.528335663517957,0.103316518168354,-0.535243245196894,-0.720739219712526,0,-0.434965034965035,-0.700859950859951,-0.659141696083621,10,-0.0391433851022715,0.928610975401785,0.93463240685964,0.174544987138506,-0.659247718014158,-0.460824184259746,-0.10668352552126,-0.249232351792113,0.0600158818863449,772.0000000001,0.296305034891798,0.0562876696323558,609.0000000001,0.219222991691043,0.515528026482841,0.0205501886564555,0.91874294435347,0.867394240797426,-0.408094246657791,-0.498356459609147,-0.125489890476937,-0.663252906329379,-0.109185204508024,-0.399206778730724,-0.0557929697474959,-0.0495159964500327,-0.130437816677948,-0.000392408221838709,0.0428577489925186,-0.0878121931525002,-0.658232714974315,-1.30374704394875e-15,0.102215627178161,0.139017963839617,0.167198521564845,-0.510335699600921,0.100899196616414,-0.149044264651246,-0.457745618551717,-0.457745618551717,0.189877541578395,1.06316675953723e-11,0.4566481141708,0.456239269214277,-0.185698473268078,0.55905824679076,-0.0509750391252742,0.0599588267363127,2.33600266936019e-13,772.0000000001,0.0118114322084919,0.00873875634796357,0.152846568157818,0.0765800643712282,2019.93684589814,0.0625,1266,2,"SNETWORK (2 41 2019.93684589814 0.152846568157818 100000204 1266)",100
17,100000205,0.262614564915298,246,0.152577399052067,0.406018494492994,0,0,0,-0.509469725396797,-0.583658210974414,-0.177425105368646,0.691356615487654,-0.0783005305333501,-0.377994287038834,0.156962691429666,-0.0783005305333501,-0.0783005305333501,0.374855997538067,0.239239928803887,0.306010671961492,0.0176017361414308,0.270552648509746,-0.443531827515401,0.0161216029479497,0.044324905863371,-0.265923265923267,0.262614564915298,9,-0.385303235798185,0.371963624916484,0.371873309724428,0.512996632681558,0.261817223161713,0.934655582467145,0.692896661856314,-1.12925000475055,1.34787722341722,656.0000000001,1.41367881089962,0.232382530652822,3810.0000000001,1.41554939006427,2.82922820086389,0.124335596430951,-0.459087359891452,-0.477501386116469,1.32210378656757,1.53232973438816,0.314553332029001,0.64744106749949,0.303283390921334,0.83439100451573,0.716490942412964,1.42448780558209,-0.492832878544015,-0.511732087785939,-1.00963442585986,-0.0822864763426732,0.121428129376515,-0.277526342387342,0.0213555999908502,0.0290446002168213,0.0349322784017851,1.32420579181963,0.513464599890586,-0.18799351639446,1.84805458707008,1.84805458707008,1.06249479840377,1.06316675953723e-11,-0.21154553742164,-0.16343861868088,0.327477489397119,-0.296748238391306,1.79333675631513,0.763182590065885,0,3810.0000000001,0.062126695157974,0.0622089011729774,0.859817611512825,0.726078342891569,2558.6917010724,0.125,665,2,"SNETWORK (2 17 2558.6917010724 0.859817611512825 100000205 665)",100
17,100000206,-1.02490845341549,11,-0.711340194022643,-0.147031598306002,-0.358045591966192,-0.357303355798844,-0.355675841278248,0.00331755032528241,0.00287930957248082,0.40796205055329,1.43338854145485,0.607237661829297,0.0680467522273032,-0.105013233493385,0.607237661829297,0.607237661829297,0.515857833059521,0.017415985450046,-0.00314998893583491,-0.574925528314516,0.0993710335800937,-0.596303901437372,0.141716566866268,0,-0.395577395577396,-1.02490845341549,9,0.791604877101154,0.448670068653537,0.44898503945292,-0.601530304854558,-1.01730072230091,1.253496684392,1.43196592641517,-0.136322662185419,0.434768371682031,900.0000000001,0.625600412927417,0.205590701705551,3085.0000000001,1.01404029192695,1.63964070475437,0.0710932585623415,-1.70462221888062,-1.70652056482194,1.28009281038314,0.458451016985031,-1.37491884451621,0.818179429263332,-1.30760819947835,1.20258929107904,-1.62387088104208,-4.69820000983549,-2.3533866497011,-1.91150204778323,-1.75605272048593,-0.460730553781487,-0.675181930528773,-0.587156310063935,-1.4058558810172,-1.37829262321507,-1.40813399619979,0.853514667503202,-1.60021175155772,1.13216159758539,1.05727408641358,1.05727408641358,12.7511370222693,1.06316675953723e-11,0.786636314916051,0.61576343073611,-2.45234833110321,1.46805166935184,0.359808911391094,0.0223249987672953,0,3085.0000000001,0.027125437735862,0.0439678207264795,0.0368472624545665,0.655315745488554,1188.34227919873,0.125,430,2,"SNETWORK (2 17 1188.34227919873 0.0368472624545665 100000206 430)",100
29,100000207,-0.808981567462924,88,-0.790377993358492,-0.853832397374456,-0.959757100198023,-0.960709455694412,-0.961711264614227,0.52658779284841,0.487038448617873,1.74498288889748,-0.0176970880802617,0.967521042634857,-0.16714579944072,2.82404890121464,0.967521042634857,0.967521042634857,0.0190180067909007,-0.563411620318482,-0.663873126493497,0.187765264559383,-0.772510228390706,1.05602816075095,-3.18648417450813,-1.88851148851148,0.604422604422604,-0.808981567462924,8,-0.325354121368502,0.1145167322911,0.114120960051003,0.371539290327282,-0.805520181778724,-0.438543836375851,-0.0152702317564725,0.287548399936975,0.929697592527411,254.0000000001,0.377546274068694,2.17306373242887,63.0000000001,0.218880856216999,0.596427130185693,0.0274243329735362,1.68280260895266,1.54755483920526,-0.517673945511259,0.572238968940547,1.58279682745765,-0.461198357947316,1.59627956537869,-0.192647084741172,1.67067824832632,1.72989520979989,0.376762985507696,0.244541965562579,0.0610582900269676,0.243623902382754,-0.471792152073761,-0.752292666128179,-1.14865192444346,-1.11641271156254,-1.1168788273791,-0.0431328883933371,-0.147268236155676,0.894679761753246,-0.043048723991624,-0.043048723991624,0.461393023282754,-0.858431941198834,0.306639896486138,0.284446407213799,0.0272641338755932,0.343315615547206,-0.650904314406687,-0.530707282638162,0,254.0000000001,0.0173599659877865,0.0100643668857497,0.536832829286136,0.730363638857647,1186.4684864671,0.25,883,2,"SNETWORK (2 29 1186.4684864671 0.536832829286136 100000207 883)",100
41,100000208,0.0774502769704067,198,-0.419244275461604,0,0.315622755524543,0.310024668600395,0.31737100022456,0.973301549248194,0.883114529683038,-0.36755769382372,-0.444522641251277,0.804090030983476,0.669477261913799,0.572978565662871,0.804090030983476,0.804090030983476,0.442729519145683,-0.649683985753896,-0.770101614511039,-0.260116898979762,-0.79928280751936,-0.720739219712526,0,-0.434965034965035,-0.700859950859951,0.0774502769704067,10,-0.650931232471061,0.526829338137998,0.527703257451784,1.09165543301585,0.078409462508304,0.558444032950084,-0.44134083688078,-0.338248649411391,0.267501036397041,1432.0000000001,2.44976274698074,0.0564812943207834,428.0000000001,0.154598027418114,2.60436077429886,0.111384742806941,1.89239636480988,2.18181254954474,-0.0492768226859317,0.991286988270234,1.48173047642518,0.352149203358764,1.39031615847708,-0.313331324227579,1.40555291298632,0.73888613871622,0.15425270307311,0.390962645256887,0.051763457304019,0.670010044200107,-0.353148128111645,0.538992472803681,0.102215627178161,0.139017963839622,0.167198521564845,0.411432954202867,-0.191166169871325,1.17753195886633,0.457320346813752,0.457320346813752,0.28846477392152,-0.113923602966362,0.0523997468109212,-0.0282415699703691,0.425561746212824,-0.0313591864185382,-0.159886650476907,-0.474589202785513,0.00692458010612243,1432.0000000001,0.104772808728198,0.00661193397874217,0.611098893376785,0.977565540727378,2798.91709781682,0.0625,1404,2,"SNETWORK (2 41 2798.91709781682 0.611098893376785 100000208 1404)",100
3,100000209,-0.315307038276362,103,-0.226804037760009,-0.273941878615531,-0.467885001197052,-0.45962963966976,-0.447550990366083,-0.348310451607122,-0.41601545709475,0.577568739865341,0.797198975260664,-0.0581699256354392,-1.20969951014309,-0.138277566075319,-0.0581699256354392,-0.0581699256354392,-4.39215741795364,0.17222019342492,0.234161434651671,1.15068179024604,-0.0213661240755145,0.0739219712525668,-0.0898203592814364,1.0005994005994,0.837837837837838,-0.315307038276362,7,0.429625315206453,3.54965256017218,3.67157067951948,-0.105623054454489,-0.31547009451557,-0.131409663765278,0.797518068982573,-0.211533429835445,0.299558475600785,7393.0000000001,3.54076702724971,0.155341882630289,972.0000000001,0.241407002415281,3.78217402956499,0.0956570671900959,4.7453641356606,6.50804572536613,-0.487152477902314,-0.221894669090143,0.340652387531972,-0.871605539493047,0.191324129042445,0.0646537077810409,0.463652902015106,0.968659815578451,0.690921848201068,0.658700741606676,-0.808116937165941,1.2134884885589,-0.183656619125852,-0.461007527196321,-0.897784372821835,-0.860982036160378,-0.83280147843515,0.292974250997036,-0.49618493599099,1.28563818717098,0.316521662078984,0.316521662078984,-0.177478381331735,-4.24049308743479,0.282038539666568,0.234379207028191,0.69128821633616,0.155956376649435,0.0194956742156376,-0.799842245578507,0,7393.0000000001,0.0895515083197718,0.00610555877032404,0.526201986629262,0.0252551108818075,1949.22763174155,0.0624998605480869,104,2,"SNETWORK (2 3 1949.22763174155 0.526201986629262 100000209 104)",100
17,100000210,-0.808683385101374,66,-0.711340194022643,-0.147031598306002,-0.358045591966192,-0.357303355798844,-0.355675841278248,-0.0457283785071387,-0.0377432240543784,0.303589657241391,1.30435423506263,0.688888242868873,0.0542319358535592,-0.0972029106127248,0.688888242868873,0.688888242868873,0.508351517815619,-0.0110502843152818,-0.0114991134656356,-0.452468660233204,0.0410647041528845,-0.596303901437372,0.141716566866268,0,-0.395577395577396,-0.808683385101374,9,0.72353642834991,-0.681428461775584,-0.672019781511173,-0.607697823601502,-0.806160186094867,-0.170669915251912,1.30352799429393,0.11176497489754,0.163568762384291,948.0000000001,0.247916412916359,0.136383970805465,1252.0000000001,0.273000997590336,0.520917410406696,0.0275650714502054,-0.841111228239642,-0.417923330366881,0.110375308241969,-0.226363355245179,-0.530380631014591,0.0280871686755944,-0.6167075850671,0.776788785475757,-0.114611982666251,-0.30506761197846,0.509387135530634,0.566553729938903,-0.893992999485846,1.02402730221788,-0.338445160915324,-0.53707119364308,-1.4058558810172,-1.37829262321507,-1.40813399619979,0.15171318478305,0.915551728662753,-0.250851780475856,0.158495613994512,0.158495613994512,-0.718229791713963,1.06316675953723e-11,-0.356678790937316,-0.397510968054654,-0.735347412740647,-0.198947438829393,0.749442388268811,0.734414354090529,0,1252.0000000001,0.0131188427819036,0.0144462285683018,0.223536651396823,1.03894094029615,1499.20365652505,0.125,485,2,"SNETWORK (2 17 1499.20365652505 0.223536651396823 100000210 485)",100
12,100000211,0.44569558665964,254,0,-0.0695595240108285,-0.467885001197052,-0.45962963966976,-0.447550990366083,-0.680525916236798,-0.789078179757384,-0.0649300671910269,0.0392970451434113,-1.16883652163288,-1.74060637036018,-0.0609816136840211,-1.16883652163288,-1.16883652163288,-5.42584927151588,0.499397039023095,0.643230385995079,1.71761555635164,0.287324504480037,0.184804928131415,-0.778443113772456,0.103496503496504,0.51023751023751,0.44569558665964,7,0.206659658154892,-0.0673595971181838,-0.0669712493139856,-0.268595132197459,0.442659236895152,0.367255987086345,0.0412129629210755,-0.621058499245776,0.057436689986986,3746.0000000001,0.343995063938573,0.0623648356528802,1562.0000000001,0.155745621351999,0.499740685190572,0.0237262823858392,-0.386010679669706,-0.477854039967011,0.306009596837395,0.0553235387536661,-0.393861486723945,0.362672476809482,-0.410579115695059,0.289000693846287,-0.178306142438725,-0.190132918882103,0.656404864971041,0.619786609680008,-0.844362698397514,0.956964682116541,0.223123099423871,0.103212322371745,-0.37776487460819,-0.329824023859337,-0.264818164085291,-0.00169653397305282,0.4871781836214,0.595260411464223,-0.00171031471867564,-0.00171031471867564,-0.0748164999807725,-0.894524902952509,-0.487242759717405,-0.571479368069434,0.240959005300507,-0.577802376492489,0.719490954756889,0.939096651253331,0,3746.0000000001,0.0163319181989156,0.00739436408692361,0.675587277134876,0.932295218110085,2822.03024146174,0.0312499302740435,254,2,"SNETWORK (2 12 2822.03024146174 0.675587277134876 100000211 254)",100
41,100000212,-0.281765679840688,140,-0.886598059773572,-0.0928456434617663,0.315622755524543,0.310024668600395,0.31737100022456,0.967739928108477,0.996303433362579,0.160644114042219,-0.289777627935561,0.807381912882211,0.557816880776669,0.396312602349403,0.807381912882211,0.807381912882211,0.500476155540531,-0.769620557992274,-0.888047556088499,-0.220958947826886,-0.957656574266916,-0.720739219712526,0,-0.434965034965035,-0.700859950859951,-0.281765679840688,10,0.317171627928444,0.774494640715708,0.77809734503829,-0.32030669781319,-0.280177604424788,-0.161638494263958,-0.28635850248736,0.712774814858052,0.120878354163272,1016.0000000001,0.785412457086305,0.132170149990258,1580.0000000001,1.33550650840375,2.12091896539006,0.0868560797923907,0.971172003242964,1.10425269511182,-0.625959401827302,-0.331405673309401,0.446064150638516,-0.312033604259402,0.401126390255511,-0.407292532909278,0.370572938502998,0.254902141818012,-1.87255876277298,-1.15872499093372,-0.000929569778976097,-0.437676723058614,-0.658232714974315,-1.30374704394875e-15,0.102215627178161,0.139017963839622,0.167198521564845,0.012931938047426,-0.313588410859392,1.07683425606649,0.0130757662419443,0.0130757662419443,-1.05542432898715,1.06316675953723e-11,1.17734945227835,1.21888519354338,2.6922939652965,0.653135936080899,-0.131177362091575,0.827632386623902,0,1580.0000000001,0.0321642873074453,0.0546917923849455,0.422870760030004,0.20860598866546,2478.94927514926,0.0625,1346,2,"SNETWORK (2 41 2478.94927514926 0.422870760030004 100000212 1346)",100
17,100000213,-0.522599659045482,128,0.152577399052067,0.406018494492994,-0.358045591966192,-0.357303355798844,-0.355675841278248,-0.148739406677635,-0.134087831983178,0.193336592186778,1.11177036646753,0.650051401951308,-0.0601269436911876,-0.0618924502156414,0.650051401951308,0.650051401951308,0.478952429969922,-0.0168632700270809,0.00593356521212962,-0.348891164953335,0.0147739228502256,-0.33264887063655,-0.333618477331052,-0.204195804195803,-0.181818181818182,-0.522599659045482,9,0.572563577575167,0.553568388793008,0.554667113159223,-0.46912173294812,-0.516451836679074,0.144548021067186,1.11115911411092,0.780518142878951,0.0831163710408769,2140.0000000001,0.284378605803228,0.0814152882503105,1024.0000000001,0.133291512432745,0.417670118135973,0.0177795767196378,0.34505989257446,0.415673353798903,-0.159696663017159,0.41125071485808,0.870276617866229,0.0208519839540855,0.812868991349489,0.704133016440766,1.24237564760607,3.10805631574951,1.20768629579147,0.829143851614582,-0.725262736054003,1.37090952060749,0.121428129376515,-0.277526342387344,-0.710154195027684,-0.678329904003171,-0.681405915418525,-0.178028329977998,-0.43804254369982,0.654068353621232,-0.17221393542753,-0.17221393542753,-0.231709071813477,1.06316675953723e-11,-0.389286204342389,-0.44246727004807,-0.0579274004678651,-0.398311331091944,0.623133471119267,0.557840965245777,0,2140.0000000001,0.0121055612809026,0.00567401533873517,0.444707766249331,2.42693041525827,1867.48145622963,0.125,547,2,"SNETWORK (2 17 1867.48145622963 0.444707766249331 100000213 547)",100
3,100000214,-0.539073565680555,49,-0.494845044588713,-0.486027089260215,-0.640656641110964,-0.630828421199535,-0.621755757978306,-0.320401561898224,-0.395790440787676,0.675764417633584,1.05288943080704,0.0748828055232168,-1.12419038001515,0.36877185660037,0.0748828055232168,0.0748828055232168,-4.86408333560953,0.250763028294742,0.278148419170981,1.33155249683233,0.0445448669184798,0.0221765913757709,0.149700598802395,1.22237762237762,0.834152334152334,-0.539073565680555,7,0.855358617275711,-0.369483069935004,-0.365908488607441,-0.61079852179684,-0.536314504206739,0.847292730212978,1.05293273196382,0.00685766884028264,0.349177281075279,2493.0000000001,1.39175660716603,0.218732626872843,3146.0000000001,1.100189057554,2.49194566462003,0.124786899419574,4.33866389727979,0.932921703038394,0.757513563421342,0.438584091668332,-0.448810992755079,0.793909135790919,-0.493712030199427,1.05760954419245,0.0656395698826448,0.162335247345372,0.464688745321216,0.0471134111675687,-0.911133500776864,0.13782499458401,-0.327724466419656,-0.606650446634182,-1.18926697056759,-1.14241875549932,-1.14014680236341,0.436266612536587,0.965515514102458,-1.6385538685741,0.48783837585557,0.48783837585557,0.249845779388515,-1.75968719038633,-0.826424949676949,-0.8525566615302,-1.61859192544103,-0.50005923965255,0.339026423624654,0.477789267353298,0,3146.0000000001,0.0696937313184764,0.0550931680010977,0.305128953107109,0.461304613182003,1630.46226543922,0.0624998605480869,50,2,"SNETWORK (2 3 1630.46226543922 0.305128953107109 100000214 50)",100
41,100000215,0.423765711306242,242,0.680412427894334,0.334368660703197,0.315622755524543,0.310024668600395,0.31737100022456,1.05121555778024,0.912552311339387,-0.543256833972312,-0.546857483673792,0.639045251513806,0.968603116355213,0.565994799708921,0.639045251513806,0.639045251513806,0.363456390214021,-0.785534951853157,-0.903565668901789,-0.429205394232348,-0.939597667652389,-0.720739219712526,0,-0.434965034965035,-0.700859950859951,0.423765711306242,10,-0.577598909704061,-0.526230566403732,-0.520053216955841,0.720277645875282,0.420600018118976,-0.0967037991430914,-0.543448495294449,-0.0776491598160987,0.141823484861167,1260.0000000001,1.14281053889793,0.0601557747477839,324.0000000001,0.124645864373829,1.26745640317176,0.0652521443070722,-0.102593644638135,-0.477390022945382,-0.153531264123408,-0.425059354532181,-0.41765988652204,0.0656969508112798,-0.472553110102046,-0.685047252931381,-0.276909034894169,-0.0890768948633649,0.557627184908441,0.579279308069622,-0.0987388684448259,0.7972365788948,0.562105955755759,0.451834062908155,0.102215627178165,0.139017963839622,0.167198521564845,-0.0380592343069131,0.437632098608639,-1.70933585973945,-0.0380299531530726,-0.0380299531530726,-0.0506618828110241,-0.141589138575742,-0.716678771543575,-0.673808161036503,-0.647434251136273,-0.614472586540217,0.485622063719197,0.21015068126337,0,1260.0000000001,0.0588350320360348,0.00641711217103737,0.754469610074767,0.275702749680681,3042.63207942175,0.0625,1448,2,"SNETWORK (2 41 3042.63207942175 0.754469610074767 100000215 1448)",100
29,100000216,-0.826247675196478,84,-0.790377993358492,-0.853832397374456,-0.959757100198023,-0.960709455694412,-0.961711264614227,0.523978606763645,0.482144115956943,1.72936735812802,-0.0154096424978059,0.976453793696088,-0.165011407332708,2.80545001482689,0.976453793696088,0.976453793696088,-0.0090845145884016,-0.552923916446301,-0.647595411742374,0.20701100418555,-0.762809987984056,1.05602816075095,-3.18648417450813,-1.88851148851148,0.604422604422604,-0.826247675196478,8,-0.117777310035673,0.928528863588502,0.934548861568049,0.189969165035126,-0.82651379462245,-0.390793862962263,-0.0133792654183876,-0.405877882368708,0.31939296065507,5720.0000000001,2.92089627228618,0.91764073411877,159.0000000001,0.233273053245067,3.15416932543124,0.125734590577869,1.71529117748089,1.88202893042384,-0.0230354856765203,-0.621109745727474,-0.853592429528448,-0.584421679388578,-0.745868758144707,-0.262677349770546,-0.953291446850794,-0.986306839989881,-0.00840210171384139,0.159484701075991,0.165629183414048,0.446212886399253,-0.471792152073761,-0.752292666128177,-1.2755977736078,-1.24566644523131,-1.26063101141846,0.743291151739304,0.460477473252012,-0.396926789114259,0.895900250292167,0.895900250292167,0.904015644351986,-3.71119562818387,0.66168158144513,1.15316289883363,1.21146468833729,0.446093400528552,-1.19711483057994,-1.61159621452005,1.7232907534642e-13,5720.0000000001,0.11643563129671,0.00929895918115837,0.512885766923607,0.720911180831964,1164.25244080733,0.25,879,2,"SNETWORK (2 29 1164.25244080733 0.512885766923607 100000216 879)",100
28,100000217,0.503051232254188,237,-0.268041164135857,-0.507523118116241,-0.715996162004961,-0.715344983900652,-0.711097017555422,0.701759996850949,0.796380688973545,1.96782514492446,-0.604825255334412,-1.38389389079144,-0.461139289030182,1.76639495753102,-1.38389389079144,-1.38389389079144,-0.355909346255037,-1.07544057136114,-1.08235801307051,0.378492478422329,-1.45294615379859,0.468172484599588,-2.26546906187625,-1.53286713286713,0.194922194922195,0.503051232254188,8,-0.596019358033106,-0.03181212584854,-0.0316431640871188,0.852833859507709,0.509950975972082,1.79456267125105,-0.601242096469442,0.347863692903258,0.0652420590830441,6457.0000000001,0.673524209179899,0.0368458022044078,2371.0000000001,0.139673602626414,0.813197811706313,0.0383673365949217,-0.59864018397888,2.21453044106721,2.21995334288076,1.8794508373171,-0.533177212459906,1.24201168302079,-0.552169135042927,-0.300555305725866,0.160245441351235,0.0462532111813825,-0.680666241320507,-0.652683821165401,-0.135163365817486,-0.218955121838679,0.121428129376515,-0.277526342387342,-0.897784372821835,-0.860982036160378,-0.832801478435155,1.48237425846989,-0.914056642705253,1.63583426549025,2.15528366907146,2.15528366907146,-1.3042629966339,1.06316675953723e-11,-1.10042628384309,-1.14131360880585,-0.43202273635393,-1.08680797502677,-0.368281706752176,0.0824241698422766,0,6457.0000000001,0.0317774219241933,0.00658991457072839,0.509273977411261,1.7096379473578,2020.45916165305,0.125,778,2,"SNETWORK (2 28 2020.45916165305 0.509273977411261 100000217 778)",100
3,100000218,-0.134806319489193,143,-0.226804037760009,-0.273941878615531,-0.467885001197052,-0.45962963966976,-0.447550990366083,-0.392262788027942,-0.457104563338556,0.54494787918722,0.69067778993146,-0.136927848433195,-1.27254748360764,-0.290833670374302,-0.136927848433195,-0.136927848433195,-4.44314622242611,0.147687564953581,0.219407561152311,1.05532953077982,-0.0348400594780869,0.0739219712525668,-0.0898203592814364,1.0005994005994,0.837837837837838,-0.134806319489193,7,-0.0106116581026496,-0.206899131442742,-0.205335077425155,-0.0812169201367824,-0.134469035570167,-0.184358821779831,0.69243372193144,0.229141473969296,0.546765347216329,4018.0000000001,3.51241601654889,0.17133386198522,2500.0000000001,0.684822857010256,4.19723887345915,0.204235655179048,-0.45084905974672,-0.114014966532102,-0.0683948617888362,-0.465916773774167,-0.614843622977566,-0.10307236814343,-0.656815844938728,0.462091296904661,-0.339409044900728,-0.652376271847945,0.810515207801373,1.20790727300491,0.260060713037486,4.06709356861708,-0.183656619125852,-0.461007527196319,-0.79480918853054,-0.740730076316156,-0.697549725125517,0.454447407442739,-0.164407154372258,0.376008765642738,0.510406287574966,0.510406287574966,-0.291025633678457,-1.61810744535946,-0.631844546176489,-0.585836652828216,0.107333950200685,-0.703895171643693,0.0404150263245457,0.0808369658638779,0,4018.0000000001,0.170912499305873,0.0333231557731747,0.6878675531979,2.0282980799675,2182.33332864493,0.0624998605480869,144,2,"SNETWORK (2 3 2182.33332864493 0.6878675531979 100000218 144)",100
17,100000219,0.248822513375082,245,0.152577399052067,0.406018494492994,0,0,0,-0.508278066677473,-0.583083338579002,-0.177425105368646,0.696404719122697,-0.0727039932218427,-0.381849674138561,0.162683655903202,-0.0727039932218427,-0.0727039932218427,0.375329455850289,0.238626988428188,0.305601750895211,0.0174083598821218,0.269814993098933,-0.443531827515401,0.0161216029479497,0.044324905863371,-0.265923265923267,0.248822513375082,9,-0.477011902023219,0.05938517717826,0.059138571157185,0.626001415340571,0.253974898468387,1.5208631577429,0.697183756991222,-0.449659110425819,0.112461218888878,1482.0000000001,0.266469535091095,0.107503505452416,4026.0000000001,0.691979089002891,0.958448623993987,0.0445000804913709,-0.481285987733706,-0.356904173855201,0.93196595716891,1.22864433035661,0.45464613001231,1.07494558788425,0.462790221049005,1.03271139483474,0.8058952583171,1.60199028039179,0.397188869855222,0.325927519529894,0.156203657617778,0.89473003047022,0.121428129376515,-0.277526342387342,0.100954970951685,0.137303413270929,0.165136411659656,0.856085477471426,-1.51882164553383,0.904454737408781,1.06113796942914,1.06113796942914,-0.126840485963117,1.06316675953723e-11,-0.690156331421459,-0.52322021531814,-0.294547899531283,-0.670674198345929,0.517056059334236,-1.47736674505542,0,4026.0000000001,0.0123719888926113,0.0321280914987596,0.855809407468481,1.54253119602799,2552.01753583522,0.125,664,2,"SNETWORK (2 17 2552.01753583522 0.855809407468481 100000219 664)",100
16,100000220,0.647730894643387,294,0.152577399052067,0.406018494492994,0.0737102907633875,0.0682577010310203,0.067165878475577,-0.668971263284287,-0.744978039219037,-0.32914420686878,0.429639882286508,-0.202242221774378,-0.452455620066026,0.434295342951228,-0.202242221774378,-0.202242221774378,0.37664644397092,0.544356177611547,0.636627139140025,0.268365179942373,0.60931290981458,-0.443531827515401,0.0161216029479497,0.044324905863371,-0.265923265923267,0.647730894643387,9,-0.478304069168593,0.922570167316509,0.928486550126768,0.785395381117207,0.64889955775405,0.860070759368007,0.431513542123763,0.539553273593671,0.0858500105554942,568.0000000001,0.0779624113512596,0.10986858287809,8128.0000000001,1.42775533628327,1.50571774753453,0.0600849858595628,-0.0354464028135847,-0.601525797679906,0.835861576706251,0.727341687211826,-0.177613983906298,0.452814937846178,-0.154933279039404,0.604118423032014,-0.832196353685695,-1.31514378161592,0.0529875348191963,0.256202921691402,0.127503590090528,0.484009464618813,0.562105955755759,0.451834062908157,-4.52365144789511e-15,-4.51494518067087e-15,4.84823954093274e-15,0.218829014202998,0.257471551452098,-0.602085130210152,0.232277208167104,0.232277208167104,0.0276857798121047,-0.136666801274543,0.410148793377582,0.43641878511792,0.74816633337723,0.282527327930877,0.834719803991277,0.262851478991773,0,8128.0000000001,0.00311105476294906,0.0569739309966138,0.100875832111429,2.43898916506441,2828.24412379855,0.0625,362,2,"SNETWORK (2 16 2828.24412379855 0.100875832111429 100000220 362)",100
43,100000221,0.0492677834577886,109,0.12371145778112,0.869954874556633,0.965149594579297,0.947078472655203,0.966783102940535,-0.041019050445946,-0.0374748707393603,-0.466513185674957,-0.331175403836952,-0.459232806126715,0.701172668590745,-0.800607511568582,-0.459232806126715,-0.459232806126715,0.244006705790678,0.47149384159646,0.27460574090986,-0.29228604701321,0.620088978284471,-1.14579055441478,2.23053892215569,2.01958041958041,-0.227886977886978,0.0492677834577886,11,0.471257272014898,0.103553600731686,0.103181397461148,-0.440687261172732,0.0493931699000799,-0.383758901276151,-0.328303573986697,0.852138707375393,0.432735305379493,4.0000000001,1.70588906438897,0.201781764726503,2.0000000001,0.39772269738138,2.10361176167036,0.0969129816603028,0.328028192754735,0.738987747198634,-0.316045499973559,-0.0924831621740856,0.343959800139181,-0.394548364745599,0.347390202710019,-0.512787387854622,0.244455400051929,0.155296716076839,-0.417184019727691,-0.270891450850626,-0.0126165067421379,-0.243964336055865,-0.353148128111646,0.538992472803681,2.19258446122347,2.15155944355969,2.28302402457116,-0.589433003564102,-0.130496468948662,0.157824643121733,-0.519423187981586,-0.519423187981586,-0.0153196088138959,-0.0409242947343785,1.15087336926957,1.21361445019842,1.00939648791301,0.948731545235694,-0.773391419564227,-0.404703686016522,0,4.0000000001,0.0785899748478044,0.0183230067124985,0.427559583309426,0.343002317997055,3421.24180201652,0.0312500660060792,1578,2,"SNETWORK (2 43 3421.24180201652 0.427559583309426 100000221 1578)",100
37,100000222,0.267278927921508,69,1.29896932353205,1.22104076566898,1.45807027539656,1.42805593959054,1.43873085382348,0.110379074113017,0.03719609407927,-0.501641988978297,0.653402858777827,-0.364235855894269,0.622416838935302,-1.08215241968732,-0.364235855894269,-0.364235855894269,-0.525860287583716,-0.560006232899609,-0.606923272502017,-0.479922399393075,-0.645986922490432,0.665297741273101,-1.69993346640053,-0.507226107226108,0.644007644007643,0.267278927921508,12,-0.420158765481601,0.604817334237614,0.606394481632693,0.615457458700764,0.268494356314406,-0.209335366687479,0.653886056460576,0.131326082127898,0.116581673952306,291.0000000001,0.21696033242673,0.104867516115613,1066.0000000001,0.71491638010094,0.93187671242767,0.039313728878058,0.89787516131463,-0.689571655883343,-0.616142084680809,0.501557194421165,1.72374662773167,-0.320570649529824,1.59547755884678,0.325915326409354,1.49756850009731,2.84386070463625,0.25199171237063,0.324210681580628,0.256356424019818,0.267122266331672,0.528207847926239,1.07109749798066,2.19258446122347,2.15155944355969,2.28302402457116,0.297552088436399,-0.0808361397231025,1.0910412586024,0.321819312883093,0.321819312883093,0.747796650500849,1.06316675953723e-11,0.171242219538983,0.13846178771746,0.672244569107173,0.0392079606250915,-0.639858981136783,-0.97017139604737,0.0102944045265103,1066.0000000001,0.009153055922371,0.030160672855687,0.401078559865983,1.69518590875668,4638.85178781481,0.0312499339939208,1117,2,"SNETWORK (2 37 4638.85178781481 0.401078559865983 100000222 1117)",100
41,100000223,0.292681867157635,225,-0.419244275461604,0,0.315622755524543,0.310024668600395,0.31737100022456,0.995560358692744,0.885019529688967,-0.453017831330064,-0.488401380933771,0.600730268809751,0.763955709376149,0.488037634902185,0.600730268809751,0.600730268809751,0.405620961092831,-0.701486569786469,-0.832408176055703,-0.282618875607188,-0.860471301537679,-0.720739219712526,0,-0.434965034965035,-0.700859950859951,0.292681867157635,10,-0.455581153801798,-0.108817380267733,-0.108132228284274,0.55670305062317,0.290394519333145,0.306002270986823,-0.485060762750074,-1.16452231772725,0.162697083832954,904.0000000001,0.940597322904524,0.0643887004456616,314.0000000001,0.129298904980147,1.06989622778467,0.0511681032140077,0.210183322729754,0.329856584283114,1.13851955995983,-0.232227239435406,-2.09824406151554,0.324088509522418,-2.20170106655523,-0.41631582903007,-2.02843245541999,-0.870114271444247,0.184199274608374,0.512606165311759,-0.935308997260948,0.732936817198372,0.562105955755759,0.451834062908154,0.102215627178165,0.139017963839613,0.16719852156484,0.102647572060514,0.304230659563739,-1.14733361824287,0.10600214181052,0.10600214181052,0.289068700400549,1.06316675953723e-11,-0.603096254457492,-0.573832715303091,-0.951620025826995,-0.416587038827645,0.353316405014281,-0.123479232249706,0,904.0000000001,0.0449843447959201,0.0061837583180876,0.698845949463465,0.582479273551144,2948.07776780985,0.0625,1431,2,"SNETWORK (2 41 2948.07776780985 0.698845949463465 100000223 1431)",100
36,100000224,0.806103280606327,186,1.29896932353205,1.22104076566898,1.45807027539656,1.42805593959054,1.43873085382348,0.425435673922881,0.373641334233081,-0.219804988067233,-0.0461518225861439,-0.327413327574931,0.846698279064798,-1.70970420349981,-0.327413327574931,-0.327413327574931,-0.608397129920689,-0.563108543596125,-0.679436456758217,-0.940416710925143,-0.565597684813998,0,0.0419161676646709,0.81118881118881,0.42997542997543,0.806103280606327,12,-0.05644682897349,0.180916247679253,0.1804420597409,0.015215918309233,0.803559727207483,0.148801502321257,-0.0437674262198919,0.0989554150968253,0.105404047349397,364.0000000001,0.245366762556958,0.0868829221277355,1426.0000000001,0.792338950822198,1.03770571327916,0.0471607685813452,1.3016236674812,1.31364434515655,0.0335195790409148,-0.0233697986575821,-0.080317312924828,0.117421916496271,-0.0802082957292502,0.0916739619371372,-0.209944450141311,-0.190212279593701,0.336327444960233,0.338643043124177,-0.965950582754817,0.377298982356533,0.564229446105128,1.09547150482427,2.19258446122347,2.15155944355969,2.28302402457116,-0.192199484244623,-0.662284652585174,-1.97448610160121,-0.185316595869292,-0.185316595869292,-0.467505033031893,-0.36248366220091,-0.510469883404503,-0.303925404295266,0.258386665585984,-0.607451891677209,-0.361936582773683,-0.207225311616391,0,1426.0000000001,0.0111512203607305,0.0360095481206146,0.496299712034059,0.84630261361599,5341.85863633535,0.0156249669969604,1034,2,"SNETWORK (2 36 5341.85863633535 0.496299712034059 100000224 1034)",100
37,100000225,0.666385171274278,159,1.29896932353205,1.22104076566898,1.45807027539656,1.42805593959054,1.43873085382348,0.262502551084235,0.186225824458476,-0.462631263887465,0.4387261664574,-0.549267035267391,0.726237469061046,-1.11600884373355,-0.549267035267391,-0.549267035267391,-0.575706404326119,-0.747337878180475,-0.822805494569824,-0.816636540010328,-0.820515211920427,1.28439425051335,-2.76197604790419,-0.927972027972028,1.1480343980344,0.666385171274278,12,-0.3801316749711,1.17210932929112,1.18304967435914,0.641522796867808,0.663942516850746,0.272781969777204,0.46915040722126,-1.04388213068008,0.0833043942107673,276.0000000001,0.147039512539146,0.0825575209438721,569.0000000001,0.300418014371223,0.447457526810368,0.0170936321776343,0.811669859623948,0.430282202935294,0.420201236264741,0.123100059405911,-0.448218034862928,-0.0257532672943009,-0.374855690710805,0.386611478398373,-0.187652288982108,-0.228586344633574,-0.358744223088304,-0.00017122340803709,0.23276002328886,-0.144054086751503,0.528207847926239,1.07109749798066,2.42772220534927,2.37224945015445,2.50808572648826,-0.288732788377166,0.150303024653822,0.158266962625829,-0.272299994781095,-0.272299994781095,1.12632691676532,-1.12692807786007,0.728067532066069,0.91034582509418,1.41965126084709,0.468508340952959,-0.640886971957585,0.852911432212745,0.0213817957180212,569.0000000001,0.00561715733108318,0.0114764747465512,0.942113803316872,1.49149340859862,5188.06579744459,0.0312499339939208,1207,2,"SNETWORK (2 37 5188.06579744459 0.942113803316872 100000225 1207)",100
29,100000226,-0.860779890663585,76,-0.790377993358492,-0.853832397374456,-0.959757100198023,-0.960709455694412,-0.961711264614227,0.49990782816557,0.449922686987771,1.69556044748059,-0.0116103359884131,0.982743124679692,-0.160097445974575,2.78566357788015,0.982743124679692,0.982743124679692,-0.0497938661852043,-0.535109281335887,-0.620264967127256,0.242531670221791,-0.74685373746672,1.05602816075095,-3.18648417450813,-1.88851148851148,0.604422604422604,-0.860779890663585,8,0.603430046600194,3.46002405187373,3.57590495382882,-0.265609027354408,-0.859410219406505,-0.864389007738751,-0.0095822532658376,0.752366183783336,5.58213232431875,1000.0000000001,8.9247260250396,1.59726019975278,45.0000000001,0.114916648076388,9.03964267301599,0.232188545976701,2.62526413602087,2.11060641027088,-0.861579202573174,-0.791763132887663,0.111863313290323,-1.57665945959741,0.065310812030374,-0.981048885620372,-0.0338291051654022,-0.0352966664695319,-2.07763563561244,-2.25125329232998,-1.75605272048593,-0.486777950026588,-0.471792152073761,-0.752292666128179,-1.4058558810172,-1.37829262321506,-1.40813399619979,-1.29294791787161,0.309568704226198,-0.336535840916371,-0.97837866803183,-0.97837866803183,-14.7087732809224,1.06316675953723e-11,0.561106942524925,1.09365316764774,1.45529298225007,0.277035606685825,-1.13133458585098,-1.16923310670165,0,1000.0000000001,0.229236844094217,0.00295170178248374,0.460764350750765,1.15201719487964,1115.89862838484,0.25,871,2,"SNETWORK (2 29 1115.89862838484 0.460764350750765 100000226 871)",100
17,100000227,-0.288018496462029,166,0.152577399052067,0.406018494492994,0,0,0,-0.280241635953203,-0.283727693227965,0.0585954943495231,0.97077421642138,0.463669140491008,-0.173352691491633,-0.0236141235910114,0.463669140491008,0.463669140491008,0.448008080849249,0.0292672571146072,0.0676119331954997,-0.232558735555142,0.0516346314938959,-0.443531827515401,0.0161216029479497,0.044324905863371,-0.265923265923267,-0.288018496462029,9,-0.332425251080827,-0.657270326732907,-0.64840788428387,0.30520544293371,-0.285132672324157,1.01698694350672,0.971010460632765,-0.132977910253763,0.172781510294278,3513.0000000001,0.97044737592996,0.157598154196867,1123.0000000001,0.282961570606056,1.25340894643602,0.0660427541574121,1.02177390294806,0.898193349604381,-0.244393483130444,0.898331137633189,1.69813239195354,0.985191899004896,1.96172216438865,1.11266281342656,0.38644978944456,0.918181572530602,0.381430126513196,0.506756027888119,0.285509143698899,0.998216240092958,0.121428129376515,-0.277526342387342,0.102215627178161,0.139017963839617,0.16719852156485,0.634059405538155,0.956050484260308,-0.0817539115581266,0.743970460186804,0.743970460186804,0.0109644206162731,1.06316675953723e-11,-0.594429304714191,-0.52528881129561,-0.496606460682929,-0.51701680940406,1.20226558833603,0.828873588559746,0.000294326672098359,3513.0000000001,0.0511333651757879,0.0149093888816242,0.577939589622718,0.963623539705732,2089.32924496688,0.125,585,2,"SNETWORK (2 17 2089.32924496688 0.577939589622718 100000227 585)",100
29,100000228,-0.808981567462924,88,-0.790377993358492,-0.853832397374456,-0.959757100198023,-0.960709455694412,-0.961711264614227,0.52658779284841,0.487038448617873,1.74498288889748,-0.0176970880802617,0.967521042634857,-0.16714579944072,2.82404890121464,0.967521042634857,0.967521042634857,0.0190180067909007,-0.563411620318482,-0.663873126493497,0.187765264559383,-0.772510228390706,1.05602816075095,-3.18648417450813,-1.88851148851148,0.604422604422604,-0.808981567462924,8,-0.325354121368502,0.1145167322911,0.114120960051003,0.371539290327282,-0.805520181778724,-0.438543836375851,-0.0152702317564725,0.287548399936975,0.929697592527411,254.0000000001,0.377546274068694,2.17306373242887,63.0000000001,0.218880856216999,0.596427130185693,0.0274243329735362,1.68280260895266,1.54755483920526,-0.517673945511259,0.572238968940547,1.58279682745765,-0.461198357947316,1.59627956537869,-0.192647084741172,1.67067824832632,1.72989520979989,0.376762985507696,0.244541965562579,0.0610582900269676,0.243623902382754,-0.471792152073761,-0.752292666128179,-1.14865192444346,-1.11641271156254,-1.1168788273791,-0.0431328883933371,-0.147268236155676,0.894679761753246,-0.043048723991624,-0.043048723991624,0.461393023282754,-0.858431941198834,0.306639896486138,0.284446407213799,0.0272641338755932,0.343315615547206,-0.650904314406687,-0.530707282638162,0,254.0000000001,0.0173599659877865,0.0100643668857497,0.536832829286136,0.730363638857647,1186.4684864671,0.25,883,2,"SNETWORK (2 29 1186.4684864671 0.536832829286136 100000228 883)",100
17,100000229,-0.596526315070372,113,0.152577399052067,0.406018494492994,-0.358045591966192,-0.357303355798844,-0.355675841278248,-0.103591869848346,-0.0919923774661601,0.222857479038787,1.17067398004192,0.709634009661993,0.00471849647109265,-0.0856462691365455,0.709634009661993,0.709634009661993,0.490629220485531,-0.0405216429428181,-0.0245011369359686,-0.427350331052585,-0.000688896367421201,-0.596303901437372,0.141716566866268,0,-0.395577395577396,-0.596526315070372,9,0.669683899770932,-1.07432950479944,-1.05375216847736,-0.539585730529308,-0.589465759206564,0.806488182400522,1.16969914936674,0.148678314746176,0.188647194980064,2317.0000000001,0.698832284482769,0.0996431142364865,164.0000000001,0.0261268899717209,0.72495917435449,0.0411317271530104,-0.787941689031186,-0.17315862956456,0.284594252841209,1.25912726542025,1.52872161958696,0.963968833910215,1.90110042204713,1.17940339160171,2.86555172436711,7.32952294201214,-2.35338664971195,-1.29313160614075,0.301484832001272,-0.439989421234621,0.121428129376515,-0.277526342387341,-1.4058558810172,-1.37829262321507,-1.4081339961998,-0.0211050954845184,0.297071946478294,0.00939210985078398,-0.0211726529770073,-0.0211726529770073,1.70352766186139,1.06316675953723e-11,0.893915560983161,1.10803860068287,-0.908819545760345,1.21266371169654,0.981410261398701,0.00567687984456908,0,2317.0000000001,0.0396493758515751,0.0014823512014353,0.392666881785345,0.125052566349041,1780.82682034801,0.125,532,2,"SNETWORK (2 17 1780.82682034801 0.392666881785345 100000229 532)",100
3,100000230,-0.434682097085302,77,-0.494845044588713,-0.486027089260215,-0.467885001197052,-0.45962963966976,-0.447550990366083,-0.349378580410075,-0.417615543018172,0.594777198018874,0.887677804294139,0.00932886241374188,-1.1911601276473,0.0951462401075136,0.00932886241374188,0.00932886241374188,-4.73048056104483,0.224250122820747,0.276141624153243,1.2438011520577,0.0271823700871579,0.501026694045174,-0.58882235528942,1.04055944055944,1.3033033033033,-0.434682097085302,7,1.42949195119478,0.0235067517706986,0.0233984386013758,-0.769467133798062,-0.432927324212686,1.02585411922454,0.887396272051849,-0.669098839928963,0.0631847084490311,2142.0000000001,0.216384668401373,0.135986521247137,3114.0000000001,0.677032483535631,0.893417151837004,0.0417435256412061,0.183878596121513,0.351400272446038,0.46323220388535,0.971956837898858,0.771175941311992,0.800113888488567,0.790109460201291,0.993301139772926,0.674071046229811,1.49768973685913,0.0682142807483176,-0.205530782061409,-0.987262066524885,-0.133447186357894,-0.183656619125852,-0.461007527196321,-0.897784372821835,-0.860982036160378,-0.832801478435155,-0.473124114735664,0.646095652134369,-0.70601571038184,-0.427931351210396,-0.427931351210396,2.22525017598291,-2.04081988481229,-0.0251647044967565,-0.249214717313995,-0.0572281845484078,0.000321163850293463,0.49749289284376,0.74417243978063,0,3114.0000000001,0.0101102367582738,0.0316332887829323,0.421517263072058,0.933376962202461,1798.28265342683,0.0624998605480869,78,2,"SNETWORK (2 3 1798.28265342683 0.421517263072058 100000230 78)",100
41,100000231,-0.239691806821377,147,-0.886598059773572,-0.0928456434617663,0.315622755524543,0.310024668600395,0.31737100022456,0.974650120865999,0.990702053733735,0.109035853657094,-0.301804481609346,0.812748617842566,0.573404815167856,0.36975152847626,0.812748617842566,0.812748617842566,0.503450719367627,-0.789228624811953,-0.913762766696529,-0.275521633464034,-0.972388423350268,-0.720739219712526,0,-0.434965034965035,-0.700859950859951,-0.239691806821377,10,0.340963940475216,0.393453528191639,0.393462369088245,-0.332182530670076,-0.240873063495827,-0.493067634139121,-0.297165963209094,0.271974010073715,0.131491015620237,1002.0000000001,0.842595897767462,0.0745530423518928,823.0000000001,0.392392542434968,1.23498844010243,0.0540694267105827,-0.0280839541185371,0.0727349476859411,-0.108734392571543,-0.773845548161874,-1.01791578066352,-0.587812754800606,-0.977532578259549,-0.579735347746043,-0.690507889100107,-0.459002721795738,-0.910154487846878,-0.983250051271701,0.0998231333325105,-0.402187216012199,-0.658232714974314,-2.60749408789749e-15,0.102215627178161,0.139017963839617,0.167198521564845,0.0142024082814564,0.89166536181079,-0.578476345489904,0.0143647003985811,0.0143647003985811,3.2698418474183,1.06316675953723e-11,0.577846062045266,0.732981657568187,1.4437839110123,0.298149557739237,0.471514783133496,1.30746353651753,0,1002.0000000001,0.0368899623475174,0.0171794642630653,0.445551268166491,0.479778038337827,2517.503728601,0.0625,1353,2,"SNETWORK (2 41 2517.503728601 0.445551268166491 100000231 1353)",100
17,100000232,-0.494618244099145,132,0.152577399052067,0.406018494492994,-0.358045591966192,-0.357303355798844,-0.355675841278248,-0.153686395291215,-0.14256335054547,0.185027932502816,1.1001003119725,0.652456759354474,-0.0513538428010526,-0.0843322675252891,0.652456759354474,0.652456759354474,0.476527243150442,-0.0206626590865656,0.00391453045144552,-0.357129189572637,0.0114923285513858,-0.33264887063655,-0.333618477331052,-0.204195804195803,-0.181818181818182,-0.494618244099145,9,0.842340090368907,0.579683791447711,0.581018517370978,-0.595646255668546,-0.495581200326654,-0.610548919703746,1.09950117092134,-0.11014835085855,0.0908763089276448,2359.0000000001,0.34274820919056,0.0898911178344588,1165.0000000001,0.167432314527036,0.510180523617596,0.0216183832863512,0.482401574919969,0.676829019637714,-0.0262555689142259,-0.787979309502598,-1.14140979967936,-0.773924215896788,-1.0607260779724,0.25132977176503,-1.0435222159083,-2.57350885600731,0.503182743736085,0.418564554148346,-0.858388298517601,0.521811669841234,0.121428129376515,-0.277526342387342,-0.65181891261108,-0.619637329687725,-0.620469038756867,0.036781031807837,-0.558397034876382,1.02111799346689,0.0373995414950143,0.0373995414950143,-0.327033548836035,1.06316675953723e-11,-0.280197523319042,-0.34816886131549,-0.265926918578425,-0.228584104239822,0.526068813522615,0.637508063989725,0,2359.0000000001,0.014523608368009,0.00709477481834223,0.459444770803818,0.874173501739278,1892.02042740217,0.125,551,2,"SNETWORK (2 17 1892.02042740217 0.459444770803818 100000232 551)",100
41,100000233,-0.367006033510547,125,-0.886598059773572,-0.0928456434617663,0.315622755524543,0.310024668600395,0.31737100022456,0.950382065834958,0.981090863269418,0.211835822998061,-0.27018239846153,0.717311786215069,0.516876475766361,0.454742461798803,0.717311786215069,0.717311786215069,0.507794319069999,-0.688163371325457,-0.812885979297106,-0.129535362550822,-0.871698928318163,-0.720739219712526,0,-0.434965034965035,-0.700859950859951,-0.367006033510547,10,-0.0471133604339906,0.943609084599895,0.949894919045837,0.101160337069088,-0.363540736846619,0.523396000259873,-0.26567700063183,-0.00702037863850194,0.0723386759183907,669.0000000001,0.309493984213198,0.0466143417025715,407.0000000001,0.121330364801418,0.430824348914615,0.0171287073877708,2.54953465323125,1.76535156879815,-0.779958080727783,0.109269652326781,1.27012590717971,0.21955865366456,1.10828273926644,-0.101652005258466,1.25935914431102,0.899332316723859,0.25169893293521,0.0941631972787417,0.00450757893249809,-0.10924544705131,-0.658232714974315,-2.60749408789749e-15,0.102215627178161,0.139017963839617,0.167198521564845,-1.13709231822611,-0.528869614064351,-0.138682604241628,-0.889294215996718,-0.889294215996718,0.653025970506041,-0.0993689928588237,-0.323218545428047,-0.411308978892125,-0.208730480267015,-0.289520495221667,-0.478778653903449,-0.939572895404556,0,669.0000000001,0.0123048566678902,0.00482385061988066,0.370846713379788,2.51916903542997,2390.51392472076,0.0625,1331,2,"SNETWORK (2 41 2390.51392472076 0.370846713379788 100000233 1331)",100
2,100000234,0.259736674982939,222,0,-0.0695595240108285,-0.467885001197052,-0.45962963966976,-0.447550990366083,-0.399764153066554,-0.46947517637071,0.525579044450838,0.0899610166659989,-1.06706293387161,-1.18193403488887,-0.420923356427832,-1.06706293387161,-1.06706293387161,-5.41884555534946,0.384323562218175,0.501038312413626,1.56845560474535,0.169555736382013,0.0739219712525668,-0.0898203592814364,1.0005994005994,0.837837837837838,0.259736674982939,7,0.26538305805634,4.35234435770013,4.5339229794027,0.171438818045065,0.262195708472812,0.369404508314285,0.341167875286699,-0.107102251779593,0.933067586970514,5617.0000000001,8.37939303230102,0.0557928745515205,3568.0000000001,0.318272134740406,8.69766516694143,0.191583869015107,-0.690969099838848,-1.78709314824173,-0.122033074659855,0.993454466047726,1.81268713849593,-0.671549257272861,0.878599462414544,-0.0503458209102525,0.742328653486261,1.46921669505379,2.4830536930322,1.33624650817256,-0.117952297517973,2.50672567517001,0.223123099423871,0.103212322371745,-0.375675459069308,-0.327809167836222,-0.262716364298918,-0.685973138209146,0.383613459077177,-0.499273907522786,-0.591678035264316,-0.591678035264316,-0.0640803720857862,-3.4990283698113,-0.596452083139246,-0.512449885258571,-0.0973533465204999,-0.615683586776672,0.266287716442114,0.332360753414644,0,5617.0000000001,0.184573274031006,0.00701059488410063,0.0206470324931161,1.03001628346774,2633.75441509968,0.0312499302740435,1,2,"SNETWORK (2 2 2633.75441509968 0.0206470324931161 100000234 1)",100
36,100000235,0.828032957497603,190,1.29896932353205,1.22104076566898,1.45807027539656,1.42805593959054,1.43873085382348,0.430503605547927,0.378269817802965,-0.228027674252365,-0.048575335652024,-0.328647239786095,0.854843255053628,-1.68688258676047,-0.328647239786095,-0.328647239786095,-0.609577006607281,-0.567153023271415,-0.685212237928926,-0.950809185288739,-0.568793500329976,0,0.0419161676646709,0.81118881118881,0.42997542997543,0.828032957497603,12,-0.0158387318776727,-0.06349124790731,-0.063128342969772,-0.0592436807440662,0.826719044987872,-0.000296537996473784,-0.0459705377190482,0.530800057424848,0.277274538944824,125.0000000001,0.221654762360648,0.0738332102687485,1225.0000000001,0.578422132214057,0.800076894474705,0.0379595217496235,-0.41007442103746,0.323963698252028,-0.0590488617158977,0.0136242535437234,0.115891139431206,0.0439713356454828,0.120232746315138,0.052151494784268,0.119025956076115,0.121359962092209,1.3768355896898,0.567687851181931,-0.529619691893576,0.676008429250286,0.562155018052169,1.09406785611502,2.19258446122347,2.15155944355969,2.28302402457116,0.0904515026551195,-0.685752451413088,-2.21220127286104,0.0931396833811271,0.0931396833811271,-0.537939234740277,-0.295848033767787,-1.01008854833618,-0.950793583764578,-1.06028998310703,-0.836089582287459,-0.267304746644469,-1.2982288516107,0,1225.0000000001,0.0105163751208577,0.0274431465287659,0.628574538572424,2.04319350665901,5367.18665064206,0.0156249669969604,1038,2,"SNETWORK (2 36 5367.18665064206 0.628574538572424 100000235 1038)",100
3,100000236,-0.621038320627907,28,-0.494845044588713,-0.486027089260215,-0.640656641110964,-0.630828421199535,-0.621755757978306,-0.305122793808771,-0.392380915613944,0.666254452907934,1.17477868245856,-0.00840401787848208,-1.15454726279007,0.377500968437961,-0.00840401787848208,-0.00840401787848208,-4.86310792199936,0.263054834718443,0.263447222043512,1.19937411501291,0.084236748022415,0.0221765913757709,0.149700598802395,1.22237762237762,0.834152334152334,-0.621038320627907,7,0.528411330086385,-0.0219726603834789,-0.0218587163167756,-0.481741904280943,-0.618560208290925,0.492569841091552,1.17376457619886,-1.38185067484653,0.204954481730669,1968.0000000001,0.644877980010589,0.939669959429474,588.0000000001,0.883380286760975,1.52825826667156,0.071979624719246,-0.118895640706534,-0.192835600818252,-0.360325202468214,1.11692312403829,2.29557077356117,0.447807758030059,2.37138218279649,0.939776370415487,1.93194026678336,4.9582083854741,-0.33819502626802,-0.52461983162765,0.19759703488536,-0.342265262541886,-0.471792152073761,-0.752292666128179,-1.48074956831335,-1.423857898781,-1.44749212629168,-1.32277934744452,-0.614330051523008,0.119913492979217,-0.994702533970168,-0.994702533970168,1.69476986497287,-35.0786872457831,1.07055734960856,0.908058793048219,-0.572062734032598,1.32477541128089,-0.675421529199463,0.167915728886906,0,1968.0000000001,0.0303731875262906,0.0416064370929555,0.2121749317954,0.0413181912153959,1496.43179514338,0.0624998605480869,29,2,"SNETWORK (2 3 1496.43179514338 0.2121749317954 100000236 29)",100
41,100000237,-0.51763810598833,93,-0.886598059773572,-0.0928456434617663,0.315622755524543,0.310024668600395,0.31737100022456,0.976424063496343,1.12918725621005,0.583669912818059,-0.188168478757976,0.605726299805302,0.529834232712875,0.309201562618387,0.605726299805302,0.605726299805302,0.538021518629309,-0.550956206126648,-0.682919371131617,0.012906871637808,-0.724797260924165,-0.720739219712526,0,-0.434965034965035,-0.700859950859951,-0.51763810598833,10,-0.427709262981087,1.13581678011923,1.14594000702313,0.724675223124516,-0.518320175957778,-0.233898597395391,-0.18561101284319,-0.830971450049247,0.0771570164072872,1042.0000000001,0.514160469332986,0.191320960600889,512.0000000001,0.626452364653653,1.14061283388664,0.0438503890818102,0.0492001512771356,0.008411904279404,-0.108573250681546,0.504334622675783,0.946499912186429,-0.46506885798552,0.798927974357599,-0.367659238768648,0.7104821475658,0.58422437923378,-0.317613045519155,-0.308509170067926,0.12949155572646,-0.194291968297466,-0.658232714974315,0,0.102215627178161,0.139017963839613,0.16719852156484,-0.0953359137632536,-0.00289189660754344,-0.141129011516119,-0.0940019954869846,-0.0940019954869846,1.71683458626884,1.06316675953723e-11,0.451754954249195,0.352556547353455,-0.13589989075112,0.541668766128612,0.627196954880369,-0.09163308190045,0.0264145088182137,1042.0000000001,0.0197666867381171,0.0240837022436931,0.261835856750271,0.543961499969469,2205.20705362402,0.0625,1299,2,"SNETWORK (2 41 2205.20705362402 0.261835856750271 100000237 1299)",100
29,100000238,-0.850360144716901,78,-0.790377993358492,-0.853832397374456,-0.959757100198023,-0.960709455694412,-0.961711264614227,0.509317698271437,0.463180505210433,1.70667038997037,-0.012453954385644,0.980960293694704,-0.162816755348938,2.7923943241933,0.980960293694704,0.980960293694704,-0.042870551362371,-0.538140978384578,-0.625458749093863,0.234335451287556,-0.749175395758561,1.05602816075095,-3.18648417450813,-1.88851148851148,0.604422604422604,-0.850360144716901,8,0.47398190711207,2.14257714114153,2.18573883437192,-0.282229144161198,-0.850472713842071,-0.881435172641864,-0.0096516188571868,0.567242133473131,4.51123391960088,566.0000000001,4.08231529217301,2.75953165700104,33.0000000001,0.14559420400458,4.22790949607759,0.136403928925953,1.89178078234818,2.67957987727309,-0.722404257657963,-0.867535354014279,-0.191969307139646,-1.41356895185434,-0.134383482754229,-0.835350867078048,-0.203934768544271,-0.211371801590386,-0.47799537697334,-0.607724522534672,0.166161536639664,-0.336266877491707,-0.471792152073761,-0.75229266612818,-1.4058558810172,-1.37829262321507,-1.40813399619979,-0.730544656381337,-0.625053589782269,0.261695895531749,-0.623953435736257,-0.623953435736257,-1.63230691900311,-9.0721466944632,0.84253961532597,1.49729255572844,2.00522103788247,0.452421286475194,-1.60673399350841,-2.34813941677315,0,566.0000000001,0.131706661430384,0.00469726739556888,0.474563683606696,0.813872240483761,1128.70047456374,0.25,873,2,"SNETWORK (2 29 1128.70047456374 0.474563683606696 100000238 873)",100
41,100000239,-0.546515895266282,87,-0.886598059773572,-0.0928456434617663,0.315622755524543,0.310024668600395,0.31737100022456,0.985468660446356,1.14142878167883,0.630210599573448,-0.181626656527119,0.587485639441036,0.528064855645029,0.310691583062226,0.587485639441036,0.587485639441036,0.53175427220029,-0.522214750898505,-0.655161071804671,0.0274474228233987,-0.691224032366323,-0.720739219712526,0,-0.434965034965035,-0.700859950859951,-0.546515895266282,10,-0.541382563135291,0.793818970213058,0.797694967755463,0.892879310278671,-0.5477185448171,0.124405160439268,-0.178887074325231,-1.33857656020613,0.111242540727361,834.0000000001,0.593324782958512,0.101125735744198,487.0000000001,0.314953322825721,0.908278105684233,0.0370702656654422,-0.0795908874248638,-0.238352441853672,0.101019896748104,0.534291666496609,0.672706904907129,-0.0551902999608056,0.602702469907417,-0.13608926749633,0.366426828411669,0.303222075005393,-0.120813485889654,-0.219591702759739,0.0268817295099904,-0.151194753382532,-0.658232714974315,0,0.102215627178161,0.139017963839617,0.16719852156484,-0.124383239833958,0.0669818178495655,-0.266928669948745,-0.121820399163057,-0.121820399163057,1.02165235204639,-0.928078729640254,0.546967149393976,0.59369032781844,0.305666075411208,0.539275841981613,0.550598430144063,0.453947869543818,0,834.0000000001,0.024215828975615,0.0128544365898272,0.242594367605669,0.699578591622412,2172.49856697534,0.0625,1293,2,"SNETWORK (2 41 2172.49856697534 0.242594367605669 100000239 1293)",100
29,100000240,-0.648622622170461,120,-0.790377993358492,-0.853832397374456,-0.715996162004961,-0.715344983900652,-0.711097017555422,0.635948877738782,0.593506358944122,1.84800117023411,-0.0844774970839982,0.973466829949034,-0.128754751238874,3.02969249178819,0.973466829949034,0.973466829949034,0.065037196980985,-0.691722211707186,-0.813732476881471,0.397791289230742,-0.972720150116894,1.05602816075095,-3.18648417450813,-1.88851148851148,0.604422604422604,-0.648622622170461,8,0.175209055268971,-0.319702444369498,-0.316817406610032,-0.265980376727163,-0.645627436131167,0.0234350070748162,-0.0820512008541015,0.260215299539774,0.176910547595515,4564.0000000001,1.29090453928161,0.0301497841460299,906.0000000001,0.0436724111616227,1.33457695034323,0.0662455057605419,-0.380200082459113,-0.135929618355576,-0.63813531287652,0.404989922878258,1.63397710842828,0.130659978493313,1.77852599544589,0.0616325754420617,1.61772394436252,1.53411554721869,0.822402658741425,0.695506687923335,0.0480211136253117,0.829046026069904,-0.471792152073761,-0.752292666128179,-0.89778437282183,-0.860982036160378,-0.83280147843515,-0.382354873273768,-0.375485984854097,0.730389371042503,-0.352994484837526,-0.352994484837526,-0.233374421965369,-0.182031456633448,0.0289158745775388,-0.048147298110392,-1.44172520737274,0.394018993707437,0.105223436252203,-0.118430299418885,0,4564.0000000001,0.0640777018829741,0.00216780377756783,0.733223607669641,0.303107744378888,1368.66313037265,0.25,915,2,"SNETWORK (2 29 1368.66313037265 0.733223607669641 100000240 915)",100
41,100000241,0.385165894480269,237,0.680412427894334,0.334368660703197,0.315622755524543,0.310024668600395,0.31737100022456,1.04454637263631,0.911308876519329,-0.517471391657536,-0.543634196177562,0.635226223940847,0.959017200566354,0.522135306810816,0.635226223940847,0.635226223940847,0.368756707598392,-0.775625600536707,-0.893875894961894,-0.422215660324536,-0.92838439847027,-0.720739219712526,0,-0.434965034965035,-0.700859950859951,0.385165894480269,10,0.235594043160537,0.274701003097253,0.274302936636243,-0.260856875174864,0.385237254006052,-0.412029431626024,-0.540229027087263,0.814417710128712,0.163443034188313,808.0000000001,0.844565459428872,0.0991324720839862,210.0000000001,0.133134548668327,0.977700007997198,0.0437071802013299,0.874622971243806,0.605451113498877,-0.401794218535432,-0.28160798715561,0.187917049659206,-0.465686521209179,0.184231847071111,-0.963375168817641,0.245320163938818,0.0913515953887476,0.41888150020369,0.51683628362057,-0.0980519509558216,0.71449712882179,0.562105955755759,0.451834062908154,0.102215627178161,0.139017963839617,0.167198521564845,-0.0310648778837697,0.437632098608639,-0.214322315654356,-0.0310917234537503,-0.0310917234537503,-0.0506618828110241,1.06316675953723e-11,-0.434320479589275,-0.414578641400851,0.351057894926548,-0.484922743022771,0.484503837989735,-0.0757578563612156,0,808.0000000001,0.0377555224916503,0.00595165760967953,0.738252424639985,0.443574591117329,3015.06458767064,0.0625,1443,2,"SNETWORK (2 41 3015.06458767064 0.738252424639985 100000241 1443)",100
12,100000242,0.296255251317448,229,0,-0.0695595240108285,-0.467885001197052,-0.45962963966976,-0.447550990366083,-0.60909367721851,-0.699647169231775,0.0428053697875129,0.0880167635139579,-1.04754428912114,-1.6828322508515,0.0266561986363025,-1.04754428912114,-1.04754428912114,-5.61395553233932,0.522087570846219,0.65917907498927,1.78518767623345,0.303560677590232,0.184804928131415,-0.778443113772456,0.103496503496504,0.51023751023751,0.296255251317448,7,-0.217993838018339,0.761106016614612,0.764524449745739,0.302204439797001,0.294099509836565,0.556389875169859,0.0898940365194759,-1.26356654313414,0.116475375361126,1687.0000000001,0.314155187515736,0.297757746876843,242.0000000001,0.115205568162801,0.429360755578537,0.0176244914696637,1.38776059685843,1.2569024043457,0.74295019295278,0.98619179451616,0.34869768277733,0.289965260898072,0.31438250585531,0.293290606113014,0.795645433184613,0.933616049594352,-0.00700762616149597,-0.223821254794487,0.183762115071537,-0.0868893646832419,0.223123099423871,0.103212322371745,-0.751834212897414,-0.690544926566656,-0.641104661755909,-0.114590279203771,-0.514928697983852,-0.0349349250893821,-0.112483907231055,-0.112483907231055,1.80611047556938,-14.8453240673817,0.989504746310158,1.03022300832635,1.24149408390473,0.797884252818598,0.306189457559459,0.421715990081021,1.71731384125407e-13,1687.0000000001,0.0128955087736716,0.00472898259599214,0.140433815332596,1.05189024619857,2671.81617845731,0.0312499302740435,229,2,"SNETWORK (2 12 2671.81617845731 0.140433815332596 100000242 229)",100
36,100000243,0.854330642280502,195,1.53264647786662,1.1941726428676,1.45807027539656,1.42805593959054,1.43873085382348,0.442137611810885,0.390680697565742,-0.209937713771124,-0.0670245745434369,-0.352722218806625,0.921147907573634,-1.48510766031871,-0.352722218806625,-0.352722218806625,-0.627043280837784,-0.559770886779349,-0.679089485973547,-0.918286325498048,-0.565439909695458,0,0.0419161676646709,0.81118881118881,0.42997542997543,0.854330642280502,12,0.517470709952174,-0.160583396909948,-0.159465443269972,-0.484573550448857,0.849716360323456,-0.363846259875728,-0.0648032957703577,0.707098075300424,0.212529355711701,231.0000000001,0.313969865812949,0.0898508502091102,1013.0000000001,0.582088069161423,0.896057934874372,0.0432470791709215,-0.304874872299334,-0.347937804502005,-0.534692319560321,-0.294104214404077,0.385582289026999,-0.311006479242633,0.407741481245827,-0.154401344177368,0.354286066929945,0.347532202559127,0.314242346190895,0.338479753167184,-0.813140834055142,0.239009760036463,0.596004386864676,1.11697181886013,2.19258446122347,2.15155944355969,2.28302402457116,-0.429070159981102,-0.399100549799454,-1.86954417436978,-0.391958278363814,-0.391958278363814,-0.1001152693541,-0.0810151777533349,-0.183218149465062,-0.118408792932666,-0.0163874295944727,-0.182652304562304,-0.285445623854911,-1.1954044780645,0,1013.0000000001,0.0151533501143467,0.0280937289565748,0.773949137829509,1.36878480086382,5395.02301245159,0.0156249669969604,1043,2,"SNETWORK (2 36 5395.02301245159 0.773949137829509 100000243 1043)",100
37,100000244,0.361845626058326,89,1.29896932353205,1.22104076566898,1.45807027539656,1.42805593959054,1.43873085382348,0.12003435824361,0.0538569564424274,-0.516832125797613,0.626092602993636,-0.399640828065408,0.639443150026639,-1.08098953651934,-0.399640828065408,-0.399640828065408,-0.541796952774295,-0.588129758970451,-0.635686872147504,-0.500821667441488,-0.677615705258994,0.665297741273101,-1.69993346640053,-0.507226107226108,0.644007644007643,0.361845626058326,12,-0.407544771221177,0.634526464730164,0.636409448039767,0.493941981564095,0.362830318179599,0.649927154234326,0.626459504820155,0.391203596999397,0.122273040580667,213.0000000001,0.166558721001487,0.0767449085144228,603.0000000001,0.295953817529072,0.462512538430558,0.0194109955096572,0.460162649840303,0.380622253652771,0.523472872856036,0.594238868382083,0.103185552085089,0.388720161502134,0.095284304779423,0.678221517525939,0.265054158616232,0.493136237511098,0.180850704696864,0.16504089877352,0.253533379249553,0.354942899988465,0.528207847926239,1.07109749798066,2.19258446122347,2.15155944355969,2.28302402457116,0.306094387698091,-0.72814936790275,0.775745537493638,0.331735141210441,0.331735141210441,0.667704803344062,-0.227844889862987,0.477553862149549,0.526396721605181,0.728892639049569,0.361008523607167,-0.41328946245465,-0.45682299617229,1.87866594433627e-12,603.0000000001,0.00699023334270442,0.0124207620669527,0.515667997753392,2.02774845401291,4755.17346076527,0.0312499339939208,1137,2,"SNETWORK (2 37 4755.17346076527 0.515667997753392 100000244 1137)",100
37,100000245,-0.00927717663902269,16,1.29896932353205,1.22104076566898,1.50580654500643,1.48232234240258,1.49987706507974,0.0877396237569911,0.019430411031343,-0.466206784627435,0.727329834383195,-0.270327464686787,0.614325770899632,-1.11188952882245,-0.270327464686787,-0.270327464686787,-0.496573035263103,-0.500114034086091,-0.534221230358947,-0.393898003607131,-0.586227469643511,0.170020533880904,-0.850299401197607,-0.17062937062937,0.240786240786241,-0.00927717663902269,12,0.621103415940625,-0.120748563958474,-0.11996979697448,-0.519276943680854,-0.00964489153421019,0.928445754996802,0.727482948882083,-0.602278137198291,0.176018491132309,1322.0000000001,1.48815034934833,0.0693885321797563,4.0000000001,0.00177502624075777,1.48992537548909,0.0714061211152735,-0.239182567212141,-0.289090083363042,0.928251430012327,0.202501300616924,-1.13857170000194,0.778332081577761,-1.19743334266621,0.911838596063662,-1.34279975405108,-2.66842473199449,-0.143099242452213,-0.00257294210352795,-1.18049009095903,0.0271981183302432,0.528207847926239,1.07109749798066,2.70840082864406,2.67872578178211,2.82264244254143,0.0508669987381626,-0.342874371065081,1.11539108289293,0.0518936947860104,0.0518936947860104,0.139215554786434,1.06316675953723e-11,0.337499852460348,0.50114708952024,1.3030680730493,0.0689059737036892,-0.224698557040034,0.707915702415395,0,1322.0000000001,0.0713210511631145,8.50698521589538e-05,0.0882261998079533,0.0410895604893658,4321.27007540422,0.0312499339939208,1064,2,"SNETWORK (2 37 4321.27007540422 0.0882261998079533 100000245 1064)",100
41,100000246,-0.834581533847162,16,-0.886598059773572,-0.0928456434617663,-0.0369605603324269,-0.0422694509956289,-0.0386919408759992,0.925222676367377,1.10287661799446,0.904828320016868,-0.0697958156225125,0.323614597819282,0.409927402500525,0.350079807130641,0.323614597819282,0.323614597819282,0.555870470102234,-0.277480269291873,-0.431491464641646,0.0342092053986341,-0.383921667722304,-0.720739219712526,0,-0.434965034965035,-0.700859950859951,-0.834581533847162,10,0.380337781073664,0.574758905724238,0.576047885533639,-0.345708939287165,-0.833854956277326,-0.30758139328665,-0.0675130776758908,-0.0487562783424949,0.0624108074227373,1543.0000000001,0.615858962392743,0.0756128123566224,1024.0000000001,0.495166080227353,1.1110250425201,0.0471192298539724,0.34087743532243,-0.619934407401105,-0.771746960290374,-0.324302320657207,0.705972094861988,-0.416235988627337,0.657017857695236,-0.215812000989484,0.0384315715661797,0.0377797166341105,-0.339756881922958,-0.65517694700849,0.0509651513129792,-0.290637511289174,-0.658232714974315,-1.30374704394875e-15,-1.4058558810172,-1.37829262321507,-1.40813399619979,0.118122460208488,-1.31574900245975,0.144682444201482,0.122428421702262,0.122428421702262,-0.541074044462534,1.06316675953723e-11,-0.718621383455583,-0.561876398977959,-0.450477147549534,-0.664180764385785,0.0896365704273729,-0.278937596068016,0,1543.0000000001,0.0261189431672075,0.0210002865867649,0.0102909937916404,0.270866928622127,1777.60751962769,0.0625,1222,2,"SNETWORK (2 41 1777.60751962769 0.0102909937916404 100000246 1222)",100
3,100000247,-0.110889487882028,148,-0.226804037760009,-0.273941878615531,-0.467885001197052,-0.45962963966976,-0.447550990366083,-0.393932306565065,-0.461861931526926,0.541241230479277,0.678351587794142,-0.164545144300698,-1.27621575631259,-0.313833387825719,-0.164545144300698,-0.164545144300698,-4.46137193440768,0.148129412620134,0.220517312314068,1.04921695069838,-0.033162756160813,0.0739219712525668,-0.0898203592814364,1.0005994005994,0.837837837837838,-0.110889487882028,7,0.209759571570621,-0.900496413091524,-0.885396238159627,-0.343535110998367,-0.107443910044434,0.455740511552755,0.680655142930817,0.775449672657453,1.61735508736973,2295.0000000001,5.93448591159107,0.0922264937781188,2171.0000000001,0.320118339625576,6.25460425111665,0.344077121616817,-0.179992756702959,-0.40755125478924,0.424623571138994,-0.0777160619742336,-0.785122442543637,0.656339661326241,-0.948752146468458,0.832671614725987,-1.02687706137079,-1.96494648476337,0.41749171258162,0.541235612135271,0.154511278875215,1.09801676284152,-0.183656619125852,-0.461007527196321,-0.824809292859624,-0.775763481363517,-0.736953070095527,0.479109882349834,-1.39346106739562,0.718313849950204,0.541327943963739,0.541327943963739,-0.0902326561568366,-1.2406354453878,-0.370644704630478,-0.395669508017462,0.264638553775096,-0.455819790059988,-0.219502935098424,-0.23130392994805,0,2295.0000000001,0.326466831178975,0.0176102903378419,0.706480670167246,1.85759437736124,2209.1715954124,0.0624998605480869,149,2,"SNETWORK (2 3 2209.1715954124 0.706480670167246 100000247 149)",100
3,100000248,-0.244653359878528,118,-0.226804037760009,-0.273941878615531,-0.467885001197052,-0.45962963966976,-0.447550990366083,-0.377323500217356,-0.441261686126806,0.549344512533025,0.759237659246201,-0.0387453415331945,-1.23955170271312,-0.134443187785662,-0.0387453415331945,-0.0387453415331945,-4.38858208822491,0.163599603363805,0.231808661430777,1.12759132662233,-0.0280080792546022,0.0739219712525668,-0.0898203592814364,1.0005994005994,0.837837837837838,-0.244653359878528,7,0.250863472615357,0.740807675289259,0.743954679941969,-0.229857454344089,-0.243090471216892,0.852774775282673,0.762198919404723,-0.0230050706795689,0.380183196400419,2100.0000000001,1.27646010793252,0.14075438416682,6570.0000000001,1.47850342403834,2.75496353187086,0.113489009998134,1.71484363063798,1.37571840609983,0.16879934342714,0.956979936965416,1.14164463005333,0.496205219981327,1.03202568413212,0.795182640076221,1.65445280943976,3.37149753703762,0.109150474093397,0.0586604250314542,-0.784695199879055,0.114782417866859,-0.183656619125852,-0.461007527196321,-0.824809292859624,-0.775763481363517,-0.736953070095527,0.0720018252792569,-0.795286889317282,0.839948161256047,0.0738206857015364,0.0738206857015364,-0.183270146831936,-14.8664781496785,0.744978013154665,0.641387086722285,1.05966690263327,0.573994285973959,-0.66372861110608,-1.10191601528774,0,6570.0000000001,0.0525829805519282,0.0609060293462063,0.591557271609217,0.941540471278131,2043.46346423779,0.0624998605480869,119,2,"SNETWORK (2 3 2043.46346423779 0.591557271609217 100000248 119)",100
29,100000249,-0.783279850478882,93,-0.790377993358492,-0.853832397374456,-0.715996162004961,-0.715344983900652,-0.711097017555422,0.533662482798903,0.497998390902204,1.76301754922816,-0.023885134854215,0.963275163626113,-0.163242115241445,2.81080788230931,0.963275163626113,0.963275163626113,0.0389425323587549,-0.584772544055031,-0.689464471253767,0.173010359692717,-0.796738516492381,1.05602816075095,-3.18648417450813,-1.88851148851148,0.604422604422604,-0.783279850478882,8,-0.0769185703275635,0.848370720687115,0.853064759672652,0.125819052575832,-0.783255784060764,0.183821260458316,-0.0216759933228079,-1.45743544955173,5.47134363141605,757.0000000001,6.62193078329822,2.37655374288193,46.0000000001,0.174783421752178,6.7967142049504,0.274763570237829,4.26011092590369,5.44580484920868,0.656210864951762,-0.433795957266068,-1.40314990723443,-0.0185253829691031,-1.24382042551037,0.0423407133772389,-1.23905077377179,-1.26482851305943,0.097015158083987,-0.180001574563339,0.0598490874219809,0.158115966901969,-0.471792152073761,-0.752292666128179,-0.897784372821839,-0.860982036160378,-0.83280147843515,1.02493987179607,-0.135873060064973,-3.04220476576304,1.32536071047258,1.32536071047258,-0.75338183910539,-2.41122381673816,0.304218092435168,0.962993898603263,0.570239827599683,0.209491328813544,-1.45654231692613,-1.65256766002899,0,757.0000000001,0.267697785776941,0.00706578436088812,0.571105548130108,0.412252464564517,1218.26379710668,0.25,888,2,"SNETWORK (2 29 1218.26379710668 0.571105548130108 100000249 888)",100
41,100000250,-0.281765679840688,140,-0.886598059773572,-0.0928456434617663,0.315622755524543,0.310024668600395,0.31737100022456,0.967739928108477,0.996303433362579,0.160644114042219,-0.289777627935561,0.807381912882211,0.557816880776669,0.396312602349403,0.807381912882211,0.807381912882211,0.500476155540531,-0.769620557992274,-0.888047556088499,-0.220958947826886,-0.957656574266916,-0.720739219712526,0,-0.434965034965035,-0.700859950859951,-0.281765679840688,10,0.317171627928444,0.774494640715708,0.77809734503829,-0.32030669781319,-0.280177604424788,-0.161638494263958,-0.28635850248736,0.712774814858052,0.120878354163272,1016.0000000001,0.785412457086305,0.132170149990258,1580.0000000001,1.33550650840375,2.12091896539006,0.0868560797923907,0.971172003242964,1.10425269511182,-0.625959401827302,-0.331405673309401,0.446064150638516,-0.312033604259402,0.401126390255511,-0.407292532909278,0.370572938502998,0.254902141818012,-1.87255876277298,-1.15872499093372,-0.000929569778976097,-0.437676723058614,-0.658232714974315,-1.30374704394875e-15,0.102215627178161,0.139017963839622,0.167198521564845,0.012931938047426,-0.313588410859392,1.07683425606649,0.0130757662419443,0.0130757662419443,-1.05542432898715,1.06316675953723e-11,1.17734945227835,1.21888519354338,2.6922939652965,0.653135936080899,-0.131177362091575,0.827632386623902,0,1580.0000000001,0.0321642873074453,0.0546917923849455,0.422870760030004,0.20860598866546,2478.94927514926,0.0625,1346,2,"SNETWORK (2 41 2478.94927514926 0.422870760030004 100000250 1346)",100
41,100000251,-0.146912218232643,166,-0.886598059773572,-0.0928456434617663,0.315622755524543,0.310024668600395,0.31737100022456,0.909003581042141,0.894254256193684,-0.132622179693598,-0.367624858924477,0.887443090357276,0.471251495307576,0.868443504411604,0.887443090357276,0.887443090357276,0.490243131662642,-0.649240466388562,-0.763876874569281,-0.0867427455565538,-0.830461589538779,-0.720739219712526,0,-0.434965034965035,-0.700859950859951,-0.146912218232643,10,-0.579653192976526,0.592491247880794,0.593947634677891,0.937880212892496,-0.144502899877944,0.784406905760771,-0.364357094064266,-0.789105207940958,0.113026993158697,2366.0000000001,1.7102218610645,0.0898167536800625,189.0000000001,0.108561215534205,1.8187830764987,0.0768962382068223,0.246572532193213,0.121529477044689,-0.239493576030924,0.945484894564277,1.81596467403715,0.490945275153963,1.68444343093278,-0.111610289407679,1.6704211190695,0.979978104467348,0.441574526996377,0.5218891073448,-0.024416382359341,0.854626381077515,-0.595298362594136,0.111185879667025,0.10221562717817,0.139017963839626,0.16719852156485,0.290736060796949,0.212560859414444,-0.0539907363212051,0.313935662820128,0.313935662820128,0.112795457952666,-0.189351614942699,-0.905550142127616,-0.75824471255602,0.123487286200988,-1.00757152573044,0.809469618341929,0.749547772221769,0,2366.0000000001,0.0723063839458059,0.00458985416101633,0.504819932257095,0.875015579276644,2618.25415875347,0.0625,1372,2,"SNETWORK (2 41 2618.25415875347 0.504819932257095 100000251 1372)",100
17,100000252,0.175787386415149,235,0.152577399052067,0.406018494492994,0,0,0,-0.482661107521516,-0.538575665104178,-0.158627150076819,0.711970839226441,0.010374686686455,-0.344620751556122,0.171075885242426,0.010374686686455,0.010374686686455,0.380681961192548,0.23437130847008,0.299132719406147,0.00163983272734225,0.267335867476791,-0.443531827515401,0.0161216029479497,0.044324905863371,-0.265923265923267,0.175787386415149,9,-0.474911772762095,-0.470070459233489,-0.464901376612845,0.530200367270974,0.174332578835325,0.140577745093467,0.712119978345872,-0.411143439106522,0.0742156731507905,424.0000000001,0.0503104338416736,0.0999846223354476,4181.0000000001,0.668359233488563,0.718669667230237,0.0366335146067819,-0.445770139517194,-0.856680050687941,0.378593000031878,0.00217170389602104,-0.597312531163562,0.276652404149521,-0.668713270031906,0.665094784810183,-1.36938104504572,-2.68117902566855,0.556328685694135,0.648228498201817,0.157825331763505,1.77056177183066,0.121428129376516,-0.277526342387341,0.0941053598367586,0.1279876264722,0.153932206555935,0.715501833302722,-0.788505234895552,0.803512201914657,0.85650985932953,0.85650985932953,-0.582872450939411,-0.14573745288841,-0.422202476766576,-0.366257402741926,-0.189601736000811,-0.402552698475532,0.937245928528893,0.527599978436501,0,4181.0000000001,0.00256452733239414,0.0340689871743878,0.821914932735709,0.100088451006971,2495.57896072991,0.125,654,2,"SNETWORK (2 17 2495.57896072991 0.821914932735709 100000252 654)",100
34,100000253,1.25750528084063,253,1.95876350285277,1.6240746339498,1.11742223327512,1.09970853501445,1.1005013034785,0.664844464353245,0.51999212078863,-0.288549167764009,-0.654108897830706,-0.639038972568549,0.600285533970964,1.6073073498305,-0.639038972568549,-0.639038972568549,-0.856148549915943,-0.657189490873271,-0.741468097440416,-0.696958178440219,-0.728774460240358,-1.3305954825462,1.62674650698603,0.565034965034965,-1.23832923832924,1.25750528084063,12,-0.747836322158571,-0.461820503459331,-0.456792386675278,1.1334907892979,1.25365003531024,0.794306217605846,-0.650402697416735,-0.0663422471863325,0.0622713172943985,403.0000000001,0.160490806895381,0.0416838370375746,621.0000000001,0.165545107677688,0.326035914473069,0.0165951576983205,-1.34524874141631,-1.20377478269546,0.377087402230616,1.36830145378188,1.6066852553189,0.783717504034504,1.79313127282111,-0.693409307078372,1.70603743171486,0.375478301115966,-0.145761273814935,0.0898523618352023,-0.0694464532458787,0.00714910713532098,0.596004386864676,1.11697181886013,2.05956227552295,2.01854571601049,2.13655029405181,-0.505410908770582,0.20658034896327,0.0954462070459586,-0.453829526745539,-0.453829526745539,0.150924750986513,1.06316675953723e-11,-1.25660944158082,-1.10198773267119,-0.520219376327867,-1.23655980323517,0.574453888657101,0.014965816566334,0.00979175114121224,621.0000000001,0.00816894739026622,0.00842621020805423,0.0949159846968253,1.52423308417201,5726.3042308973,0.00781248349848019,968,2,"SNETWORK (2 34 5726.3042308973 0.0949159846968253 100000253 968)",100
43,100000254,-0.193649660409677,69,0.12371145778112,0.869954874556633,0.545150200838989,0.54037036033024,0.554967563992924,-0.122210130877123,-0.116579388060416,-0.477818653371936,-0.280490266261387,-0.547932322626062,0.608477358702203,-0.689838926378296,-0.547932322626062,-0.547932322626062,0.267658826358036,0.603636904438936,0.409938057278463,-0.0448642688951839,0.741389627183467,-1.14579055441478,2.23053892215569,2.01958041958041,-0.227886977886978,-0.193649660409677,11,0.194961791106372,0.584443856237217,0.585823344616741,-0.196290787091828,-0.190749168295231,0.777430217239081,-0.277659152563586,0.164725741342881,0.0809550770627094,1e-10,1e-10,0.0497862076765928,3.0000000001,0.147196934382626,0.147196934382626,0.0062321180414442,2.75234210877909,1.35504768784625,0.982041602899269,0.489254673920654,-0.708391719140658,0.488455035565566,-0.657672762650898,0.0138153346726552,-0.922555127630834,-0.604795734952011,-2.15579945581047,-2.00751024004054,-1.45652914907248,-0.460730553781487,-0.353148128111646,0.538992472803682,0.102215627178161,0.139017963839617,0.167198521564845,0.78501277648322,1.42735841449648,-0.955915086058101,0.956007849822236,0.956007849822236,5.45262263101929,1.06316675953723e-11,1.25911909051012,1.29964402511112,0.968761287325612,1.15906442603393,-2.20163270582265,-2.84808124851774,0,3.0000000001,0,0.0062321179414442,0.2746861890537,2.26097548778921,3198.25014229956,0.0312500660060792,1540,2,"SNETWORK (2 43 3198.25014229956 0.2746861890537 100000254 1540)",100
17,100000255,0.281864809345046,250,0.152577399052067,0.406018494492994,0,0,0,-0.513020071188259,-0.591614448907119,-0.179272848063575,0.688855997514501,-0.0908286064007947,-0.378645566369504,0.155488349913469,-0.0908286064007947,-0.0908286064007947,0.374002323370312,0.238785151612878,0.30550089333595,0.0178628267058311,0.269931189478221,-0.443531827515401,0.0161216029479497,0.044324905863371,-0.265923265923267,0.281864809345046,9,-0.529769171057833,1.48719967637865,1.50644209378671,0.823686534464284,0.286001123224857,0.829504128415205,0.689663622120385,-0.521554293166579,0.380219134718076,3349.0000000001,2.0358496008969,0.0905811325578092,3359.0000000001,0.486456851398756,2.52230645219566,0.0912028521298623,-0.368556043161737,-0.387287256115627,0.483746117394334,1.21791948358453,1.14378603931437,0.286638319817602,0.908226193812436,0.659303702098249,1.07534509836715,2.08954680413514,-0.263859560035935,-0.123185950707902,0.259889959294543,0.195214796766724,0.121428129376515,-0.277526342387342,0.0240009566442961,0.0326424071837615,0.0392594026750322,0.948475532505762,0.00849311094105058,0.0114940507817587,1.20312437901716,1.20312437901716,-0.125773584965805,-0.289098543359747,-0.164647024584228,0.0964891209759371,0.315550565806232,-0.242501784247354,1.37190377766353,0.331561033189042,0,3359.0000000001,0.0736132953798163,0.0175895566500461,0.872824423804951,0.654618383385241,2580.34968392115,0.125,669,2,"SNETWORK (2 17 2580.34968392115 0.872824423804951 100000255 669)",100
3,100000256,0.111982492437514,188,-0.226804037760009,-0.273941878615531,-0.467885001197052,-0.45962963966976,-0.447550990366083,-0.39165137094436,-0.465061996124799,0.546013298976063,0.541522126462631,-0.646014951967183,-1.2013220130243,-0.823385017821368,-0.646014951967183,-0.646014951967183,-4.76805186256993,0.214389879147858,0.305117370962241,1.16482474068167,0.0292088919544998,0.0739219712525668,-0.0898203592814364,1.0005994005994,0.837837837837838,0.111982492437514,7,-0.380839403199348,-0.156746466182004,-0.155662970544679,0.418461412464381,0.109741163089345,0.578498736739515,0.542159200063937,-1.47953576065149,0.102890226296225,5125.0000000001,0.843068817010473,0.0707518590738148,5055.0000000001,0.571813032822178,1.41488184973265,0.0682412647375163,0.108646436773764,0.179966969751804,0.936223592176963,0.114736049807065,-1.26610796867617,0.54771300259937,-1.34002459378557,0.711047247955369,-1.17096588671847,-2.04188885811898,0.458879659116417,0.443193098041423,0.244399494382041,1.24160099485411,-0.183656619125852,-0.461007527196321,-0.751834212897414,-0.690544926566661,-0.641104661755909,0.997442792707255,1.11441525256807,-2.19865657229361,1.28090008199246,1.28090008199246,-0.205407007786198,-0.254915880901732,-0.575766785191087,-0.431030385923961,-1.21507980023057,-0.323008185860002,0.323157808159406,0.136126887713052,0,5125.0000000001,0.0406621105906211,0.0275791540468952,0.864977202196354,0.221886107569068,2437.70785913018,0.0624998605480869,189,2,"SNETWORK (2 3 2437.70785913018 0.864977202196354 100000256 189)",100
3,100000257,-0.342893563990123,96,-0.226804037760009,-0.273941878615531,-0.467885001197052,-0.45962963966976,-0.447550990366083,-0.356615393619638,-0.424698220663084,0.566455791254003,0.803804295650452,-0.0520666989244426,-1.20869052243423,-0.109505011316624,-0.0520666989244426,-0.0520666989244426,-4.50681563243437,0.186394807807838,0.248310504712616,1.16755541024961,-0.00658409170370617,0.637577002053388,-1.16766467065868,0.37272727272727,1.11578624078624,-0.342893563990123,7,0.475756441255704,0.145053179156268,0.144607651585928,-0.440507814394026,-0.342105389201111,-0.149704104215176,0.803721765565413,0.0339315027753676,0.320285001501481,3068.0000000001,1.57103909056353,0.057577019077207,1148.0000000001,0.10567836818737,1.6767174586509,0.0766841625866173,-0.0816878083793624,-0.0804860447635142,0.114873278803905,0.25015894981765,0.210356927281681,-0.152372935203568,0.210866685718809,0.487491540895223,0.0517721666276045,0.127341844257661,0.652799273645037,0.606722139181149,-0.808391681272835,1.08971693362106,-0.183656619125853,-0.461007527196321,-0.897784372821835,-0.860982036160374,-0.83280147843515,0.380955036840591,-0.227821777431779,1.41258860336708,0.42034681911615,0.42034681911615,-0.409016495933153,-8.63637115285855,0.311530323948241,0.255441362884138,0.592313901265807,0.212167212361276,-0.663728611106081,-0.87733577813504,0,3068.0000000001,0.0718509944961461,0.00483316799047119,0.496245085749889,1.08576899195035,1906.03275478185,0.0624998605480869,97,2,"SNETWORK (2 3 1906.03275478185 0.496245085749889 100000257 97)",100
43,100000258,0.0492677834577886,109,0.12371145778112,0.869954874556633,0.965149594579297,0.947078472655203,0.966783102940535,-0.041019050445946,-0.0374748707393603,-0.466513185674957,-0.331175403836952,-0.459232806126715,0.701172668590745,-0.800607511568582,-0.459232806126715,-0.459232806126715,0.244006705790678,0.47149384159646,0.27460574090986,-0.29228604701321,0.620088978284471,-1.14579055441478,2.23053892215569,2.01958041958041,-0.227886977886978,0.0492677834577886,11,0.471257272014898,0.103553600731686,0.103181397461148,-0.440687261172732,0.0493931699000799,-0.383758901276151,-0.328303573986697,0.852138707375393,0.432735305379493,4.0000000001,1.70588906438897,0.201781764726503,2.0000000001,0.39772269738138,2.10361176167036,0.0969129816603028,0.328028192754735,0.738987747198634,-0.316045499973559,-0.0924831621740856,0.343959800139181,-0.394548364745599,0.347390202710019,-0.512787387854622,0.244455400051929,0.155296716076839,-0.417184019727691,-0.270891450850626,-0.0126165067421379,-0.243964336055865,-0.353148128111646,0.538992472803681,2.19258446122347,2.15155944355969,2.28302402457116,-0.589433003564102,-0.130496468948662,0.157824643121733,-0.519423187981586,-0.519423187981586,-0.0153196088138959,-0.0409242947343785,1.15087336926957,1.21361445019842,1.00939648791301,0.948731545235694,-0.773391419564227,-0.404703686016522,0,4.0000000001,0.0785899748478044,0.0183230067124985,0.427559583309426,0.343002317997055,3421.24180201652,0.0312500660060792,1578,2,"SNETWORK (2 43 3421.24180201652 0.427559583309426 100000258 1578)",100
41,100000259,0.478342794934907,249,0.680412427894334,0.334368660703197,0.315622755524543,0.310024668600395,0.31737100022456,1.06805644976238,0.98944179522839,-0.59371807997322,-0.60953016653904,0.811378633724772,0.964306613896519,1.48693824629985,0.811378633724772,0.811378633724772,0.402259194513329,-0.66327532086848,-0.78915695751478,-0.231111834153739,-0.821727382676711,-0.720739219712526,0,-0.434965034965035,-0.700859950859951,0.478342794934907,10,-0.251502239198234,-1.02072422965028,-1.00192770069083,0.146180622650523,0.475567986149223,-0.204955799316302,-0.605961972576464,0.264725750434846,0.154713328988141,1246.0000000001,1.2328246585425,0.0399944759588436,157.0000000001,0.0401564398327705,1.27298109827527,0.0715399334323419,3.32712613161321,0.749368979800898,-0.547270224533836,0.12390788485749,0.963183712924816,0.0763548806621735,1.18594340985685,-0.86624060970099,0.0728182251719767,0.0424763653582461,-0.606639053365376,-0.405409519245441,-0.0342943573196496,-0.223107849950342,0.562105955755759,0.451834062908154,0.102215627178161,0.139017963839617,0.167198521564845,-0.0912970637400179,0.562437227451628,-0.458270500623888,-0.0901040377410538,-0.0901040377410538,-0.144202123056107,1.06316675953723e-11,-0.357956175186761,-0.145738629148951,0.0754454083822455,-0.396217524197754,0.294903960095158,0.833156488980623,0,1246.0000000001,0.0692831920300048,0.00225674130233712,0.778051004705476,0.0478178465894705,3082.71794417158,0.0625,1455,2,"SNETWORK (2 41 3082.71794417158 0.778051004705476 100000259 1455)",100
16,100000260,0.909007450799887,340,0.288659805977357,0.708741764562854,0.0737102907633875,0.0682577010310203,0.067165878475577,-0.744387529106284,-0.857097568772381,-0.435562291018982,0.32777069302949,-0.542526386971682,-0.473726721365596,0.657139158097638,-0.542526386971682,-0.542526386971682,0.337875553731313,0.629392708591391,0.72144141770466,0.314366423184518,0.708097143349965,-0.443531827515401,0.0161216029479497,0.044324905863371,-0.265923265923267,0.909007450799887,9,-0.843674251885356,0.0861816938696189,0.0858530250116887,1.53190592505201,0.904708179460049,0.322658741286431,0.329749695771564,-0.326139316355181,0.150261336459484,464.0000000001,0.111470975692066,0.121216626611407,3104.0000000001,0.601562119129507,0.713033094721573,0.0329498598323908,0.736207818707301,0.343145259557881,0.355608358983042,0.00765222703276084,-0.525395849152558,0.286953180994689,-0.532817839333935,0.461719565327393,-0.413365857059339,-0.576784141265184,1.04766006812598,0.670621388682221,0.114698357797372,1.25705274471132,0.562105955755759,0.451834062908154,-9.04730289579023e-15,-4.51494518067087e-15,-4.84823954093274e-15,0.826770586967398,1.1830185904781,-1.81309274433209,1.01735225640288,1.01735225640288,-0.210634972495766,-0.0154018408356256,-0.895481960911014,-0.778760935021016,-1.51391657973738,-0.600980540238662,1.47710696854984,1.06714520320495,0,3104.0000000001,0.00515116764943523,0.0277986920829555,0.821131456011002,1.08370915049272,3086.22072028724,0.0625,408,2,"SNETWORK (2 16 3086.22072028724 0.821131456011002 100000260 408)",100
3,100000261,-0.477054152466163,64,-0.494845044588713,-0.486027089260215,-0.467885001197052,-0.45962963966976,-0.447550990366083,-0.325144614214883,-0.399491020121677,0.647087124700133,0.96785178924961,0.0292244523220552,-1.15371689176458,0.211855100181905,0.0292244523220552,0.0292244523220552,-4.89007881464851,0.236157159130372,0.275060295837639,1.28290788070412,0.03503438557856,0.501026694045174,-0.58882235528942,1.04055944055944,1.3033033033033,-0.477054152466163,7,0.709691517325722,0.927912032004901,0.933921266466759,-0.518359690340202,-0.478274112786665,-0.79167702897432,0.967650753295243,0.543212734787484,0.0540500992628505,136.0000000001,0.0117525049155874,0.179686468059585,1190.0000000001,0.341867147174925,0.353619651990512,0.0140978542757958,-0.547926276942948,0.992517774664926,-0.810622670798854,-0.631168486748817,0.287630653701194,-1.08759216055197,0.252088844408738,-0.0093099881771485,0.122520106295268,0.286931410251477,0.871682575117336,0.856999189699087,0.185014462177166,0.879064454504275,-0.359369612011191,-0.638641445998378,-0.89778437282183,-0.860982036160378,-0.83280147843515,-0.258760901997005,0.393375816274132,-0.933993002621353,-0.245711894787599,-0.245711894787599,0.110094526133348,-5.91833951535142,-0.476087254508267,-0.510538701917758,-0.380771662108296,-0.415386916694832,-0.144919876426537,0.232556896311916,1.93077774331576e-14,1190.0000000001,0.000468540416814247,0.0136293137589816,0.367623783261592,1.92212136631133,1720.57360606186,0.0624998605480869,65,2,"SNETWORK (2 3 1720.57360606186 0.367623783261592 100000261 65)",100
43,100000262,-0.102258240718281,85,0.12371145778112,0.869954874556633,0.545150200838989,0.54037036033024,0.554967563992924,-0.0939986312388072,-0.0855475083909579,-0.431289904725516,-0.281451809810919,-0.541319546098184,0.610989218031417,-0.691766107092144,-0.541319546098184,-0.541319546098184,0.26673334451061,0.593851612677627,0.398877875326062,-0.0592818032629372,0.731692092310578,-1.14579055441478,2.23053892215569,2.01958041958041,-0.227886977886978,-0.102258240718281,11,0.158843433794745,-0.566996718548878,-0.560034104001115,-0.265895164127914,-0.103421102047288,-0.68922970261348,-0.278722255648395,0.741135857317254,0.0635073521243168,2.0000000001,0.125176402393153,0.265720526974065,5.0000000001,1.30937358084702,1.43454998314018,0.0743890742051667,0.0139761545323389,-0.530290168320486,-0.712293120541106,-0.834334561599687,-0.176984521757106,-0.644720771494206,-0.20224264487681,-0.588553521861418,-0.287909014158427,-0.199504865800165,0.786919488616289,0.493155470685849,-0.867342339415835,0.392283690976257,-0.353148128111646,0.538992472803679,1.14740004420081,1.14528870369965,1.22511257450739,-0.421280583635417,-0.550336627445695,0.687089011969516,-0.385520164949862,-0.385520164949862,-0.0861612016046011,-0.0286496779076039,0.131857370526399,0.0392981047549492,0.714842447872894,-0.0142187090647059,-0.0506452219960977,-0.258839074524343,0,5.0000000001,0.00649106463803341,0.0678980094671333,0.335388674192898,1.61911916960955,3286.79496709419,0.0312500660060792,1555,2,"SNETWORK (2 43 3286.79496709419 0.335388674192898 100000262 1555)",100
16,100000263,0.796180174492024,316,0.288659805977357,0.708741764562854,0.0737102907633875,0.0682577010310203,0.067165878475577,-0.731461847593246,-0.821515516414006,-0.392409457364095,0.388479468550647,-0.319733728005476,-0.497183684648487,0.511328029199592,-0.319733728005476,-0.319733728005476,0.362560187545675,0.573458870053953,0.665412009088098,0.261905686873503,0.647184387703155,-0.443531827515401,0.0161216029479497,0.044324905863371,-0.265923265923267,0.796180174492024,9,-0.399219917818346,-0.236416082351289,-0.234538580377871,0.436767806248035,0.794877207530841,0.473099707941681,0.389648391849241,-0.675106082769791,0.0848059410513815,643.0000000001,0.0871834047030614,0.0888641706002491,2195.0000000001,0.311858647187982,0.399042051791043,0.0195185638867604,-0.230004962521652,-0.171976901308272,0.152521717068986,0.726721084600322,0.891809494219676,0.490069166057363,0.9563272780989,0.597310773455422,0.867608634641837,1.35195207208283,-0.0649586703993727,-0.141113285708747,-1.05882459649401,0.150964046265218,0.562105955755759,0.451834062908154,0,-4.51494518067087e-15,-4.84823954093274e-15,0.979208567101321,1.29139594481337,-1.61336546953067,1.25173016444492,1.25173016444492,-1.40756901422565,1.06316675953723e-11,-0.262885569985093,-0.116397188261896,0.246474284046927,-0.33340933947993,1.32433308687496,0.401674280045235,0,2195.0000000001,0.0042644499161941,0.0152541138705663,0.448351899089508,1.54383017480141,2952.70090017879,0.0625,384,2,"SNETWORK (2 16 2952.70090017879 0.448351899089508 100000263 384)",100
17,100000264,-0.762738342484943,78,-0.550809761043692,0.0528857651479453,-0.358045591966192,-0.357303355798844,-0.355675841278248,-0.0610852602784285,-0.0596962814391785,0.263862568255248,1.27326432696109,0.666086354183019,0.0258463402276633,-0.0847826119736141,0.666086354183019,0.666086354183019,0.503236910723014,-0.0229112598736134,-0.0229557825295198,-0.443660257584744,0.0244964190972641,-0.596303901437372,0.141716566866268,0,-0.395577395577396,-0.762738342484943,9,1.0837210505667,-0.387572096879383,-0.383730672744177,-0.70904967414961,-0.762211417398347,-0.183223701914259,1.27206315887887,-0.444934271005825,0.103035604352535,17.0000000001,0.00280048231097039,0.155671632832829,2476.0000000001,0.616249663942406,0.619050146153377,0.031098817923232,-1.09943635418917,-0.565030306123408,-0.441414234711025,-0.513311708921629,-0.10535706893103,-0.0578399440725299,-0.116826086374316,0.721370145386789,-0.120289925953929,-0.323018172499165,1.8710525552976,1.18850829506982,-0.344753951643701,3.1214194677418,0.121428129376515,-0.277526342387342,-1.15182012691952,-1.11963854165909,-1.12046643587808,0.200082229910394,0.844177825753954,-0.211808541205771,0.211435153216474,0.211435153216474,-0.280473204628935,-0.11462209279226,-1.05747662784882,-1.01966597705162,-0.818622073475386,-0.94637317011973,0.442938862456855,-0.119690948557934,0,2476.0000000001,0.000140685995555295,0.0309581318276767,0.264893499982385,1.50109672918916,1568.06802522873,0.125,497,2,"SNETWORK (2 17 1568.06802522873 0.264893499982385 100000264 497)",100
3,100000265,-0.156140028581613,139,-0.226804037760009,-0.273941878615531,-0.467885001197052,-0.45962963966976,-0.447550990366083,-0.388286306998057,-0.453747815900518,0.547751029036292,0.699529735658676,-0.120497490495418,-1.26018050239042,-0.280748281523675,-0.120497490495418,-0.120497490495418,-4.43396872396832,0.149217718214372,0.221351658612093,1.06516850771915,-0.0347093086942971,0.0739219712525668,-0.0898203592814364,1.0005994005994,0.837837837837838,-0.156140028581613,7,-0.115071075729804,-1.48935232101499,-1.45215748429695,-0.115962015421842,-0.15539557859971,0.142363984241994,-0.817349088370255,0.367540740866008,0.0739188648077427,3948.0000000001,0.466581447980066,0.0497254741899604,1991.0000000001,0.158286992380324,0.62486844026039,0.0381727420678069,0.469919891267061,-0.346564112959688,-0.723257483306277,0.297795642101832,1.57990868014264,0.549411501460693,2.11512371588738,-4.13249472203633,1.23825291370953,2.45089628678676,0.647909153242686,0.766261828963234,0.156763675845683,1.95771588699853,-0.183656619125852,-0.461007527196321,-0.751834212897414,-0.690544926566656,-0.641104661755904,0.405979221993368,0.91595012155538,0.158373201352741,0.450665553265205,0.450665553265205,-0.198423527503554,-0.25524258507907,-0.518246693733702,-0.405111588138979,0.424744597207432,-0.656158073690227,0.367602344303509,0.0216665134830314,0,3948.0000000001,0.0285031089301292,0.0096696330376777,0.670781372027696,2.92210191667508,2157.69675170628,0.0624998605480869,140,2,"SNETWORK (2 3 2157.69675170628 0.670781372027696 100000265 140)",100
29,100000266,-0.791318147863466,92,-0.790377993358492,-0.853832397374456,-0.715996162004961,-0.715344983900652,-0.711097017555422,0.533662482798903,0.497998390902204,1.76301754922816,-0.0236235829138549,0.964723799188151,-0.163190276099818,2.80662529419642,0.964723799188151,0.964723799188151,0.0343073940875501,-0.583112163207062,-0.6866608013465,0.176053329136629,-0.795202314243935,1.05602816075095,-3.18648417450813,-1.88851148851148,0.604422604422604,-0.791318147863466,8,-0.115669373087734,1.07850898754299,1.0874014676844,0.190892683171027,-0.788701361056338,-0.430882007157657,-0.018230332969918,-0.397390933474732,3.57983987991623,2816.0000000001,16.1172528006729,0.0466589022682739,25.0000000001,0.00186495910800141,16.1191177596809,0.625927995168426,5.41525091547403,5.50135285317699,0.182201551145635,-0.163481606123032,-0.433225912311451,-0.660690033520328,-0.368353836611003,-0.312734427084639,-0.515509065524296,-0.522631941922883,-0.349237635862753,-0.396496164974903,-1.28469144401813,0.0112962082441219,-0.471792152073761,-0.752292666128179,-0.897784372821835,-0.860982036160383,-0.83280147843515,0.927928855669761,0.101619313945857,-1.70978762124518,1.1710159044929,1.1710159044929,-0.882584700328382,-6.77320185689803,0.730537801174193,1.53661993362324,1.26218307050409,0.509254947005003,-1.60272420548961,-1.71963128102366,0,2816.0000000001,0.625855576089287,7.24189791385626e-05,0.563694980940821,0.254728464991786,1211.38890378784,0.25,887,2,"SNETWORK (2 29 1211.38890378784 0.563694980940821 100000266 887)",100
37,100000267,0.370480089703889,91,1.29896932353205,1.22104076566898,1.45807027539656,1.42805593959054,1.43873085382348,0.121166801738364,0.0547235106846425,-0.521471953210932,0.624373617119708,-0.402832670037622,0.642796631944991,-1.08801904703362,-0.402832670037622,-0.402832670037622,-0.543103240683207,-0.591884396377467,-0.639816185459884,-0.505816882912104,-0.681434775069394,0.665297741273101,-1.69993346640053,-0.507226107226108,0.644007644007643,0.370480089703889,12,-0.162114025879416,0.692623391067633,0.69516453658451,0.216824130048886,0.36811752624993,0.303459285261248,0.625556244184977,-0.292200249065278,0.232779108929075,496.0000000001,0.738384785890736,0.09617881947923,1069.0000000001,0.657527935544631,1.39591272133537,0.0579911267515727,1.28743472896125,1.13191161791815,-0.0211422980159147,0.529712869691659,0.811047784708463,0.117037149969163,0.739452199484331,0.543030188440863,0.562941432315335,1.05141482321888,0.685388500398847,0.586999968696848,0.149234842623865,0.93298802292441,0.528207847926239,1.07109749798066,2.19258446122347,2.15155944355969,2.28302402457116,0.0446070739277602,-0.0323730324232982,-1.11627045978559,0.0454405912538157,0.0454405912538157,-0.306469665742195,-0.254125540483962,-0.306646981651488,-0.217792557503269,-0.340540145377849,-0.239528079732927,-0.208431562050863,-0.766561416205299,0,1069.0000000001,0.0306751023749464,0.0273160242766263,0.528575718968994,0.442786663712468,4768.27630648524,0.0312499339939208,1139,2,"SNETWORK (2 37 4768.27630648524 0.528575718968994 100000267 1139)",100
41,100000268,0.394791016695143,238,0.680412427894334,0.334368660703197,0.315622755524543,0.310024668600395,0.31737100022456,1.04196599831759,0.909304475054166,-0.517471391657536,-0.543655362230539,0.635648260977075,0.959073789832165,0.522417051144894,0.635648260977075,0.635648260977075,0.368702007259021,-0.775990663098923,-0.894312042400624,-0.422628100052381,-0.928769557792299,-0.720739219712526,0,-0.434965034965035,-0.700859950859951,0.394791016695143,10,0.149549779230415,0.420294751872079,0.420443187916811,-0.171526745660425,0.392692141187129,-0.401007872882666,-0.54024712245892,0.487191594878787,0.21983013946402,624.0000000001,0.877258054367185,0.169702211228405,650.0000000001,0.705434015208775,1.58269206947596,0.0689666269710126,0.466906068567785,0.8845631821347,0.0423768738662717,-0.414804475297425,-0.681948002776232,-0.485268705409033,-0.651767534664831,-0.97467611379952,-0.630527747265664,-0.226060284086118,-2.00050549004968,-1.96953169125949,-1.71280525149081,-0.484470878853442,0.562105955755759,0.451834062908154,0.102215627178161,0.139017963839617,0.16719852156485,-0.256352160013909,0.496092849162269,-0.214322315654356,-0.243558889839232,-0.243558889839232,-10.8545433698395,-9.91406504380082,0.551205879298683,0.668525205853484,0.922172869247735,0.394982653633442,0.577105871870965,0.874175099342732,0,650.0000000001,0.0382269741972553,0.0307396526737573,0.741923000505454,0.979945437749848,3021.30417654998,0.0625,1444,2,"SNETWORK (2 41 3021.30417654998 0.741923000505454 100000268 1444)",100
34,100000269,1.2841978548561,257,1.95876350285277,1.6240746339498,1.11742223327512,1.09970853501445,1.1005013034785,0.652472830320478,0.49763209215024,-0.321131684575752,-0.656762213757481,-0.64546583475653,0.599090041507599,1.62081096262845,-0.64546583475653,-0.64546583475653,-0.883938019736829,-0.648803640565181,-0.733105782751493,-0.693629377010959,-0.718811694086507,-1.3305954825462,1.62674650698603,0.565034965034965,-1.23832923832924,1.2841978548561,12,-0.947601580648857,0.593434003198178,0.594899499173292,2.01570459994401,1.28979835895854,1.46900532851769,-0.652854620276165,0.5084146223157,0.0390272811734038,145.0000000001,0.0361903981909745,0.0327197648427419,692.0000000001,0.14480158946195,0.180991987552924,0.00765088663977073,0.478756531481483,-0.499920725481554,1.24717280771925,0.967742297775959,-0.443953559451128,0.897062439924678,-0.411419297333251,-0.651913263704565,0.104989658307472,0.0778975483694357,1.25243701322988,1.2779876974734,-0.0717628542782947,3.29658806681503,0.596004386864676,1.11697181886013,1.94951932163214,1.90579610490569,1.97250790594048,-0.133836784637802,0.553024958739196,0.405317183570815,-0.130792864778003,-0.130792864778003,-0.062264418777637,-0.0715681217722217,-1.0206296537819,-0.938339805712961,-0.589692376471548,-0.961321686759753,0.393326524316906,-0.207783131123226,0.000879230442201015,692.0000000001,0.00152983915763232,0.00612104738213841,0.145055040928614,2.7318882966587,5747.28498912247,0.00781248349848019,972,2,"SNETWORK (2 34 5747.28498912247 0.145055040928614 100000269 972)",100
29,100000270,-1.07650812068319,25,-0.790377993358492,-0.853832397374456,-1.31184600508887,-1.30651564302517,-1.32383268064034,0.439624163437476,0.39395618075652,1.57040023454877,0.255376744404036,0.586989103271207,-0.148335235296551,2.07748244746892,0.586989103271207,0.586989103271207,-0.237067420672795,-0.346102058705692,-0.487992465643294,0.0769355728839337,-0.478257269490226,0.279260780287474,-1.27411842980705,-0.441958041958041,0.405132405132405,-1.07650812068319,8,0.798405105423835,9.07025679522895,9.76016649974212,-0.0571941591524681,-1.07680746009917,-1.08815752810983,0.257301859450232,0.727465623736501,0.452909647225394,1429.0000000001,1.03475745942587,0.0852165101032517,29984.0000000001,4.0851506681352,5.11990812746107,0.0503941344296094,0.534456453275759,-0.943158685729934,-1.18240937712663,-1.08235327184215,0.174448192839588,-2.26222324017298,0.041887444810075,-1.78368666623514,0.00369888616572889,0.00509629256743611,-0.772964712727905,-0.43257685635575,0.105025544310637,-0.419011954567579,-0.471792152073761,-0.752292666128179,-2.3587188560243,-2.29529197602235,-2.43477706343215,-2.17581002350987,-0.0534430250139808,-0.465866683150886,-1.3770103962954,-1.3770103962954,0.141690166444902,1.06316675953723e-11,-0.128211034002861,-0.174981873380275,-0.371303536820524,-0.0471007343684137,-0.297437264222922,-0.479425242160568,0,29984.0000000001,0.0101848910384083,0.0402092432912011,0.157937408371313,7.60988822361315,834.961573264605,0.25,820,2,"SNETWORK (2 29 834.961573264605 0.157937408371313 100000270 820)",100
41,100000271,-0.803622702539868,24,-0.886598059773572,-0.0928456434617663,-0.0369605603324269,-0.0422694509956289,-0.0386919408759992,0.931793961929656,1.11046652335016,0.899024457938771,-0.073772009860357,0.323132490370734,0.430441959868446,0.352524000051729,0.323132490370734,0.323132490370734,0.554375968962066,-0.279338973965964,-0.434002234578548,0.0465452097041277,-0.388522296487329,-0.720739219712526,0,-0.434965034965035,-0.700859950859951,-0.803622702539868,10,0.115734863776578,1.37963655182913,1.39580382409066,-0.0322273254496054,-0.805364594522557,-1.03941556038886,-0.0696468235836979,0.533394049472834,0.0497251533506198,40.0000000001,0.0127201333539612,0.068354837414888,2534.0000000001,1.10772358851388,1.12044372176785,0.0412804644680383,-0.0979613459239581,-0.121258484060537,-0.917916312554781,-0.915625167253706,0.0190950638557182,-1.54567487709019,0.0163487401713839,-1.00796731615198,0.115243538395511,0.112691955256236,-0.22084789054392,-0.423928640993078,-1.136427819019,-0.272197822912593,-0.658232714974315,-1.30374704394875e-15,-1.4058558810172,-1.37829262321507,-1.4081339961998,0.180296227956402,0.972799512683109,-0.341577486662362,0.189634838023558,0.189634838023558,2.1742700239525,-0.634441407308611,0.0309190807560274,-0.0999007006527673,-1.66574034370653,0.450330272762417,-0.27442276027402,0.0681540019407452,0,2534.0000000001,0.000468647373707635,0.0408118169943307,0.0350467630815003,0.996269414887769,1819.68969649093,0.0625,1230,2,"SNETWORK (2 41 1819.68969649093 0.0350467630815003 100000271 1230)",100
37,100000272,0.600000172801592,141,1.29896932353205,1.22104076566898,1.45807027539656,1.42805593959054,1.43873085382348,0.215551205971115,0.143784212610686,-0.464093415136079,0.498396293521752,-0.507126514762327,0.69255146126189,-1.07071490507612,-0.507126514762327,-0.507126514762327,-0.58444405441999,-0.71300899319829,-0.774198860386768,-0.682849604181854,-0.801729394916077,1.28439425051335,-2.76197604790419,-0.927972027972028,1.1480343980344,0.600000172801592,12,1.29940258074706,-0.136917962193557,-0.136006463138875,-0.749699863918103,0.597508375926712,-0.390662719608009,0.499279201029023,0.939942355126136,2.22123061893308,126.0000000001,1.78986905035279,0.312553883712095,489.0000000001,0.977441604354259,2.76731065460705,0.133004598133745,1.14555697263887,0.186068288101676,-0.284010859517241,-0.435907511338083,-0.220623059460737,-0.347678304346371,-0.233062804994818,0.230418783232958,0.62001887075793,1.05156005486535,-0.536338392959023,-0.348566580661291,-1.22014954296954,-0.289945389937231,0.528207847926239,1.07109749798066,2.49128335350511,2.43190516496891,2.56892317405732,-0.805487748351293,0.0608973186788134,0.371865455631703,-0.676729291874397,-0.676729291874397,-0.287530360799461,1.06316675953723e-11,1.12275238738983,1.2341202954275,1.67170785524899,0.839891892321567,-1.68723528708323,0.140000396883102,0,489.0000000001,0.0860260531914582,0.0469785448422863,0.837663752560065,2.04554904421093,5082.03678754814,0.0312499339939208,1189,2,"SNETWORK (2 37 5082.03678754814 0.837663752560065 100000272 1189)",100
29,100000273,-0.972514162415967,50,-0.790377993358492,-0.853832397374456,-0.959757100198023,-0.960709455694412,-0.961711264614227,0.434431200389076,0.361063185526549,1.59554955369162,0.118439940946712,0.885448655497312,-0.20876060941616,2.93037117707133,0.885448655497312,0.885448655497312,-0.0849395306512164,-0.354675986020932,-0.455214414001457,0.489503356651976,-0.564591383965011,0.388090349075976,-1.93862275449102,-1.29510489510489,0.10534398034398,-0.972514162415967,8,0.719130698685528,-0.402747659526755,-0.398675655667881,-0.580793761376249,-0.971448680098491,-0.112834201841978,0.120147989981196,-0.440091454253371,0.962047605458031,4022.0000000001,6.18633444112896,0.0750099693757674,762.0000000001,0.0913836972545669,6.27771813828353,0.316216229971676,-0.290747494249254,-0.137643692765443,0.0968970057420858,-0.283486583680172,-0.588745025729723,0.0185426740090617,-0.651273688642692,0.180291980208687,-0.664835895860896,-0.802299247111561,-1.35211171182932,-1.49196973609733,-1.52447642315439,-0.449206451921481,-0.471792152073761,-0.752292666128177,-1.4058558810172,-1.37829262321507,-1.40813399619979,-0.119659028592859,-0.394353899372412,0.993493683895662,-0.117321725333637,-0.117321725333637,-3.95470117778264,1.06316675953723e-11,0.943265112108225,0.843787844995115,-0.248965233169002,1.10730548397374,-1.58854931671266,-0.815673870253805,0,4022.0000000001,0.311613122890783,0.00460310698089315,0.303779439559851,0.685736992187332,970.261393131758,0.25,845,2,"SNETWORK (2 29 970.261393131758 0.303779439559851 100000273 845)",100
43,100000274,0.122799550250102,119,0.12371145778112,0.869954874556633,0.965149594579297,0.947078472655203,0.966783102940535,0.0181504382522671,0.0198325988171636,-0.470554445170805,-0.351827424098912,-0.322875752613723,0.79444210614266,-0.873341316499468,-0.322875752613723,-0.322875752613723,0.250624594126109,0.45433665128613,0.264391729928628,-0.419492730497417,0.621745251311156,-1.14579055441478,2.23053892215569,2.01958041958041,-0.227886977886978,0.122799550250102,11,1.01735872984258,-0.555444909322712,-0.54870938671171,-0.697231748662985,0.119487662896089,-0.651655694904469,-0.348926265884343,0.70851250526993,0.0543368727968765,5.0000000001,0.26775223740993,0.0232187868164612,5.0000000001,0.114413689780597,0.382165927090527,0.0197768853648266,0.195796871200309,0.269582049888603,-0.691088959648619,-0.799726355930592,-0.153209872669971,-0.592398574937125,-0.17483008511254,-0.658236738205329,-0.155714339100392,-0.0941102208737847,-2.35338664975998,-1.84945827716767,-0.0195378502965836,-0.484701585970756,-0.353148128111646,0.538992472803681,2.19258446122347,2.15155944355969,2.28302402457116,-1.44558817395257,-0.0815496446693257,0.15086016128115,-1.0595583744857,-1.0595583744857,0.95742482576288,1.06316675953723e-11,0.742499130154076,0.823994084808857,0.356294797820928,0.741199798294396,-0.222100746069229,-0.0173316877482662,0,5.0000000001,0.0138560371364828,0.00592084812834385,0.46852753687262,0.766034712956753,3481.00048013536,0.0312500660060792,1588,2,"SNETWORK (2 43 3481.00048013536 0.46852753687262 100000274 1588)",100
43,100000275,-0.139072576781012,75,0.12371145778112,0.869954874556633,0.545150200838989,0.54037036033024,0.554967563992924,-0.113651454671521,-0.105281517495147,-0.458917507730307,-0.280701926791158,-0.546118776299568,0.608852353803738,-0.689793615759411,-0.546118776299568,-0.546118776299568,0.267347666000468,0.600411511967554,0.406142855320326,-0.0488586078925144,0.738055214808529,-1.14579055441478,2.23053892215569,2.01958041958041,-0.227886977886978,-0.139072576781012,11,0.138796370224884,-0.622785684721886,-0.61467524453957,-0.204820438799525,-0.141833997363504,-0.927000132263992,-0.2779848692534,0.823096463107581,0.0391991884516312,1.0000000001,0.0386318530608198,0.0351378080503775,2.0000000001,0.0692585070837559,0.107890360044576,0.00565019854296188,-0.326399147282956,-0.331956465973853,-1.01412703059656,-0.893496689603201,0.205113168428104,-1.02383085418139,0.234647594893723,-0.831397342700624,0.205768825725278,0.143079384233331,-2.35338664978287,-2.36532122230816,0.00160591984962249,-0.49000222266613,-0.353148128111646,0.538992472803681,0.102215627178161,0.139017963839617,0.167198521564845,-2.64435639532357,-0.0320078812131569,-0.368967134807575,-1.53051534244631,-1.53051534244631,3.00822347812549,1.06316675953723e-11,1.12259833026421,1.09097369766927,1.35850888277233,0.915385918612077,-1.38072443904826,-3.57863341332045,0,2.0000000001,0.00202314308303436,0.00362705535992751,0.298271415349609,0.542334368281464,3232.65317745247,0.0312500660060792,1545,2,"SNETWORK (2 43 3232.65317745247 0.298271415349609 100000275 1545)",100
3,100000276,-0.403323729740896,83,-0.226804037760009,-0.273941878615531,-0.467885001197052,-0.45962963966976,-0.447550990366083,-0.341616060206406,-0.414532817259485,0.587565217456124,0.842247895300607,-0.0474164094773597,-1.19159034769889,-0.0905376981698543,-0.0474164094773597,-0.0474164094773597,-4.6772912676105,0.212695277209796,0.269668835519317,1.20184419489731,0.0202970243917162,0.637577002053388,-1.16766467065868,0.37272727272727,1.11578624078624,-0.403323729740896,7,1.13924596786969,0.607535074789924,0.609139332425044,-0.692414749104082,-0.403036334971279,-0.0773794063728831,0.842302605884313,-0.624112817460718,0.182910206229301,3791.0000000001,1.10863033542272,0.126999005408812,3339.0000000001,0.677972023287438,1.78660235861016,0.0753367334595465,-0.384767961676814,-0.441620311983546,-0.00983493486737199,0.389839577408988,0.628716619421536,-0.191842483620426,0.581823679808639,0.483415844463912,0.391767854009312,0.838616758994496,0.44421634187524,0.746157503351506,0.170330372577113,0.625984373813054,-0.183656619125852,-0.461007527196319,-0.849021708326805,-0.804038161642357,-0.768754631474961,-1.04265974376014,0.121050845391469,-0.498580648443337,-0.832076227756309,-0.832076227756309,0.0324750804493311,-12.4116738319452,0.228146446790804,0.118779931453354,0.492679247488703,0.144911406856362,0.262819923715185,0.204412371815001,0,3791.0000000001,0.0467482803706583,0.0285884529888882,0.445756814789149,0.514428626571316,1833.23368051051,0.0624998605480869,84,2,"SNETWORK (2 3 1833.23368051051 0.445756814789149 100000276 84)",100
37,100000277,0.0209887815362665,21,1.29896932353205,1.22104076566898,1.50580654500643,1.48232234240258,1.49987706507974,0.0877396237569911,0.019430411031343,-0.472247866584732,0.723426209469843,-0.271889857239335,0.619519731124515,-1.12755857729573,-0.271889857239335,-0.271889857239335,-0.495790986023204,-0.508709560266856,-0.544023444894854,-0.410586846816759,-0.594008816893495,0.170020533880904,-0.850299401197607,-0.17062937062937,0.240786240786241,0.0209887815362665,12,0.440471920943834,0.342615939624099,0.342408379307645,-0.404481467212228,0.0197067781263861,-0.39624855297647,0.723572840656681,0.30774234427033,0.182209846510805,1560.0000000001,1.8178309875497,0.100226909881878,13.0000000001,0.00833268107044594,1.82616366852015,0.0806687672127879,-0.180683540486485,0.315369524096172,-0.667049665588973,-0.176063513582788,0.765502026099397,-0.462596688363609,0.741793849961487,0.279543007667569,0.609853964244191,1.21002726347692,-0.464973014031574,-0.745195961191043,-1.36294378964332,-0.274268559965563,0.528207847926239,1.07109749798066,2.45049143062533,2.41514382464227,2.5528332335563,0.656892810055165,0.8400302454265,-2.09809709299395,0.775091526717345,0.775091526717345,1.2595549729899,1.06316675953723e-11,0.293275602299436,0.5673168941902,0.431360997491069,0.231057079417037,0.0584628387777128,-0.205353099868527,0,1560.0000000001,0.0803006801158477,0.000368086996940196,0.116518900772289,0.777804314682726,4349.99047380335,0.0312499339939208,1069,2,"SNETWORK (2 37 4349.99047380335 0.116518900772289 100000277 1069)",100
15,100000278,1.03006846394347,363,0.288659805977357,0.708741764562854,0.0737102907633875,0.0682577010310203,0.067165878475577,-0.489171952834023,-0.668377221578064,0.0966941178193784,-0.067910525046622,-1.01178164878769,0.0642249439619292,0.784529342485363,-1.01178164878769,-1.01178164878769,0.252598584768043,0.660246114772424,0.771863945907365,-0.0790015802026946,0.819007640797575,0.850102669404518,-2.28293413173653,-0.85454545454545,0.879299754299754,1.03006846394347,9,1.59604871084986,2.42010912557498,2.47596612034784,-0.747357769472231,1.02307871173224,-0.974091917756336,-0.0656658418193087,0.721702950197037,0.0412015992826211,31.0000000001,0.00204207816940754,0.0907305565753454,13826.0000000001,2.00561099439344,2.00765307246284,0.0617274592043938,1.5024711887978,2.60647953013118,-0.954721280912752,-0.917894477120156,0.0674695474461768,-1.58344283681204,0.0471675494424923,-1.0395898199548,0.119781698107412,0.116015004801043,-2.35338664978656,-2.37560927380201,-1.81700660454991,-0.491155758252703,0.562105955755759,0.451834062908154,-4.52365144789511e-15,-4.51494518067087e-15,-4.84823954093274e-15,-2.5157092003079,-0.145115948453194,-0.201431490795735,-1.49165687988094,-1.49165687988094,-0.799966951975251,1.06316675953723e-11,1.32461447280223,1.62177960048734,0.337908677951138,1.3831985042287,-1.82754792602673,-1.86845542490148,0,13826.0000000001,6.27858927683058e-05,0.0616646732116255,0.0988865620498742,1.68737397436053,3219.30671977785,0.0625,349,2,"SNETWORK (2 15 3219.30671977785 0.0988865620498742 100000278 349)",100
41,100000279,0.316300119479006,228,0.680412427894334,0.334368660703197,0.315622755524543,0.310024668600395,0.31737100022456,1.06178417172315,0.940643610337073,-0.407535494428914,-0.51799303485671,0.661053561520791,0.908577060354281,0.335604379235211,0.661053561520791,0.661053561520791,0.399618028822757,-0.719569601592319,-0.839775294108532,-0.362416907723012,-0.868660751520981,-0.720739219712526,0,-0.434965034965035,-0.700859950859951,0.316300119479006,10,-0.299000714669732,-0.136351945179369,-0.13544520655333,0.292326698725714,0.316528090212014,-0.114101729371091,-0.514467249639224,0.531907986045289,0.108584055205845,150.0000000001,0.104162850280703,0.212923905611541,889.0000000001,1.21054718979765,1.31471003997835,0.0631822935502826,-0.607706875685987,-0.176183392646241,-0.0467149650458966,1.08691582993138,1.77645263879354,-0.0484750970115644,1.87229074877447,-0.671488085392302,1.66953088943122,0.669638114108936,0.580365295099966,0.570489628436004,0.0791892535902492,0.812215660511663,0.562105955755759,0.451834062908153,0.102215627178161,0.139017963839617,0.16719852156484,0.0549943715170247,0.683178419930714,-1.60365034481786,0.0561587722679836,0.0561587722679836,-0.0402707712924926,-0.266571010938364,-1.05561239718694,-1.0405180422393,-1.22800377231366,-0.845433148109628,0.29730108185323,-0.532372494402511,0.000854903121929953,889.0000000001,0.00500585495440801,0.0581764384958746,0.708425008820111,0.232870103674941,2964.36115069769,0.0625,1434,2,"SNETWORK (2 41 2964.36115069769 0.708425008820111 100000279 1434)",100
41,100000280,-0.318483110570271,135,-0.886598059773572,-0.0928456434617663,0.315622755524543,0.310024668600395,0.31737100022456,0.96929359301444,1.00128383494723,0.177043468082321,-0.287930133882844,0.799204320689507,0.556078040389249,0.392141767696712,0.799204320689507,0.799204320689507,0.501803366536081,-0.752989722802488,-0.869697574453711,-0.20486214606924,-0.939637963308759,-0.720739219712526,0,-0.434965034965035,-0.700859950859951,-0.318483110570271,10,0.175412122105532,0.930061857630801,0.936108643366751,-0.0508795524348954,-0.318774651300079,-0.454697341453532,-0.285195874858441,0.471863851830799,0.0547512166201759,108.0000000001,0.0378157805641856,0.106388632535293,1402.0000000001,0.953891061730864,0.99170684219505,0.0395217925648067,2.40450950523174,2.29804052049026,0.210236567255377,-0.583804118595654,-1.1137814015272,-0.656529391663064,-0.973125968364165,-0.604429722037353,-1.7648410340466,-1.20685652961681,-0.831702860633337,-1.17638004654448,-1.39108744591284,-0.398962943372657,-0.658232714974315,-1.30374704394875e-15,0.102215627178161,0.139017963839617,0.16719852156485,0.271122374295178,1.0463661647217,-0.748010076151758,0.291389364870647,0.291389364870647,-0.503099216876882,1.06316675953723e-11,0.659749190212614,0.674716727037736,0.589935766706771,0.594125860965961,-0.180535770536348,0.211741463437862,0,1402.0000000001,0.00150704559448526,0.0380147468703214,0.404114868030889,2.19293871335685,2447.06625204087,0.0625,1341,2,"SNETWORK (2 41 2447.06625204087 0.404114868030889 100000280 1341)",100
41,100000281,0.00739256637143035,187,-0.886598059773572,-0.0928456434617663,0.315622755524543,0.310024668600395,0.31737100022456,0.931569180090766,0.895627127743512,-0.328470613935532,-0.402098311780496,0.882234023847326,0.586133575791109,0.766539556705289,0.882234023847326,0.882234023847326,0.475495751461553,-0.646840829252858,-0.773755679400005,-0.255902988190836,-0.796469823341017,-0.720739219712526,0,-0.434965034965035,-0.700859950859951,0.00739256637143035,10,-0.552693694182197,0.17501903492272,0.174547355544746,0.798811864975476,0.00538698806820052,-0.31151316529571,-0.399057985110525,-0.715782659496016,0.129235921986696,1842.0000000001,1.52239872083017,0.0850343843290505,548.0000000001,0.298009884466028,1.8204086051962,0.0828182229798104,-0.210926513577255,-0.516097230580335,-0.0594874109763509,-0.292381810589015,-0.359905894218718,-0.329569890087602,-0.359317992588147,-0.589454311194634,-0.624085384872702,-0.331238513698607,0.670208595790696,0.665111562642733,0.0672538848365833,1.00236896820462,-0.353148128111646,0.538992472803679,0.102215627178165,0.139017963839622,0.167198521564845,-0.138416059358514,-0.434006510113889,0.733885762805826,-0.135124879277244,-0.135124879277244,-0.0603887670583195,1.06316675953723e-11,-0.686692640854643,-0.616524944276642,0.108476989738418,-0.764243190772725,0.28202578412309,-0.843462461103198,0.000496130593184777,1842.0000000001,0.0692604705407371,0.0135577523390733,0.571862037657521,0.231289136378214,2732.21861300698,0.0625,1393,2,"SNETWORK (2 41 2732.21861300698 0.571862037657521 100000281 1393)",100
28,100000282,-0.304688636396726,175,-0.790377993358492,-0.853832397374456,-0.715996162004961,-0.715344983900652,-0.711097017555422,0.770915197196794,0.781670851652144,2.0300933678272,-0.424014247777375,0.47188579900397,0.104566829552098,2.82748761701588,0.47188579900397,0.47188579900397,0.00456833822738538,-0.860933466280171,-0.931992059018439,0.716378348317771,-1.24437024253745,0.468172484599588,-2.26546906187625,-1.53286713286713,0.194922194922195,-0.304688636396726,8,-0.239655608191262,-1.03022070721266,-1.01111469309235,0.0837757448566333,-0.304303613624903,-0.193795396425757,-0.420884019223316,0.44043747624156,1.06059102924969,2455.0000000001,4.16288306221757,0.105137813762237,3445.0000000001,0.579085824035883,4.74196888615346,0.266942660009263,-0.531143116601771,-0.154057901371511,-0.0669924452974788,0.236557795195754,0.477676772520013,0.090950073003737,0.588401240972434,-0.405235668434249,1.05375948058176,0.545773238636728,-0.133451667562784,-0.026333098273466,-0.0444979460328116,0.0103733797748636,-0.471792152073762,-0.752292666128179,-0.897784372821835,-0.860982036160378,-0.83280147843515,0.647887846007964,0.135662375258448,1.15007838251708,0.762778439554557,0.762778439554557,1.51720429820218,1.06316675953723e-11,0.230534990542708,0.219235336046526,0.897530094867286,0.0497235403516743,0.502666494341928,0.277774526648476,0,3445.0000000001,0.234343814604345,0.0325988453049182,0.0687739225962625,0.278411312901881,1670.7539557194,0.125,716,2,"SNETWORK (2 28 1670.7539557194 0.0687739225962625 100000282 716)",100
41,100000283,-0.0718929545765156,177,-0.886598059773572,-0.0928456434617663,0.315622755524543,0.310024668600395,0.31737100022456,0.913224912805475,0.878959908284711,-0.229284854346592,-0.382900701730249,0.854011604597126,0.52258199493765,0.81513151698221,0.854011604597126,0.854011604597126,0.481679379716434,-0.646879319810526,-0.771163742746567,-0.169702924956784,-0.812299360179937,-0.720739219712526,0,-0.434965034965035,-0.700859950859951,-0.0718929545765156,10,-0.587171941710079,-0.752931491537189,-0.741811820749496,0.698513166887113,-0.0675358025682406,0.98963119839481,-0.37988593884066,-0.304721339013629,0.131128890826429,1170.0000000001,0.981159895897956,0.0473559340634246,90.0000000001,0.0272566486924172,1.00841654449037,0.0540420039291889,0.56073555853549,1.60318191056182,1.13360725733031,0.464688767935061,-0.997164052418514,0.994845483352743,-1.17337893081703,0.0975579958377149,-2.01123633912318,-1.0747931063637,1.20573584087232,0.673801376889306,-0.0296895171917069,1.04315911194641,-0.353148128111646,0.538992472803681,0.102215627178161,0.139017963839622,0.16719852156485,-0.301423032599766,-0.516866307752149,0.650957614630708,-0.283445818773233,-0.283445818773233,0.127855172030696,-0.190974326103341,-0.749814892767084,-0.705241808275128,0.397907762013849,-0.903298055050884,0.249700958698776,-0.332577712657395,0,1170.0000000001,0.0525812940502823,0.00146070977890664,0.540279320156008,0.169286368121788,2678.53134972065,0.0625,1383,2,"SNETWORK (2 41 2678.53134972065 0.540279320156008 100000283 1383)",100
29,100000284,-1.12939905151509,10,-0.790377993358492,-0.853832397374456,-1.31184600508887,-1.30651564302517,-1.32383268064034,0.417777720743471,0.373514573797276,1.551983833647,0.256699622715106,0.583812620083329,-0.147859421251741,2.06593389955135,0.583812620083329,0.583812620083329,-0.236727556933394,-0.343083407547535,-0.484800071700273,0.0767229112393113,-0.474410027512181,0.279260780287474,-1.27411842980705,-0.441958041958041,0.405132405132405,-1.12939905151509,8,0.926224428558095,10.8763483310743,11.8106413770722,0.265127077102277,-1.12563285802877,-0.948872395591112,0.260646487311375,0.683659257533806,0.0497554767829317,11547.0000000001,0.918554275219947,0.0974494517478597,37763.0000000001,5.8835663290056,6.80212060412555,0.0492849119984425,-0.323887272920684,1.57188155319288,-0.916391145884399,-0.930922500598965,-0.00656148424993225,-2.26668417809049,0.00349698672506212,-1.79334762370985,-0.0177669221714765,-0.0242975435774416,-1.32104239303136,-1.29057338683255,0.105075442589574,-0.479170242158068,-0.471792152073761,-0.752292666128179,-2.3587188560243,-2.29529197602235,-2.43477706343215,-2.95365779795627,-0.103937687201926,-0.411599653992196,-1.61491667816788,-1.61491667816788,-0.212790769890383,1.06316675953723e-11,0.445065707029078,0.27437085722152,-0.0683143098710617,0.55837230915906,-2.32632763242129,-1.53691302154259,0,37763.0000000001,0.00665540485954228,0.0426295070389002,0.0694352029990062,7.70696719863918,752.856762003171,0.25,806,2,"SNETWORK (2 29 752.856762003171 0.0694352029990062 100000284 806)",100
17,100000285,-0.0518478879528359,205,0.152577399052067,0.406018494492994,0,0,0,-0.388866283137485,-0.416864243329005,-0.0634988587441758,0.864951510840421,0.225449154177625,-0.290711058176102,0.0197190072581335,0.225449154177625,0.225449154177625,0.421624035872173,0.114501650192477,0.163839839655493,-0.0965353454475155,0.134189600230472,-0.443531827515401,0.0161216029479497,0.044324905863371,-0.265923265923267,-0.0518478879528359,9,-0.627537491291515,-3.2681729093062,-3.09833692781223,0.344940138453762,-0.052790715622225,0.349693121964957,0.864700152151917,0.135717791965485,0.0752578229712082,192.0000000001,0.0231019934109492,0.0821611777967336,2309.0000000001,0.303310303379353,0.326412296690302,0.0274803372626696,-0.201941682355407,0.826834211737728,0.436771649632425,0.142202115160746,-0.45028314387784,1.24588150157254,-0.836455321117205,1.18499068849364,-0.036759843607803,-0.0182047111588822,0.70232680387913,0.807929205359952,0.17233791317552,2.22346235113061,0.121428129376515,-0.277526342387342,0.0855476515397393,0.116348748783652,0.139933993026901,0.318721550659396,-0.114322188011075,0.306718291053121,0.34646531958651,0.34646531958651,0.516668598356889,1.06316675953723e-11,-0.913142631972352,-0.779728473295111,-0.652146418799154,-0.828509499698848,-0.083585205051781,-0.766068151867366,0,2309.0000000001,0.00194493458716556,0.025535402575504,0.714076776683524,1.45386253483593,2316.01483065993,0.125,624,2,"SNETWORK (2 17 2316.01483065993 0.714076776683524 100000285 624)",100
42,100000286,-0.887571792645537,5,-0.886598059773572,-0.0928456434617663,-0.0369605603324269,-0.0422694509956289,-0.0386919408759992,0.983072318926565,1.236422722124,1.34303478778079,0.113143892119652,0.0459994534576771,0.354858294760901,0.572761465429808,0.0459994534576771,0.0459994534576771,0.593719208653199,-0.128346977498078,-0.323603783038537,0.132522557999537,-0.213905425748216,-0.720739219712526,0,-0.434965034965035,-0.700859950859951,-0.887571792645537,10,-0.064862783682831,-0.432894034637909,-0.428345763153053,-0.0491077304974931,-0.887617080261673,-0.3092187887509,0.114840014295344,-0.411439182530554,0.0816172368749575,707.0000000001,0.36902589355078,0.0528060840821895,30.0000000001,0.0101311970038267,0.379157090454606,0.0192006022838171,0.451458764886051,0.857443986371675,-0.606241155093531,-0.378937928363065,0.351763003774979,-0.184392503314095,0.389983393153078,0.0694828423852673,0.669251569127979,0.803748406848038,0.791127844965347,0.614597825982337,-0.751588962239217,0.220103030422391,-0.658232714974315,-2.60749408789749e-15,-1.4058558810172,-1.37829262321507,-1.4081339961998,-0.672901116193788,0.548908276261956,-0.596931107777859,-0.582084077489005,-0.582084077489005,0.135896696438392,-0.0277688005068862,0.0491682772160236,-0.168449615174197,-1.14219060203183,0.343838840764336,0.427129080430712,0.140292806223336,0,707.0000000001,0.0186875560445127,0.000513046139304335,0.33709797349796,0.72394213732332,1718.16265220584,0.0625,1472,2,"SNETWORK (2 42 1718.16265220584 0.33709797349796 100000286 1472)",100
28,100000287,-0.204268062289313,186,-0.790377993358492,-0.853832397374456,-0.715996162004961,-0.715344983900652,-0.711097017555422,0.769790049596718,0.777894332940359,2.04320226189129,-0.437630067285371,0.354468137785359,0.102335176963877,2.70498655727121,0.354468137785359,0.354468137785359,-0.0239369260974147,-0.881551140090777,-0.950422490904856,0.672336947275024,-1.26229986738849,0.468172484599588,-2.26546906187625,-1.53286713286713,0.194922194922195,-0.204268062289313,8,-0.646203678699181,0.113555743604568,0.113161916638781,0.996258463014018,-0.195278886280296,1.08347306106031,-0.434267054510799,1.08271551160985,0.194121249684441,3525.0000000001,1.09402429190482,0.0668177316289732,6245.0000000001,0.667143003143021,1.76116729494784,0.0809939760594953,0.713739018553508,0.737448581875783,0.797265339489895,1.71669247638302,1.36654171696629,0.810626296503624,1.37838676422206,-0.082527092216168,1.96417975097477,0.974872757912663,0.135115157862529,0.126871968749689,-0.0496606862088567,0.333509646089655,-0.471792152073761,-0.752292666128177,-0.89778437282183,-0.860982036160378,-0.83280147843515,0.727167553508221,1.08137280577611,-1.55977051555275,0.87298335192592,0.87298335192592,0.898259343505817,1.06316675953723e-11,-0.962257057502758,-0.831704925236043,-0.522752954179406,-0.913560610052137,0.827604014333879,-0.135492115800516,0,6245.0000000001,0.0503128677489999,0.0306811082104953,0.145574569725416,2.85207914847011,1731.72463171947,0.125,727,2,"SNETWORK (2 28 1731.72463171947 0.145574569725416 100000287 727)",100
29,100000288,-0.56685632469394,133,-0.790377993358492,-0.853832397374456,-0.715996162004961,-0.715344983900652,-0.711097017555422,0.592566250949895,0.566388541511188,1.78834253847256,-0.194190220829966,1.22454261350615,-0.253626183720172,3.56609158733195,1.22454261350615,1.22454261350615,0.151155894138446,-0.730835151919373,-0.829589625871635,0.599083101525512,-1.05887948161307,0.340041067761807,-1.74251497005988,-1.15244755244755,0.0515970515970513,-0.56685632469394,8,0.224143041802555,0.0483084651454897,0.0481010772636605,-0.27225529017883,-0.568570654864162,-0.808917610164656,-0.191659390819313,0.324909646328942,1.70035412118272,1771.0000000001,4.81451678514032,0.160302876890365,3000.0000000001,0.768877826673494,5.58339461171381,0.259738905345706,-0.327689665732549,-0.523828071768463,-0.52272753422809,-0.728384554324105,-0.311815382307187,-0.951024010336606,-0.318465731315714,-0.674480006537997,-0.466285407765852,-0.369060120905152,-0.371830388763282,-0.458022618021968,0.128049491797198,-0.311609350953355,-0.471792152073761,-0.752292666128177,-0.897784372821839,-0.860982036160374,-0.83280147843515,-0.803768404515803,-0.27802558470364,0.491170871270679,-0.675539103713549,-0.675539103713549,1.22872983674647,-0.823755255401152,0.95126755055756,0.829267058005184,-1.56964250252047,1.43511955625837,-0.959879061776339,1.3575570593572,0,3000.0000000001,0.223970793042694,0.0357681122030123,0.812573206076125,0.480339164666421,1442.27693212401,0.25,928,2,"SNETWORK (2 29 1442.27693212401 0.812573206076125 100000288 928)",100
43,100000289,0.144033931376046,124,0.12371145778112,0.869954874556633,0.965149594579297,0.947078472655203,0.966783102940535,0.0410746927843573,0.0280918081497933,-0.485123320560772,-0.369030889586529,-0.214949108185882,0.852264166067698,-0.976721234505935,-0.214949108185882,-0.214949108185882,0.264604075035726,0.460385974440303,0.271759379374219,-0.5389797192269,0.651245810774777,-1.14579055441478,2.23053892215569,2.01958041958041,-0.227886977886978,0.144033931376046,11,0.784890013621171,-0.347824346867802,-0.344557839094888,-0.615923480655809,0.139220696582716,-1.02053519878721,-0.366083694109806,0.602861932244316,0.0239007685091727,3.0000000001,0.0706645477343398,0.0347401606298122,6.0000000001,0.205424167771645,0.276088715405985,0.0137726624250555,-0.363993141086673,0.182131559127507,-0.773726744500839,-0.982858602728851,-0.309411905648479,-1.24938569583904,-0.339264488423982,-1.12435451085614,-0.279902548349827,-0.162383463347933,-0.0907316041924311,-0.317765098737164,-0.0252160386109416,-0.304693764436779,-0.353148128111646,0.538992472803679,2.19258446122347,2.15155944355969,2.28302402457116,-0.366703389022525,-0.374754770122111,0.707343571321273,-0.339748713344154,-0.339748713344154,2.57153141971206,1.06316675953723e-11,0.490448988565714,0.19153824136428,0.459386503319831,0.440239019575735,-0.367130555938964,-0.0179783533002104,0,6.0000000001,0.00352509501100737,0.0102475673140481,0.488050615795541,0.416470096690789,3509.47818741074,0.0312500660060792,1593,2,"SNETWORK (2 43 3509.47818741074 0.488050615795541 100000289 1593)",100
29,100000290,-1.03711368012541,36,-0.790377993358492,-0.853832397374456,-0.959757100198023,-0.960709455694412,-0.961711264614227,0.423853347899165,0.353012118675548,1.58806349573805,0.124791268700775,0.870831574638843,-0.217765929256901,2.93502029230027,0.870831574638843,0.870831574638843,-0.0902873508891447,-0.333578748222581,-0.434720462304412,0.505353833134602,-0.540894742815292,0.388090349075976,-1.93862275449102,-1.29510489510489,0.10534398034398,-1.03711368012541,8,0.70223977830776,0.0357181339841122,0.0355590927402221,-0.563926242311497,-1.03638095707739,-0.749064231538017,0.126461766741612,0.713764542256406,1.20678425569797,1711.0000000001,3.30121956749427,0.433773270964335,315.0000000001,0.218458077226216,3.51967764462049,0.164098303404019,-0.241692315678259,0.42226707253111,-0.877103111843289,-0.752664068414259,0.205694173772213,-0.857315001736363,0.210088672794213,-0.315212488465885,0.187435360503427,0.229561673240198,-0.235216718385403,-0.428730849686418,-0.0185881899859833,-0.212042348823534,-0.471792152073761,-0.752292666128179,-1.4058558810172,-1.37829262321507,-1.40813399619979,-0.875256839126798,-0.0624874431475444,-0.200706309731904,-0.72422808765659,-0.72422808765659,0.174210410876309,1.06316675953723e-11,0.197559774497691,0.418903499785061,0.241879899323671,0.178963966549883,-0.261067910631304,-0.0714063543151603,0,1711.0000000001,0.15391310925499,0.010185194049029,0.221888637115871,0.194173901726276,894.290078626931,0.25,831,2,"SNETWORK (2 29 894.290078626931 0.221888637115871 100000290 831)",100
28,100000291,-0.123393293877748,193,-0.790377993358492,-0.853832397374456,-0.715996162004961,-0.715344983900652,-0.711097017555422,0.767550357228717,0.771411588784378,2.04724311612126,-0.443384209973293,0.293827045859256,0.0903419981836287,2.75648240814815,0.293827045859256,0.293827045859256,-0.0362261899903275,-0.885302016437495,-0.954794711595321,0.682529536925643,-1.2688942317681,0.468172484599588,-2.26546906187625,-1.53286713286713,0.194922194922195,-0.123393293877748,8,-0.48131618246895,1.3871773722252,1.40355215941571,0.884108450981278,-0.118295556810181,1.13568903462544,-0.440193288728242,-0.662771996349031,0.67790194838842,6865.0000000001,7.44050116932084,0.0590206133760739,1415.0000000001,0.133522644028372,7.57402381324922,0.278682743269335,0.228361800406421,0.0138083724966558,1.40985954802856,2.15226265083516,1.12075003169448,0.496952804458463,0.905513399297694,-0.241115487784883,1.65516546043221,0.81557045142781,0.0351441797591549,0.135209865665059,-0.0519764363363808,0.521125175492152,-0.187714581279576,-0.524939576288672,-0.897784372821835,-0.860982036160378,-0.83280147843515,0.864317358765108,-0.223297680514803,1.76447171222309,1.07354161299445,1.07354161299445,-0.0447840551387312,1.06316675953723e-11,-0.809112410813329,-0.73539427582601,-0.0451848101051596,-0.861200966936666,0.537411087144285,0.165514299325606,0,6865.0000000001,0.273769838535924,0.00491290463341033,0.194329377463221,0.0517766279183161,1770.43021164809,0.125,734,2,"SNETWORK (2 28 1770.43021164809 0.194329377463221 100000291 734)",100
36,100000292,0.85125389795307,194,1.53264647786662,1.1941726428676,1.45807027539656,1.42805593959054,1.43873085382348,0.442137611810885,0.390680697565742,-0.209937713771124,-0.0669535170798709,-0.352847394826879,0.920931348417458,-1.48590172463879,-0.352847394826879,-0.352847394826879,-0.626884260494706,-0.559453567078343,-0.678657170909551,-0.918004126198385,-0.565091837077515,0,0.0419161676646709,0.81118881118881,0.42997542997543,0.85125389795307,12,0.369736159824911,-0.118883287235288,-0.118119397775788,-0.401274279566932,0.846039645872798,-0.292211989841505,-0.0632576494413808,0.22758263845721,0.615125258199396,1203.0000000001,4.73245234643761,0.070585477001322,866.0000000001,0.390922175830907,5.12337452216851,0.245461987950099,-0.352307945750111,-0.254543854808788,-0.364685559692468,-0.468872741063663,-0.154283959246295,-0.239859890568044,-0.162585777544729,-0.113974035078846,-0.186614133666812,-0.177304821172795,-1.16501842196628,-1.27198156727504,-1.52447642315439,-0.440912249703879,0.596004386864676,1.11697181886013,2.19258446122347,2.15155944355969,2.28302402457116,-0.0986379568254903,-0.236270389965743,-2.27071207579803,-0.0971833888536945,-0.0971833888536945,3.8622373010904,1.06316675953723e-11,-0.0990252770424976,0.145467899011309,-0.0700921989745192,-0.0774666020323011,0.728698069245406,0.701206315071643,0,1203.0000000001,0.226732821372757,0.0187291664773421,0.746949628793666,0.610744377598166,5389.85314023153,0.0156249669969604,1042,2,"SNETWORK (2 36 5389.85314023153 0.746949628793666 100000292 1042)",100
29,100000293,-0.68146848637868,114,-0.790377993358492,-0.853832397374456,-0.715996162004961,-0.715344983900652,-0.711097017555422,0.616723347952145,0.578284061514118,1.85439714606599,-0.0726592802181313,0.957739725272551,-0.113370084659244,2.88722566477029,0.957739725272551,0.957739725272551,0.0632864036936,-0.684003250212003,-0.810446934265172,0.279592822131407,-0.941350146989879,1.05602816075095,-3.18648417450813,-1.88851148851148,0.604422604422604,-0.68146848637868,8,0.0172422458426571,-0.111290541378625,-0.110586285896173,-0.0993679492015532,-0.679748299099763,0.357864812637553,-0.0696935699604767,-0.978661177302129,1.80732690034345,3132.0000000001,9.05009695087878,0.0665488289952754,104.0000000001,0.0110654358851361,9.06116238666392,0.433541697525672,0.23354645361142,-0.0425113171748859,1.5942956230035,-0.236001800094926,-2.82366655313458,0.366698342369162,-2.96403754159843,0.190822247253123,-2.73628391093476,-2.62615098685509,0.55812668592581,0.257374465873824,-0.859285798349426,0.267583680566302,-0.471792152073761,-0.75229266612818,-0.897784372821835,-0.860982036160383,-0.83280147843515,-0.459377723034071,0.409140651559351,-1.13867058487701,-0.416785847502155,-0.416785847502155,0.145532360596754,-0.442665079703101,-0.808549433355704,-0.838992897639624,-2.33619915622628,-0.307121544424901,0.168890380614547,0.370188465253488,0,3132.0000000001,0.433012258970827,0.000529438454845073,0.696666523631087,0.373461879382376,1334.74858019136,0.25,909,2,"SNETWORK (2 29 1334.74858019136 0.696666523631087 100000293 909)",100
29,100000294,-0.77226655936667,96,-0.790377993358492,-0.853832397374456,-0.715996162004961,-0.715344983900652,-0.711097017555422,0.553114518043528,0.518390266652476,1.7846999203593,-0.0274984824695946,0.957686008065785,-0.162004394379506,2.83024929897634,0.957686008065785,0.957686008065785,0.0472646981852621,-0.597297597885133,-0.706018006930724,0.165752205082378,-0.811199996400496,1.05602816075095,-3.18648417450813,-1.88851148851148,0.604422604422604,-0.77226655936667,8,-0.347322314392409,-0.141805804572949,-0.140852852189871,0.366307591066141,-0.769848021297323,0.23841390560914,-0.0232683860285635,-0.285794705439895,2.1867692792957,3301.0000000001,11.5409950309576,1.20108020676874,33.0000000001,0.0633695635830523,11.6043645944407,0.558218616148955,-0.288921593706863,0.392865659884184,0.0206305233097224,0.547960207446843,0.812492008557588,0.276504327049323,0.856895624654979,0.190181635813481,0.547173359179852,0.570410088056456,-0.0333094546712144,-0.0436173544495461,0.0592252559370279,0.27865199519454,-0.471792152073761,-0.752292666128179,-0.897784372821835,-0.860982036160378,-0.83280147843515,0.935394892676043,0.180192756414138,-0.736044159246352,1.1826475117606,1.1826475117606,0.123223070173854,-6.21328395270202,0.620844447318056,1.12421523080178,0.497818255055197,0.573769308508648,-1.24263155275257,-1.79612194183895,0,3301.0000000001,0.555170274216918,0.00304834183203684,0.590593056070241,0.212944305618294,1236.34264785,0.25,891,2,"SNETWORK (2 29 1236.34264785 0.590593056070241 100000294 891)",100
43,100000295,-0.201787285760737,68,0.12371145778112,0.869954874556633,0.545150200838989,0.54037036033024,0.554967563992924,-0.130732387183977,-0.123332629021144,-0.477818653371936,-0.280131955221703,-0.549283850702037,0.60839911945987,-0.689917492159921,-0.549283850702037,-0.549283850702037,0.268081090582569,0.606773238858312,0.413563618120997,-0.0418081603825117,0.74478352101921,-1.14579055441478,2.23053892215569,2.01958041958041,-0.227886977886978,-0.201787285760737,11,0.204133337712468,0.946080597769039,0.952410493265066,-0.253786872473868,-0.198071631027823,0.485417298641721,-0.265072313628982,0.323017499395157,0.0411376697079969,5.0000000001,0.202711391620533,0.0506110952925317,12.0000000001,0.598543124041773,0.801254515562305,0.0318424976762117,1.34298120566545,0.783232203473151,0.774964633286136,0.477524821426954,-0.445447652006782,0.191435816671493,-0.387761874321947,-0.114905505745879,-0.559287806592575,-0.287444765629306,-0.554232767968673,-0.164354708900305,-1.20530665781893,-0.256526619943786,-0.353148128111646,0.538992472803679,0.102215627178161,0.139017963839617,0.167198521564845,-1.24197331522731,0.188147106710479,-0.100580808970554,-0.94995321476609,-0.94995321476609,2.23133609027762,1.06316675953723e-11,1.25479488901736,1.31239100352628,0.807832013143487,1.19320515452418,-1.62289586510593,-3.57863341332045,0,12.0000000001,0.00805591340653945,0.0237865841696722,0.268158428203333,2.47722878400236,3188.72830082187,0.0312500660060792,1539,2,"SNETWORK (2 43 3188.72830082187 0.268158428203333 100000295 1539)",100
37,100000296,0.432101992590254,104,1.29896932353205,1.22104076566898,1.45807027539656,1.42805593959054,1.43873085382348,0.153668613998496,0.078633280189898,-0.497934889914821,0.587948351807014,-0.429829485216028,0.661905834035808,-1.03659783318918,-0.429829485216028,-0.429829485216028,-0.557167394706776,-0.619639457755202,-0.670139049677007,-0.526948940257311,-0.712559080738256,0.665297741273101,-1.69993346640053,-0.507226107226108,0.644007644007643,0.432101992590254,12,-0.693407045557801,-0.812192872207746,-0.799547755683767,0.92441411597261,0.429586630448157,-0.000221254125275982,0.588754782078947,0.0979077298337271,0.110557274226903,231.0000000001,0.163326390524074,0.0715667812366948,554.0000000001,0.253558580135086,0.41688497055916,0.0225771856767071,-1.28153210948579,-1.58465095170551,-0.539896548398677,0.311322347567161,1.40206088731788,0.234144283882298,1.66443457311933,0.583083708911654,1.45294982505846,2.65446674220642,0.562513899758978,0.472676671031357,0.145323254027036,0.812913408866468,0.528207847926239,1.07109749798066,2.19258446122348,2.15155944355969,2.28302402457116,0.505892946510821,1.13829771425662,-1.24885772396937,0.575314408121,0.575314408121,-0.16038243130376,-0.655981249253549,-0.933292537957436,-0.846595040848256,-0.758151927272612,-0.824969916053786,-0.154557660828298,-0.924573914216166,0,554.0000000001,0.00884524626089699,0.0137319393158101,0.609829245635243,0.730773665378884,4850.7581331631,0.0312499339939208,1152,2,"SNETWORK (2 37 4850.7581331631 0.609829245635243 100000296 1152)",100
29,100000297,-0.747061482215008,100,-0.790377993358492,-0.853832397374456,-0.715996162004961,-0.715344983900652,-0.711097017555422,0.561230000180846,0.524996347177745,1.80041323505775,-0.0305479059592266,0.949533124213788,-0.160884144016115,2.84463873706002,0.949533124213788,0.949533124213788,0.0598640561861666,-0.609469095983023,-0.722404339855555,0.157804352166567,-0.825088880270895,1.05602816075095,-3.18648417450813,-1.88851148851148,0.604422604422604,-0.747061482215008,8,0.0762463460177745,-0.21705009641433,-0.215380812307189,-0.168735452866569,-0.746527508074462,-0.357136340613657,-0.0283185026683133,0.258894928074832,8.63812194109208,4546.0000000001,62.7832115691892,4.97387583672824,656.0000000001,5.2166721629912,67.9998837320804,3.31477197311725,-0.715016233911905,-1.31731467503853,-0.306561312695809,-0.345564675577235,-0.0553198906139771,-0.290135146494847,-0.0596955106304062,-0.108638648245157,0.0749456365606961,0.0901979629847771,1.08343606462101,0.627802568463543,0.0579288750939079,0.841492956399168,-0.471792152073762,-0.75229266612818,-0.897784372821839,-0.860982036160378,-0.832801478435155,-0.165448772394951,0.234567308105736,-0.98256747410169,-0.160509961526084,-0.160509961526084,0.340711328771724,-0.606014468546735,-0.264950770321915,-0.138509109331081,-1.46506133805823,0.0778012077917816,-0.42345472229876,-0.535125392941055,0,4546.0000000001,3.06047626354035,0.254295709476906,0.613448156750028,0.15336268396356,1257.54566442773,0.25,895,2,"SNETWORK (2 29 1257.54566442773 0.613448156750028 100000297 895)",100
34,100000298,1.23071337885867,251,1.95876350285277,1.6240746339498,1.11742223327512,1.09970853501445,1.1005013034785,0.664844464353245,0.51999212078863,-0.241050035239278,-0.653324242009626,-0.636655569818371,0.598204670125218,1.60430300015705,-0.636655569818371,-0.636655569818371,-0.848010739304342,-0.661026407498968,-0.744764398433501,-0.698599827802241,-0.733311182449569,-1.3305954825462,1.62674650698603,0.565034965034965,-1.23832923832924,1.23071337885867,12,-0.767039968635279,-0.555103854843834,-0.548374981848321,1.16554710307109,1.23062024572528,1.4276382780096,-0.649531103681956,-0.799303482777046,0.0492526512685588,390.0000000001,0.122843245500688,0.0355644497087058,922.0000000001,0.209702725568813,0.332545970969501,0.0172080405504981,-1.08218634853031,-1.13428693416955,1.35474167615054,1.76441936445719,0.64404876687605,1.20011381365332,0.730161157345821,-0.500992710204698,0.841920684239558,0.185408426734442,0.072769582015312,0.184269783320275,-0.0687423799399129,0.0783644553483255,0.596004386864676,1.11697181886013,1.97501764627372,1.93400646249061,2.04345629377395,-0.430669281333667,0.235620047561975,0.0738164563484205,-0.393277061804585,-0.393277061804585,0.886931206250289,1.06316675953723e-11,-1.14111784090135,-0.999473500679921,-0.591224068586029,-1.09291514664963,0.684789990029312,0.354382217228173,0,922.0000000001,0.00635668966428418,0.0108513507862139,0.0713069325905676,0.204339652322233,5716.42499001417,0.00781248349848019,966,2,"SNETWORK (2 34 5716.42499001417 0.0713069325905676 100000298 966)",100
43,100000299,0.203771223994815,136,0.12371145778112,0.869954874556633,0.965149594579297,0.947078472655203,0.966783102940535,0.0696888642191726,0.0386282179151054,-0.518060791533577,-0.390590026404651,-0.118113967331946,0.937376525481817,-1.15242367914985,-0.118113967331946,-0.118113967331946,0.252620984205373,0.481009203101248,0.293612279591658,-0.66639559309846,0.700571666291428,-1.14579055441478,2.23053892215569,2.01958041958041,-0.227886977886978,0.203771223994815,11,-0.445727332866071,-0.3545729862618,-0.351211819952907,0.497247787502609,0.20187984925156,0.167139733847379,-0.387461867774103,-1.14809772007168,0.0468815052551376,7.0000000001,0.32342087765546,0.0377502560373776,9.0000000001,0.334835020450838,0.658255898006299,0.032876197367949,-0.0278217936343671,0.0291063424462066,0.231774948364153,0.722958102347733,0.755687166324747,0.270239823539441,0.827233560638834,-0.256834095122815,0.748291171627481,0.417392846631215,-0.595528659771554,-0.682697202396761,-0.0324107672726849,-0.307923664079183,-0.353148128111646,0.538992472803679,2.19258446122347,2.15155944355969,2.28302402457116,0.0940205614960966,-0.269427294174077,0.610272329765426,0.096896171758171,0.096896171758171,6.69681805824619,1.06316675953723e-11,0.225119300740869,0.0680165436908306,-0.489918549046047,0.378971442253349,-0.421523345856924,-0.843530088905162,0,9.0000000001,0.0161530623651169,0.0167231349028321,0.534046392932478,0.718545204319526,3576.57079520997,0.0312500660060792,1605,2,"SNETWORK (2 43 3576.57079520997 0.534046392932478 100000299 1605)",100
41,100000300,0.423765711306242,242,0.680412427894334,0.334368660703197,0.315622755524543,0.310024668600395,0.31737100022456,1.05121555778024,0.912552311339387,-0.543256833972312,-0.546857483673792,0.639045251513806,0.968603116355213,0.565994799708921,0.639045251513806,0.639045251513806,0.363456390214021,-0.785534951853157,-0.903565668901789,-0.429205394232348,-0.939597667652389,-0.720739219712526,0,-0.434965034965035,-0.700859950859951,0.423765711306242,10,-0.577598909704061,-0.526230566403732,-0.520053216955841,0.720277645875282,0.420600018118976,-0.0967037991430914,-0.543448495294449,-0.0776491598160987,0.141823484861167,1260.0000000001,1.14281053889793,0.0601557747477839,324.0000000001,0.124645864373829,1.26745640317176,0.0652521443070722,-0.102593644638135,-0.477390022945382,-0.153531264123408,-0.425059354532181,-0.41765988652204,0.0656969508112798,-0.472553110102046,-0.685047252931381,-0.276909034894169,-0.0890768948633649,0.557627184908441,0.579279308069622,-0.0987388684448259,0.7972365788948,0.562105955755759,0.451834062908155,0.102215627178165,0.139017963839622,0.167198521564845,-0.0380592343069131,0.437632098608639,-1.70933585973945,-0.0380299531530726,-0.0380299531530726,-0.0506618828110241,-0.141589138575742,-0.716678771543575,-0.673808161036503,-0.647434251136273,-0.614472586540217,0.485622063719197,0.21015068126337,0,1260.0000000001,0.0588350320360348,0.00641711217103737,0.754469610074767,0.275702749680681,3042.63207942175,0.0625,1448,2,"SNETWORK (2 41 3042.63207942175 0.754469610074767 100000300 1448)",100
12,100000301,0.44311568062671,253,0,-0.0695595240108285,-0.467885001197052,-0.45962963966976,-0.447550990366083,-0.680525916236798,-0.789078179757384,-0.0649300671910269,0.0394331126268357,-1.16902516255281,-1.74065513886771,-0.0610241559853938,-1.16902516255281,-1.16902516255281,-5.42999182690029,0.499772216657404,0.643701792559587,1.71806201656023,0.28771687122642,0.184804928131415,-0.778443113772456,0.103496503496504,0.51023751023751,0.44311568062671,7,0.315808918240264,-0.279362176213301,-0.27698790722382,-0.342830853565785,0.438980242185072,0.0546599983546739,0.0413471702608599,-0.701892756095412,0.105591817198448,2901.0000000001,0.489748401149473,0.0584304509135331,1506.0000000001,0.140688708733505,0.630437109782978,0.0310714900569372,-0.481637047827709,-0.295243886137387,0.365374888888564,-0.220702672096592,-0.918365779629328,0.149543612975732,-0.993485805201003,0.183484299482524,-0.869516177721707,-0.954630891923435,-1.13386807805853,-1.33812522090406,-0.731342425756299,-0.45935193808046,0.223123099423871,0.103212322371745,-0.751834212897414,-0.690544926566656,-0.641104661755904,-0.560600127176089,-1.0445572255885,-0.0748165623921788,-0.497203766916003,-0.497203766916003,-1.05368012004097,-8.28207986521671,0.394250138900877,0.606960900593277,0.933950396135996,0.220233045778543,0.0013109974200028,0.375832851053831,0,2901.0000000001,0.0241375583558,0.0069339316011372,0.658319317732047,0.147796925157309,2817.18323863575,0.0312499302740435,253,2,"SNETWORK (2 12 2817.18323863575 0.658319317732047 100000301 253)",100
37,100000302,0.526868140508511,125,1.29896932353205,1.22104076566898,1.45807027539656,1.42805593959054,1.43873085382348,0.187638481646012,0.111563383047905,-0.467832542129957,0.549477538660174,-0.502069826699936,0.649415344934442,-0.960319033258579,-0.502069826699936,-0.502069826699936,-0.546991440879883,-0.652564420604396,-0.708008539290568,-0.549129063181619,-0.750005888354719,1.28439425051335,-2.76197604790419,-0.927972027972028,1.1480343980344,0.526868140508511,12,1.19491520303586,0.744958086973573,0.748159811281269,-0.702694867666821,0.52376431243661,-0.0147021929530791,0.550089496692317,0.0277624229649206,0.104485079579927,269.0000000001,0.179747814883667,0.0653803841587348,581.0000000001,0.242929726857938,0.422677541641605,0.017399287644565,1.84113858665122,0.343346955545405,-0.554492744067053,0.212178301561751,1.13945827955217,-0.166161512522683,1.02930553748771,0.356823311218443,0.972428985381148,1.71749812686921,-1.76583113373235,-1.80498290075098,-1.67925990841581,-0.478016706571495,0.528207847926239,1.07109749798066,2.19258446122347,2.15155944355969,2.28302402457116,-1.06349665687153,-0.346535692721649,0.372031304294938,-0.844919538104662,-0.844919538104662,-1.80694891764284,1.06316675953723e-11,1.21861650748862,1.25838515901437,0.562747290317762,1.21278916607221,-1.17809518332547,-1.85492502434721,0,581.0000000001,0.00739921951736907,0.0100000680271959,0.737324424515996,1.09784439858049,4980.18064167648,0.0312499339939208,1173,2,"SNETWORK (2 37 4980.18064167648 0.737324424515996 100000302 1173)",100
41,100000303,-0.614785702468687,71,-0.886598059773572,-0.0928456434617663,0.315622755524543,0.310024668600395,0.31737100022456,1.001345114161,1.18621650920771,0.845258887897947,-0.121454591635025,0.475007156623037,0.498099047061857,0.392225814049019,0.475007156623037,0.475007156623037,0.555748688652249,-0.421143112475644,-0.560372143426409,0.0992095926260935,-0.576937150520478,-0.720739219712526,0,-0.434965034965035,-0.700859950859951,-0.614785702468687,10,0.0540152611610618,1.67231094135863,1.69741835388678,0.073303768257644,-0.617261257002155,-0.803658830621376,-0.118273611067129,-0.15831008745288,0.108987637479385,47.0000000001,0.0327590000497369,0.108072771243733,3284.0000000001,2.26973406290247,2.30249306285221,0.0806131569071293,-0.239893653725192,-0.450097563960636,-0.639144515610664,-0.974595441054374,-0.511721199417267,-1.23264389870911,-0.391867317687452,-0.794948427232917,-0.63473182441484,-0.570623762557472,1.53842854184934,1.13645678141072,0.144478694619769,2.3668271300316,-0.269453845586064,-0.138388891490099,0.102215627178161,0.139017963839617,0.167198521564845,-0.521358819731943,0.409565256362285,0.147412429703962,-0.466478389496796,-0.466478389496796,-0.232940748217675,-0.00465983190419182,-0.196386403538139,-0.244478358726843,0.0592388383251259,-0.215344550213051,1.08104387277902,0.871339476817636,0,3284.0000000001,0.00114693348810193,0.0794662233190274,0.190426641807396,0.579688656419017,2083.8189772647,0.0625,1277,2,"SNETWORK (2 41 2083.8189772647 0.190426641807396 100000303 1277)",100
28,100000304,-0.38824041463649,166,-0.790377993358492,-0.853832397374456,-0.715996162004961,-0.715344983900652,-0.711097017555422,0.769890572187948,0.784952620724385,2.04514201579234,-0.418985798334383,0.491802627634196,0.123649338955165,2.78223513809335,0.491802627634196,0.491802627634196,-0.00428229334512516,-0.830246265273415,-0.897958800819357,0.727920392490047,-1.20779455617342,0.468172484599588,-2.26546906187625,-1.53286713286713,0.194922194922195,-0.38824041463649,8,0.652856171323576,-1.82232800687042,-1.76807180887137,-0.631876440920786,-0.386830902997028,0.98962338266467,-0.415873109222155,-0.569552301662657,1.85343575245932,2861.0000000001,8.47793650540726,0.0783881337324829,948.0000000001,0.11881011811753,8.59674662342479,0.557381769332871,-1.38293760417761,-0.257367841197631,0.718451575642588,0.523720117832289,-0.317145162549166,1.30434393135009,-0.453573671765606,0.173732327432297,-1.24549339471463,0.191605983490303,-0.580763066811705,-0.654289737246389,-1.25511983297222,-0.294784612397975,-0.471792152073761,-0.752292666128179,-0.897784372821835,-0.860982036160374,-0.832801478435145,0.103522579656439,0.483623879720294,-0.0287109162043301,0.106927780307928,0.106927780307928,3.83260562412584,-0.629734690884161,0.952646193205812,0.949792102461946,-0.11175210799358,1.08443249403791,0.270186552653966,1.03509761373685,0,2861.0000000001,0.549678553506622,0.0077032157262494,0.00618379347635789,0.120115699809031,1621.06475873966,0.125,707,2,"SNETWORK (2 28 1621.06475873966 0.00618379347635789 100000304 707)",100
37,100000305,0.597519594735138,140,1.29896932353205,1.22104076566898,1.45807027539656,1.42805593959054,1.43873085382348,0.215551205971115,0.143784212610686,-0.465511446779422,0.498665404766746,-0.507457644589509,0.692244052804586,-1.07013674150504,-0.507457644589509,-0.507457644589509,-0.584289198183914,-0.711920571743734,-0.772862479580156,-0.681654472182779,-0.800575995102579,1.28439425051335,-2.76197604790419,-0.927972027972028,1.1480343980344,0.597519594735138,12,1.24475066027377,-1.26919488529603,-1.24144499067009,-0.716614497888161,0.591698068543196,-0.432978117018778,0.499390789154237,-0.333400813894486,0.0421477010487503,17.0000000001,0.00458226163568497,0.123754019582118,1089.0000000001,0.8618749439108,0.866457205446485,0.0508940052815735,0.179284801016344,-0.14603103122947,-0.391463806788349,-1.07757842366184,-1.04660130069751,-0.131603968337878,-1.35029548676367,0.34785239708765,-0.81268474420297,-1.37558408431751,-0.0952382068804991,-0.2252981780713,-0.679596113960698,-0.114664250806772,0.528207847926239,1.07109749798066,2.19258446122347,2.15155944355969,2.28302402457116,-0.411310563398631,0.179384021358675,-1.03462568279559,-0.377245646944908,-0.377245646944908,-0.264742547160605,-1.39993870935885,0.0901520541862651,0.223216900618313,0.355488670671585,-0.00580515137444709,-0.653337367222984,-0.531764675860424,0,1089.0000000001,0.000269153099427707,0.0506248520821458,0.830202217368717,0.406560034525756,5074.46245720638,0.0312499339939208,1188,2,"SNETWORK (2 37 5074.46245720638 0.830202217368717 100000305 1188)",100
13,100000306,0.694468535282542,291,0,-0.0695595240108285,-0.467885001197052,-0.45962963966976,-0.447550990366083,-0.862588461888654,-1.0268211930182,-0.480193937157589,-0.196140521425715,-1.20722826331032,-1.77130492111849,-0.318927364931719,-1.20722826331032,-1.20722826331032,-2.88220862942429,0.409717705861217,0.63197203446266,1.5395301300319,0.206866480924193,1.07926078028747,-2.2934131736527,-0.447552447552448,1.28992628992629,0.694468535282542,7,-0.6499935373623,-0.310711745906928,-0.307944257782136,0.920781972639885,0.693276846889191,1.01304068940946,-0.193464404142031,-1.31505033811653,0.0385986516996564,3866.0000000001,0.238577244116081,0.0545086053213421,2744.0000000001,0.239135587224621,0.477712831240702,0.0236750219300214,-0.227846897948075,-0.31625144352825,0.748409046636546,1.03465993220206,0.438197313127127,0.885082582937581,0.475739277016054,0.304297914999015,0.617267963186418,0.499748014302601,1.16977250519189,0.835461949959262,0.0233452063202006,1.19666375000352,0.223123099423871,0.103212322371745,0.000480866141918987,0.0349290148369533,0.115671933158072,-0.576155636716923,0.105707024030916,0.372142035408358,-0.509228451242067,-0.509228451242067,-0.151202040858146,-0.712218389268645,-0.654765023820489,-0.499466238237901,0.13595777694622,-0.735913624200243,0.319490424509519,0.483103398832273,0,3866.0000000001,0.0118236754217796,0.0118513464082418,0.139796704290164,0.14074603309363,3027.41441128896,0.0156249651370217,291,2,"SNETWORK (2 13 3027.41441128896 0.139796704290164 100000306 291)",100
17,100000307,0.0912423285106229,223,0.152577399052067,0.406018494492994,0,0,0,-0.475923726019285,-0.525626508215538,-0.148444684705739,0.726888370992529,0.0560672188996862,-0.35125802975878,0.208461396567273,0.0560672188996862,0.0560672188996862,0.385241867772274,0.234424475171329,0.297967076869863,0.00166995228774521,0.267398640229197,-0.443531827515401,0.0161216029479497,0.044324905863371,-0.265923265923267,0.0912423285106229,9,-0.649734476312071,-0.31092891256667,-0.308158610213727,0.920135939953142,0.0945796815310973,0.215517034541878,0.727006437428467,0.765626327710953,0.163069898399589,655.0000000001,0.170770038044313,0.10218314353345,4688.0000000001,0.765884775005104,0.936654812949417,0.0464215568373774,1.2664793686335,0.654359145690812,0.160479532555382,0.779052241974695,0.916823196721348,0.300923814472505,0.99610844491123,0.684081176546811,0.734346665527768,1.53050724438113,-0.340591493547697,-0.450271024421318,0.159441869107793,-0.0488620793463673,0.121428129376516,-0.277526342387342,0.102215627178156,0.139017963839617,0.167198521564845,1.10418513080585,-1.09917766387444,1.9019598764523,1.45673586858626,1.45673586858626,-2.47903414185738,1.06316675953723e-11,-0.474952948086746,-0.294777884722764,-0.414260317545259,-0.406054227444495,-0.476245872383122,0.255322288797943,0,4688.0000000001,0.00846353522847961,0.0379580215088978,0.778267643071533,0.450341830701307,2422.90071876639,0.125,642,2,"SNETWORK (2 17 2422.90071876639 0.778267643071533 100000307 642)",100
37,100000308,0.446589538357926,107,1.29896932353205,1.22104076566898,1.45807027539656,1.42805593959054,1.43873085382348,0.163133324455597,0.0842545694846801,-0.490162720632293,0.58548250663518,-0.444046273027696,0.651822005744767,-1.009918086255,-0.444046273027696,-0.444046273027696,-0.558175480226878,-0.619143064505255,-0.669142318585406,-0.517618265300253,-0.71364140001846,1.28439425051335,-2.76197604790419,-0.927972027972028,1.1480343980344,0.446589538357926,12,-0.280735366323638,0.391449440870666,0.391448560158341,0.344873259966456,0.443262512150967,-0.11668126512879,0.586035952487586,-0.340249318034466,0.0587357893490485,85.0000000001,0.0319285207293078,0.0895553778377663,967.0000000001,0.55382837929023,0.585756899919538,0.0256542362267159,0.285102942660638,-0.131723140638333,0.349294672822998,-0.456619197224471,-1.23777427950763,-0.178407239715475,-1.18910339334762,0.369072665789851,-0.568896096918709,-1.00572914176594,-0.681073320827707,-0.957213665466912,-1.39108744591284,-0.418781247450264,0.528207847926239,1.07109749798066,2.19258446122347,2.15155944355969,2.28302402457116,-1.37522837983066,-0.476405854284646,0.155120144592502,-1.02285693900859,-1.02285693900859,2.072377350747,1.06316675953723e-11,1.30894026963036,1.44292184996234,1.64955846161024,1.04916394654797,-0.890488128613115,-0.659425607416337,0,967.0000000001,0.00139836476130854,0.0242558713654073,0.627670295969244,0.517791202252815,4868.86888455786,0.0312499339939208,1155,2,"SNETWORK (2 37 4868.86888455786 0.627670295969244 100000308 1155)",100
29,100000309,-0.969437418088535,51,-0.790377993358492,-0.853832397374456,-0.959757100198023,-0.960709455694412,-0.961711264614227,0.434431200389076,0.361063185526549,1.59835935387032,0.118284219271238,0.886309944239633,-0.208698281549398,2.93109259819431,0.886309944239633,0.886309944239633,-0.0851089101480616,-0.35545169418046,-0.456125134328226,0.488919249720637,-0.565462399504989,0.388090349075976,-1.93862275449102,-1.29510489510489,0.10534398034398,-0.969437418088535,8,1.15421656890812,-0.32263415251735,-0.319710322581284,-0.723958277320529,-0.968407499714391,0.0983949852206554,0.119977591898099,-0.467571080751829,1.51296659342351,2015.0000000001,4.87415296983626,0.320756484290908,557.0000000001,0.285644196932569,5.15979716666883,0.256253741502886,-0.292199688267617,-0.286097878421648,0.447261711214968,-0.113404764578133,-0.876111549718673,0.200632430732685,-0.955112162015745,0.272575339076583,-0.812948089919804,-0.980259447074228,-0.386045666114167,-0.399057671840893,-1.15638565605761,-0.18830483725301,-0.471792152073761,-0.752292666128179,-1.4058558810172,-1.37829262321507,-1.40813399619979,0.0752402298142148,-0.987797176366033,0.807565533489157,0.0771996407339462,0.0771996407339462,-0.559098662005908,-0.392867891032202,-0.122143329078514,-0.126326032404178,0.13620623826358,-0.152623849298692,-1.58854931671266,-0.815673870253805,0,2015.0000000001,0.242067642262667,0.0141860991402193,0.309598627629325,0.102449616766535,975.659940389751,0.25,846,2,"SNETWORK (2 29 975.659940389751 0.309598627629325 100000309 846)",100
3,100000310,-0.60734337288296,33,-0.494845044588713,-0.486027089260215,-0.640656641110964,-0.630828421199535,-0.621755757978306,-0.299439100078279,-0.386666343981046,0.680002044322277,1.15891774947406,-0.00878464461284695,-1.14289236916407,0.387260593136523,-0.00878464461284695,-0.00878464461284695,-4.85152556170159,0.262562825503648,0.267191282438251,1.25846804814695,0.0727979585961579,0.0221765913757709,0.149700598802395,1.22237762237762,0.834152334152334,-0.60734337288296,7,0.571700148850841,-0.40567764427647,-0.401560415135864,-0.527378499186728,-0.604031709057888,1.64754533920858,1.1579281101043,-1.4419047738542,0.652853254187787,2562.0000000001,2.6741744368705,0.106474555120731,473.0000000001,0.0805196742786487,2.75469411104915,0.138829108644421,0.524318739659083,-0.267421671850402,1.61108100699794,1.55490322810906,-0.104612024742865,1.27535826814464,-0.116394079836365,1.31451178755759,0.632092092005444,1.60871903313511,0.712192564444437,0.138854077724225,-0.821505505498795,0.288330440116029,-0.471792152073761,-0.752292666128179,-1.48074956831335,-1.423857898781,-1.44749212629168,0.31442588825756,0.847942647147697,-1.53080712681644,0.341444471920672,0.341444471920672,1.32394761937033,-4.96635660070874,-0.454338893562995,-0.634597920823852,-1.89756548365371,-0.0251401542066368,0.511240639382149,0.435612006241224,0,2562.0000000001,0.134771135449667,0.00405797309475402,0.23131505791313,0.420296327539316,1524.02995678158,0.0624998605480869,34,2,"SNETWORK (2 3 1524.02995678158 0.23131505791313 100000310 34)",100
17,100000311,-0.764824229780943,77,-0.550809761043692,0.0528857651479453,-0.358045591966192,-0.357303355798844,-0.355675841278248,-0.0624400544656751,-0.060305183644952,0.265064360737235,1.27345784515974,0.665712847274252,0.0258433671631352,-0.0848216072485479,0.665712847274252,0.665712847274252,0.503273271512222,-0.022466295357694,-0.0224474918714025,-0.443283316491433,0.024989756655809,-0.596303901437372,0.141716566866268,0,-0.395577395577396,-0.764824229780943,9,0.922339281472713,-0.379214233553503,-0.375497182564569,-0.663961950551977,-0.765390845751141,-0.509816169142285,1.27218379468991,0.0949828811944805,0.105465239766878,47.0000000001,0.00792508231745623,0.187038107749154,1057.0000000001,0.316083380823775,0.324008463041231,0.0162529889931128,-0.568419336308668,-0.51773045901078,-0.184320383361606,-0.080538182879606,0.168888751238243,-0.438727238286359,0.185124985968144,0.513934068042103,0.121742217593842,0.366853907618251,0.0640420216788017,-0.169081742914503,-0.847302384860046,-0.192215604241635,-0.658232714974315,-0.277526342387342,-1.4058558810172,-1.37829262321507,-1.40813399619979,-0.555619986183425,-0.816294808418572,-0.341884433957773,-0.493335525379855,-0.493335525379855,0.563135577138079,1.06316675953723e-11,-0.108896279020676,-0.283270453239257,-0.252511679200525,-0.055318146731653,0.468916972164905,0.0053929626191459,0,1057.0000000001,0.000397539842287035,0.0158554490508257,0.261365831057737,0.0835683510348456,1562.19401156956,0.125,496,2,"SNETWORK (2 17 1562.19401156956 0.261365831057737 100000311 496)",100
43,100000312,-0.345868359255629,40,0.12371145778112,0.869954874556633,0.532114998802948,0.540517197237357,0.552449009633917,-0.329469608970841,-0.275869806785939,-0.725801740349436,-0.0235449661456542,-0.397011019317549,0.586455041029887,-1.23897645061859,-0.397011019317549,-0.397011019317549,0.383416535690134,0.655845995462685,0.453193493227875,0.0599249150584637,0.788026848899426,0,0.0419161676646709,0.81118881118881,0.429975429975429,-0.345868359255629,11,0.00375856317473635,0.0287476956805457,0.028617147646945,-0.0695131088327042,-0.346008376983016,-0.397757448642248,-0.021451309124742,0.0506483525405631,0.344474560681148,8.0000000001,2.71591145290642,0.052429324115975,2.0000000001,0.103341014105258,2.81925246691168,0.131603698437349,0.884860152602866,0.284684618536635,-0.478587740539635,-0.266381108416526,0.328337654302335,-0.393811908584609,0.335925262171696,-0.1599966969485,0.382727877323871,0.401339682502647,0.930988685041779,0.913699049590855,-0.72074390301713,1.64103379296568,-0.353148128111646,0.538992472803681,0.421730084114769,0.463833960668427,0.499773853167645,0.0186126837775937,-0.477610838496187,-0.414901229491634,0.0188450132914666,0.0188450132914666,-0.0469465096186614,1.06316675953723e-11,-0.74633520645644,-0.653665669465549,-0.324700963764084,-0.724919330134562,-0.183566487362349,-0.326570962321882,0,8.0000000001,0.126779703397866,0.0048239949394827,0.155653531997867,0.810193432494998,3024.62091213412,0.0312500660060792,1511,2,"SNETWORK (2 43 3024.62091213412 0.155653531997867 100000312 1511)",100
3,100000313,-0.288910025526986,110,-0.226804037760009,-0.273941878615531,-0.467885001197052,-0.45962963966976,-0.447550990366083,-0.356439683449587,-0.421715880402443,0.573149352277351,0.783100872116976,-0.0460155600000773,-1.21518701207029,-0.137336935960661,-0.0460155600000773,-0.0460155600000773,-4.38899247781959,0.167233444520042,0.231566476542995,1.14153675041355,-0.0259776594348569,0.0739219712525668,-0.0898203592814364,1.0005994005994,0.837837837837838,-0.288910025526986,7,-0.186293629488245,-0.462866194824246,-0.457820311570973,0.0904131873524258,-0.289291665889341,0.506583904980721,0.783117169039422,-0.987618289868742,0.654760525337836,3620.0000000001,3.78953649021818,0.137980058075731,1597.0000000001,0.3523029451137,4.14183943523188,0.210857702853405,0.592371264445638,0.395153352798766,0.390112579244953,0.46733003412417,0.114398622174802,0.57654457771158,0.126948924514909,0.842988268368348,-0.302407826510026,-0.573551217790427,1.20317779402588,1.07416497146132,0.268029517422633,2.02917319633457,-0.183656619125852,-0.461007527196321,-0.827188737091713,-0.778542139486029,-0.740078327957471,-0.809515332298291,0.322381469653288,-0.247463500152989,-0.679513582161653,-0.679513582161653,-0.0825595696842048,-2.67141108636639,-0.633949405439609,-0.638838778085657,0.199305247912691,-0.72841917555271,0.272698444473623,0.348073529261145,0,3620.0000000001,0.192922244167362,0.0179354585860431,0.556352585753573,0.538819415048407,1992.70180234017,0.0624998605480869,111,2,"SNETWORK (2 3 1992.70180234017 0.556352585753573 100000313 111)",100
41,100000314,-0.360159671723677,126,-0.886598059773572,-0.0928456434617663,0.315622755524543,0.310024668600395,0.31737100022456,0.959596295224214,0.992086243916345,0.211835822998061,-0.27122407064019,0.723981652942171,0.521267314370387,0.455111317845194,0.723981652942171,0.723981652942171,0.507740661825806,-0.690469383973958,-0.814840320825712,-0.129734996549107,-0.874570677349618,-0.720739219712526,0,-0.434965034965035,-0.700859950859951,-0.360159671723677,10,0.125111907656135,1.30503459763735,1.31921498835269,-0.0508795524348954,-0.360892605857774,-0.779711376004979,-0.267497093430928,-0.286877303847001,0.0959769799406901,1040.0000000001,0.638345730983169,0.146815748017958,414.0000000001,0.388712514118785,1.02705824500195,0.038335501001881,2.65849507162525,2.56707869461086,-0.426563815904228,0.527513203942899,1.33467874206471,-1.13728905165905,1.09366301590511,-0.897783054907004,1.37503824383069,0.981689247720384,1.1868777913949,0.611879331311347,-0.600632004199341,0.5358735499917,-0.506272853730466,0.268466905711699,0.102215627178161,0.139017963839613,0.167198521564845,-0.849328096031623,-0.0509983205536296,0.336257970486628,-0.706756322434616,-0.706756322434616,-0.160567005168028,-0.18901288461099,-0.23652325115189,-0.343833523906528,0.151870685293315,-0.281681901593266,0.74069617171298,0.0660868443071185,0,1040.0000000001,0.023826597433449,0.0145089034684319,0.374092682868464,1.58710301040879,2396.03172788477,0.0625,1332,2,"SNETWORK (2 41 2396.03172788477 0.374092682868464 100000314 1332)",100
41,100000315,0.0247580020714602,191,-0.419244275461604,0,0.315622755524543,0.310024668600395,0.31737100022456,0.924409878522102,0.850863201217967,-0.396660567115244,-0.418777161526465,0.87974128355493,0.60305395504254,0.758949270065201,0.87974128355493,0.87974128355493,0.466418596617802,-0.621941706908029,-0.748114891484488,-0.22995510256522,-0.769829332654904,-0.720739219712526,0,-0.434965034965035,-0.700859950859951,0.0247580020714602,10,-0.679639517864449,-0.0602610527444543,-0.0599190995442615,1.04199177907196,0.0254320184498499,-0.208976302849888,-0.41534231165357,-0.262790580324643,0.198395576253664,1175.0000000001,1.49082061643791,0.216837323727652,334.0000000001,0.463165331528373,1.95398594786628,0.092653811797898,0.429041853259474,-0.156211128658684,-0.245034722261078,0.200679554070393,0.68837098625179,-0.164160363828774,0.715640675561798,-0.528166269205948,0.855471043009972,0.445283419612008,0.567900086024792,0.611232659535773,0.0616487258921938,1.00882314048657,0.0998734410877988,0.495851840802391,0.102215627178165,0.139017963839622,0.16719852156484,0.380970452128109,1.08511017913922,-0.71863887214999,0.420365387030023,0.420365387030023,-0.590762796003366,-0.138954354765111,-1.17592819818803,-1.09798756276845,-0.930847718507782,-1.04899487270194,0.911991501595123,0.383741184136203,0,1175.0000000001,0.0706915076945265,0.0219623040033715,0.584824035029687,0.519528841578209,2754.25263099808,0.0625,1397,2,"SNETWORK (2 41 2754.25263099808 0.584824035029687 100000315 1397)",100
3,100000316,-0.702108131566365,3,-0.494845044588713,-0.486027089260215,-0.640656641110964,-0.630828421199535,-0.621755757978306,-0.305902199148881,-0.394337164361528,0.673155003096684,1.21396309396291,0.0033256364217767,-1.1420873777528,0.372350446651171,0.0033256364217767,0.0033256364217767,-4.88322075165101,0.271358341394874,0.26393399640024,1.08490624147822,0.115659428062867,0.0221765913757709,0.149700598802395,1.22237762237762,0.834152334152334,-0.702108131566365,7,-0.593423132983769,-0.291771171725105,-0.289244349682312,0.797591427573934,-0.715052261324986,0.695319305764322,1.21321399435726,-0.501112138200044,4.35833540293527,2901.0000000001,20.2145190170974,0.261097054860327,3106.0000000001,1.29657743386036,21.5110964508578,1.06251243668917,-0.537302495851118,-1.0256250899196,0.106245760377246,1.37701258402052,2.02138724503327,0.668260954170872,2.18956664534036,1.0587432811782,2.82084124776402,7.37563487746917,-0.835815303462672,-0.69993825998352,0.200516619250717,-0.377068275239218,-0.471792152073761,-0.75229266612818,-1.48074956831335,-1.423857898781,-1.44749212629168,-0.363879082509927,-0.627421778415645,0.444149354101141,-0.337348184062826,-0.337348184062826,-0.277912423369967,-5.53218320946695,0.293654438985454,0.26581045316241,-0.457427283617841,0.446184931569722,-1.62491867030394,-1.11554964131909,0,3106.0000000001,0.998469692346691,0.0640427442424828,0.114597064633153,1.83383732479844,1355.73419818452,0.0624998605480869,4,2,"SNETWORK (2 3 1355.73419818452 0.114597064633153 100000316 4)",100
41,100000317,-0.493724292400859,99,-0.886598059773572,-0.0928456434617663,0.315622755524543,0.310024668600395,0.31737100022456,0.97247521860003,1.12306736376864,0.553086816783813,-0.193694330445931,0.621519672467626,0.529863486630522,0.313615540557069,0.621519672467626,0.621519672467626,0.537865917490091,-0.575370726540636,-0.705091284146076,-0.00429646778477509,-0.752426121978897,-0.720739219712526,0,-0.434965034965035,-0.700859950859951,-0.493724292400859,10,-0.422581147030071,0.213567014081097,0.213094594225502,0.552119777535371,-0.494514397858529,-0.0535466016214019,-0.190115252437974,-0.427475662401899,0.168454715135669,679.0000000001,0.731490154364813,0.188007379360673,643.0000000001,0.773110208444519,1.50460036270933,0.0679883813399093,0.395897497128739,0.678845376981807,0.00365082790519589,-0.212391344249282,-0.322189155422089,-0.0746743660210307,-0.319468341628521,-0.159132950391578,-0.0972083308201868,-0.0706577210782325,0.499499776373866,0.405461575623613,-0.892863294301313,0.232786294871831,-0.658232714974315,0,0.102215627178161,0.139017963839622,0.167198521564845,-0.398900101985427,-0.559036382180268,-0.130916908624825,-0.366891714413536,-0.366891714413536,0.65178764235825,1.06316675953723e-11,-0.269333026230483,-0.303157164514693,-0.387409432551654,-0.187337245241937,0.203578146192354,0.286410145370515,0,679.0000000001,0.0330538478637262,0.0349345333761831,0.282012771623339,0.97637024987489,2239.50566459834,0.0625,1305,2,"SNETWORK (2 41 2239.50566459834 0.282012771623339 100000317 1305)",100
16,100000318,0.846391672862395,328,0.288659805977357,0.708741764562854,0.0737102907633875,0.0682577010310203,0.067165878475577,-0.737773595634289,-0.839010885534809,-0.417047534337691,0.367948397162842,-0.413709526830936,-0.492153311389558,0.53934280122268,-0.413709526830936,-0.413709526830936,0.355043049741033,0.584108526830004,0.673801593094363,0.252832872429218,0.662272053147765,-0.443531827515401,0.0161216029479497,0.044324905863371,-0.265923265923267,0.846391672862395,9,-0.770197485225467,-0.181381277682101,-0.180069901189053,1.2539952693298,0.841631275372285,0.616803400279372,0.36899101715592,-1.16911106862133,2.25101219393446,370.0000000001,1.33160723543648,0.106596138036091,4502.0000000001,0.767261727757084,2.09886896309357,0.101671375503633,-0.196256096306899,-0.234546226685033,0.803897177586598,0.471245851348249,-0.524335631074127,0.582238694061828,-0.557667553502269,0.628711021789102,-0.529431621988876,-0.783107921167203,0.973459014788439,0.852179045038707,0.120510899490268,2.04690950935349,0.562105955755759,0.451834062908155,0,0,-4.84823954093274e-15,0.84019970058883,0.908972086726734,-2.05274318792923,1.03733601566821,1.03733601566821,-0.140879188277527,1.06316675953723e-11,-0.907756203778486,-0.797300889286672,-0.856353520840445,-0.773277817879992,1.01877171742364,0.399186170929821,0,4502.0000000001,0.0645044266703486,0.0371669487332842,0.635864921344446,0.214024975779466,3019.86312657937,0.0625,396,2,"SNETWORK (2 16 3019.86312657937 0.635864921344446 100000318 396)",100
37,100000319,0.538676055352533,127,1.29896932353205,1.22104076566898,1.45807027539656,1.42805593959054,1.43873085382348,0.190148374182323,0.114731969221033,-0.464986923183229,0.545788597998447,-0.502559492302235,0.657459970435449,-0.964955776832666,-0.502559492302235,-0.502559492302235,-0.548743307717923,-0.655619598238418,-0.711276152478742,-0.554069781813424,-0.752953815967542,1.28439425051335,-2.76197604790419,-0.927972027972028,1.1480343980344,0.538676055352533,12,1.21916844702813,1.67416589200366,1.69933569726825,-0.679121405718605,0.533997529490023,-0.634954571499578,0.54875797892794,-0.176535621453509,0.276246500501092,168.0000000001,0.296799475199569,0.20858759172902,613.0000000001,0.817722610112076,1.11452208521164,0.0390082112592998,1.11369676492493,1.68642631467052,-0.473644449085117,-0.557744829684094,-0.113112818421507,-1.01585445858525,-0.0857020153520155,-0.153017297383624,0.295698882092425,0.523587350357909,0.246787019402401,0.0586589371346251,-0.834231792812585,0.113282821604315,0.528207847926239,1.07109749798066,2.19258446122347,2.15155944355969,2.28302402457116,-0.0552885627105458,-0.789711226875807,0.377346185521519,-0.0550246227944773,-0.0550246227944773,0.00455638762735783,-0.0584190557534328,0.117013659646413,0.0951625029003591,0.427795472971102,0.0140671460231373,-0.874151299741285,-1.07613506380556,0,613.0000000001,0.0103879651657989,0.0286202459935009,0.749621616855568,0.837197463630662,4992.66372922717,0.0312499339939208,1175,2,"SNETWORK (2 37 4992.66372922717 0.749621616855568 100000319 1175)",100
17,100000320,-0.0318032182533998,208,0.152577399052067,0.406018494492994,0,0,0,-0.384304753792972,-0.412507244631986,-0.0665416870881602,0.857466287391155,0.204096495957336,-0.284541485900455,0.00106378945429387,0.204096495957336,0.204096495957336,0.419603194640232,0.118548565457852,0.167483066804309,-0.0911474672895257,0.138304981237212,-0.443531827515401,0.0161216029479497,0.044324905863371,-0.265923265923267,-0.0318032182533998,9,-0.760236668106341,0.255981240625671,0.255550597457789,1.32082562645272,-0.0326766087245164,0.558069797401046,0.857748513540616,-1.17984526021794,0.162534499425088,2891.0000000001,0.751259927626253,0.11176681664551,2805.0000000001,0.501236075961522,1.25249600348777,0.0561761760083517,-0.328061847670868,-0.412989638090234,0.57674748351373,-0.316295620696252,-1.40016903631786,0.422869688818891,-1.37764313121259,0.802463439011225,-0.736575590888516,-1.57925055457366,0.213394392064224,0.139851222163685,0.275780464405821,0.664478700387419,0.121428129376515,-0.277526342387344,0.102215627178156,0.139017963839617,0.16719852156484,1.00395202337496,0.627828379681737,0.41118658113413,1.29137345667393,1.29137345667393,-1.55219386204285,1.06316675953723e-11,-0.408563527517144,-0.266272904915294,-0.136416224924167,-0.40046328920152,0.981157584591756,1.69708019098706,0,2891.0000000001,0.0336950455150828,0.0224811303932689,0.723666990737067,1.02510997405978,2331.98374654974,0.125,627,2,"SNETWORK (2 17 2331.98374654974 0.723666990737067 100000320 627)",100
37,100000321,0.168146400896469,49,1.29896932353205,1.22104076566898,1.45807027539656,1.42805593959054,1.43873085382348,0.0970902644557617,0.0243337363939068,-0.502329900193988,0.678520916217959,-0.337877727755334,0.603816503015998,-1.07159140281828,-0.337877727755334,-0.337877727755334,-0.51531120370612,-0.544944988968682,-0.588877394851863,-0.452708301924251,-0.631981275404294,0.170020533880904,-0.850299401197607,-0.17062937062937,0.240786240786241,0.168146400896469,12,-0.523941964074725,0.580649147455752,0.58199290786411,0.814998350961341,0.170177839272325,0.633812957681758,0.679067274067975,-0.210407044526896,0.103218516024014,136.0000000001,0.0897746211858258,1.0349564248299,16.0000000001,0.105900768044144,0.19567538912997,0.0082901433878107,0.391834519478824,2.30788944337236,0.143920940850568,0.738097332546349,0.867791685004772,0.391600685848775,0.806734660063043,0.705557111817437,0.41439283690857,0.800791233563228,-0.38950051931756,-0.0770941523240165,0.258874511685986,-0.0880429002698148,0.528207847926239,1.07109749798066,2.19258446122347,2.15155944355969,2.28302402457116,-0.277665413286731,-0.579479795952443,0.459797468880059,-0.262525441683208,-0.262525441683208,-0.00111169783901877,1.06316675953723e-11,0.127766028578363,0.393703936563758,1.26537346203508,-0.151696498014572,-0.483802560603094,-0.306280339672625,0.021832444640149,136.0000000001,0.00380346489203308,0.00448667839577762,0.28986788462293,0.590445724694111,4525.95995386644,0.0312499339939208,1097,2,"SNETWORK (2 37 4525.95995386644 0.28986788462293 100000321 1097)",100
43,100000322,-0.422278412904545,25,0.12371145778112,0.869954874556633,0.532114998802948,0.540517197237357,0.552449009633917,-0.294892616059682,-0.225885464505116,-0.659571130569534,0.00865464787625116,-0.327519234683416,0.544522785631965,-1.24418824258976,-0.327519234683416,-0.327519234683416,0.396961955264546,0.605954039516376,0.410296453054645,0.0215479951874609,0.732154044551805,0,0.0419161676646709,0.81118881118881,0.429975429975429,-0.422278412904545,11,-0.0625254884882045,-0.00882965758255973,-0.00878535114566558,-0.00105764417482496,-0.423358156230655,0.486103473773096,0.0110117876266865,-1.07230390291673,0.49242186307973,3.0000000001,1.45588491547231,0.0756061711417271,6.0000000001,0.447071473582646,1.90295638895495,0.0894203645143499,-0.221714501296999,-0.229606842924499,0.803648578346048,-0.182112768067981,-1.53885515341992,0.439439835159346,-1.58655380468142,0.300308373414024,-1.42870850606154,-1.4774557571453,0.676822051617343,0.65500317647445,-0.800013050152699,1.20035506388055,-0.353148128111645,0.538992472803681,0.102215627178161,0.139017963839617,0.167198521564845,0.307413710533012,1.06868091094193,-0.383535768678,0.333270130982531,0.333270130982531,-0.103304621599033,1.06316675953723e-11,-1.06064209683883,-0.96780390276256,-0.681817394005729,-0.982889200042731,1.08459817224569,0.268246120424318,0,6.0000000001,0.0684123716341613,0.0210079927801886,0.0951203645592665,0.3830145515729,2936.32306579679,0.0312500660060792,1496,2,"SNETWORK (2 43 2936.32306579679 0.0951203645592665 100000322 1496)",100
35,100000323,0.998712320770273,224,1.95876350285277,1.6240746339498,1.11742223327512,1.09970853501445,1.1005013034785,0.65963883016458,0.63240073649952,-0.123310148365428,-0.443148359668691,-0.150634538228935,1.12094194768805,-0.775912658996473,-0.150634538228935,-0.150634538228935,-0.77775314174592,-0.521017819438494,-0.629311265246697,-0.920725037598003,-0.516136994973546,-1.3305954825462,1.62674650698603,0.565034965034965,-1.23832923832924,0.998712320770273,12,-0.152171593484109,-0.824763614408686,-0.811782335116812,0.00270636504837218,0.996230718816935,0.648881685390943,-0.439989715797109,0.215312814042139,0.0738390333442664,252.0000000001,0.118999080325115,0.0912036084329924,1098.0000000001,0.640429639224611,0.759428719449726,0.041220060418288,-1.18712005652717,-0.102721689281907,0.295148931862546,-0.0619557660278367,-0.565504587766048,0.78189723063964,-0.674532724770317,-0.10667121184955,-0.162089078985751,0.458471306163155,-0.897568125505159,-0.807969402481886,-1.15091847991312,-0.380523254996075,0.596004386864676,1.11697181886013,2.19258446122348,2.1515594435597,2.28302402457116,-0.255700647321927,0.375528044403889,-1.20561235458738,-0.242976132071889,-0.242976132071889,5.58057937634275,1.06316675953723e-11,0.954792652214351,1.10732035274009,0.264384834186837,0.995916131508752,-0.445512489558459,0.0191434660994915,0,1098.0000000001,0.00645899890235932,0.0347610614159287,0.501254119667522,2.13107817334821,5562.75826585945,0.0156249669969604,997,2,"SNETWORK (2 35 5562.75826585945 0.501254119667522 100000323 997)",100
29,100000324,-1.03711368012541,36,-0.790377993358492,-0.853832397374456,-0.959757100198023,-0.960709455694412,-0.961711264614227,0.423853347899165,0.353012118675548,1.58806349573805,0.124791268700775,0.870831574638843,-0.217765929256901,2.93502029230027,0.870831574638843,0.870831574638843,-0.0902873508891447,-0.333578748222581,-0.434720462304412,0.505353833134602,-0.540894742815292,0.388090349075976,-1.93862275449102,-1.29510489510489,0.10534398034398,-1.03711368012541,8,0.70223977830776,0.0357181339841122,0.0355590927402221,-0.563926242311497,-1.03638095707739,-0.749064231538017,0.126461766741612,0.713764542256406,1.20678425569797,1711.0000000001,3.30121956749427,0.433773270964335,315.0000000001,0.218458077226216,3.51967764462049,0.164098303404019,-0.241692315678259,0.42226707253111,-0.877103111843289,-0.752664068414259,0.205694173772213,-0.857315001736363,0.210088672794213,-0.315212488465885,0.187435360503427,0.229561673240198,-0.235216718385403,-0.428730849686418,-0.0185881899859833,-0.212042348823534,-0.471792152073761,-0.752292666128179,-1.4058558810172,-1.37829262321507,-1.40813399619979,-0.875256839126798,-0.0624874431475444,-0.200706309731904,-0.72422808765659,-0.72422808765659,0.174210410876309,1.06316675953723e-11,0.197559774497691,0.418903499785061,0.241879899323671,0.178963966549883,-0.261067910631304,-0.0714063543151603,0,1711.0000000001,0.15391310925499,0.010185194049029,0.221888637115871,0.194173901726276,894.290078626931,0.25,831,2,"SNETWORK (2 29 894.290078626931 0.221888637115871 100000324 831)",100
12,100000325,0.472390384846322,259,0,-0.0695595240108285,-0.467885001197052,-0.45962963966976,-0.447550990366083,-0.696639740826516,-0.814933815199748,-0.0643420665636948,0.0265596168339667,-1.23594527299729,-1.73230127996497,-0.0757816144478639,-1.23594527299729,-1.23594527299729,-5.48055033759536,0.508280738238144,0.657484890217422,1.7342392012729,0.295481929065287,0.184804928131415,-0.778443113772456,0.103496503496504,0.51023751023751,0.472390384846322,7,-0.405388438193018,1.76462063434704,1.79291911335574,0.797068687375298,0.469611978746029,-0.106209106239363,0.0284904086990483,0.107222083872828,0.174514156400864,1609.0000000001,0.448933217094571,0.0479338998775279,3241.0000000001,0.24838011800615,0.697313335000721,0.0240247248381158,0.297998490673372,0.17803283078473,0.444495212556511,0.291701347613677,-0.235698013338924,-0.482364562130941,-0.176925071234014,-0.166336357382143,0.0847730336182037,0.0979204295752963,-0.322796208018812,-0.289652586158458,0.173241789736613,-0.0350309063132159,0.223123099423871,0.103212322371745,-0.751834212897414,-0.690544926566656,-0.641104661755904,0.791278742549279,-0.189657183092652,0.391339403135336,0.965136737763953,0.965136737763953,-0.261108477973863,-11.5320427135682,0.609805905153508,0.71656381144807,1.19306947951139,0.393720823711341,0.349982190212264,1.15719992247757,3.77632849975081e-13,3241.0000000001,0.0154672174247563,0.00855750731335946,0.776578412468299,0.208052447515232,2850.37779005981,0.0312499302740435,259,2,"SNETWORK (2 12 2850.37779005981 0.776578412468299 100000325 259)",100
17,100000326,0.055421272112654,218,0.152577399052067,0.406018494492994,0,0,0,-0.398926882100312,-0.428319355678493,-0.0799111347571842,0.829185416891871,0.171379847595013,-0.266605325602828,-0.0307310062588087,0.171379847595013,0.171379847595013,0.414130086729723,0.127582321049744,0.177825748077302,-0.0929322646187576,0.150021258728034,-0.443531827515401,0.0161216029479497,0.044324905863371,-0.265923265923267,0.055421272112654,9,-0.578601991301829,0.482891728276585,0.483433377729223,0.901520627247528,0.0555305325241146,-0.247913121033391,0.829114095842136,0.471954971499873,0.0830951585710015,720.0000000001,0.0956543647526226,0.106069831168556,2887.0000000001,0.489593040479194,0.585247405131816,0.0252238497254387,1.01362593798615,-0.222095507196924,0.0555962475172715,-0.121536048197666,-0.265817195337496,-0.332243536087299,-0.251162832248921,0.401005387358453,0.171556166592749,0.379611753397886,0.274054510545491,0.0539050697497867,0.169053500892045,0.322446958464278,0.121428129376516,-0.277526342387342,0.102215627178165,0.139017963839617,0.16719852156485,0.66575697553491,1.13657551308955,-1.21264399137286,0.787262789963545,0.787262789963545,-1.33777689290962,-0.0978471955499919,-0.68605096161092,-0.567960187024366,-0.92760302775713,-0.513244439438462,0.755042314604892,0.313172995820203,0,2887.0000000001,0.00412265187213169,0.021101197753307,0.759176144133448,1.7015726770367,2391.11096526866,0.125,637,2,"SNETWORK (2 17 2391.11096526866 0.759176144133448 100000326 637)",100
29,100000327,-1.12939905151509,10,-0.790377993358492,-0.853832397374456,-1.31184600508887,-1.30651564302517,-1.32383268064034,0.417777720743471,0.373514573797276,1.551983833647,0.256699622715106,0.583812620083329,-0.147859421251741,2.06593389955135,0.583812620083329,0.583812620083329,-0.236727556933394,-0.343083407547535,-0.484800071700273,0.0767229112393113,-0.474410027512181,0.279260780287474,-1.27411842980705,-0.441958041958041,0.405132405132405,-1.12939905151509,8,0.926224428558095,10.8763483310743,11.8106413770722,0.265127077102277,-1.12563285802877,-0.948872395591112,0.260646487311375,0.683659257533806,0.0497554767829317,11547.0000000001,0.918554275219947,0.0974494517478597,37763.0000000001,5.8835663290056,6.80212060412555,0.0492849119984425,-0.323887272920684,1.57188155319288,-0.916391145884399,-0.930922500598965,-0.00656148424993225,-2.26668417809049,0.00349698672506212,-1.79334762370985,-0.0177669221714765,-0.0242975435774416,-1.32104239303136,-1.29057338683255,0.105075442589574,-0.479170242158068,-0.471792152073761,-0.752292666128179,-2.3587188560243,-2.29529197602235,-2.43477706343215,-2.95365779795627,-0.103937687201926,-0.411599653992196,-1.61491667816788,-1.61491667816788,-0.212790769890383,1.06316675953723e-11,0.445065707029078,0.27437085722152,-0.0683143098710617,0.55837230915906,-2.32632763242129,-1.53691302154259,0,37763.0000000001,0.00665540485954228,0.0426295070389002,0.0694352029990062,7.70696719863918,752.856762003171,0.25,806,2,"SNETWORK (2 29 752.856762003171 0.0694352029990062 100000327 806)",100
13,100000328,0.666683155173707,285,0,-0.0695595240108285,-0.467885001197052,-0.45962963966976,-0.447550990366083,-0.851250167726775,-1.00550960191388,-0.434385038638625,-0.188242559943396,-1.16975589750851,-1.73446297693758,-0.29552470527906,-1.16975589750851,-1.16975589750851,-2.91317470330256,0.41300608646925,0.636733322048006,1.54613869810407,0.209801257453658,0.184804928131415,-0.778443113772456,0.103496503496504,0.51023751023751,0.666683155173707,7,-0.644254439571997,0.112715297599987,0.112323190905365,0.991463459338146,0.663711373668173,0.161896413358565,-0.185767839397545,-0.563755265043042,0.058761440191761,2561.0000000001,0.240600787077206,0.0567048281956106,1827.0000000001,0.165635575186455,0.40623636216366,0.018685086781654,-0.24372972075328,-0.479795415587505,0.449735767184171,0.27856055045136,-0.270490891591381,0.145976809748023,-0.27312040334441,-0.0406752188933711,-0.129392915728514,-0.102426310381671,0.153227973713505,-0.00893148430132346,0.0253032653625882,0.273356985502027,0.223123099423871,0.103212322371745,0.000480866141918987,0.0349290148369533,0.115671933158063,0.714200718071953,0.934934610929594,0.0491499339618823,0.854678077016426,0.854678077016426,-0.464275332174946,-6.50283133946051,-0.272203522443153,-0.147596806916737,-0.401447800688484,-0.187090005047544,0.700806254432026,0.718894870840195,0,2561.0000000001,0.0110665784261792,0.00761850825547471,0.0989195404008674,1.35850933473557,2993.98567960198,0.0156249651370217,285,2,"SNETWORK (2 13 2993.98567960198 0.0989195404008674 100000328 285)",100
43,100000329,0.575887703281168,194,-0.0343645341584618,0.726058121384469,0.965149594579297,0.947078472655203,0.966783102940535,0.625310168542348,0.480752102722468,0.164502633014899,-0.669173080106707,0.0150690644205373,1.12682513986139,-2.10696770475931,0.0150690644205373,0.0150690644205373,-0.562304049323979,0.774062131211701,0.62042850581597,-1.00980630911767,1.13289342091745,0.147843942505134,-0.958083832335329,-0.581818181818182,-0.163390663390663,0.575887703281168,11,-0.491012860777646,-3.17747824734975,-3.01698559006416,0.136031262942735,0.575956520377098,1.63034889390609,-0.665439951263132,-1.10431256428587,0.0465689153479172,2.0000000001,0.0917898336171806,0.0399526919513907,9.0000000001,0.354370058181797,0.446159891698977,0.0369460424816402,1.50398963373145,-0.398273215805554,0.79361646273294,1.18913347984071,0.587665536866281,2.10509289596934,1.0627884865914,-0.182808507677121,0.528669828289059,0.107629455020668,0.599933904802755,0.479183314109064,-0.0837091907237444,0.746993070345976,0.11150826904925,0.494743871854313,2.19258446122347,2.15155944355969,2.28302402457116,0.184751740711695,0.698685196947415,0.241401481744709,0.194526378550123,0.194526378550123,-0.0382974321202756,-0.10776200668506,0.527513032868596,0.547429002786646,0.0869257285607212,0.570811910120929,-0.173596018637848,-0.749048157606441,0.000722867038540127,9.0000000001,0.00760102183810292,0.0293450205435373,0.761498758432826,1.58156120736385,3908.34847788918,0.0312500660060792,1663,2,"SNETWORK (2 43 3908.34847788918 0.761498758432826 100000329 1663)",100
17,100000330,-1.03284742283359,8,-0.711340194022643,-0.147031598306002,-0.358045591966192,-0.357303355798844,-0.355675841278248,0,0.000620156701222631,0.408275771682077,1.43721052587815,0.604845997864111,0.0680273292842475,-0.113328763707564,0.604845997864111,0.604845997864111,0.515447840560326,0.0212350559410122,-0.000250468774749277,-0.579407607921383,0.105005232580858,-0.596303901437372,0.141716566866268,0,-0.395577395577396,-1.03284742283359,9,0.791604877101154,0.161069011616158,0.160606717670262,-0.595194501224641,-1.02836710992915,0.545320502548,1.43549753978343,0.2906061367306,0.396784281143517,1e-10,1e-10,0.224359656466492,4158.0000000001,1.49150881956375,1.49150881956375,0.068021824806891,-0.150720648228995,2.32374660792897,0.442080838768788,-0.00938481984592209,-0.667703019390655,0.43860876914205,-0.668140494728448,1.02487365529931,-0.541385719481908,-1.56730776606188,0.661764720619213,0.00869093558739285,-0.936593883504349,-0.0944914455489001,-0.675181930528773,-0.587156310063934,-1.4058558810172,-1.37829262321507,-1.40813399619979,-0.295865099069253,0.441130841737418,-1.38541859566672,-0.278572425545876,-0.278572425545876,0.281951726929953,-0.119826403454539,0.205345670354927,-0.0399435638207349,-1.12697992904545,0.511215971105366,0.206535754314191,-0.203158258087986,0,4158.0000000001,0,0.068021824706891,0.0259945903202928,1.95236656449441,1170.27121138687,0.125,427,2,"SNETWORK (2 17 1170.27121138687 0.0259945903202928 100000330 427)",100
42,100000331,-0.897196914860411,4,-0.886598059773572,-0.0928456434617663,-0.0369605603324269,-0.0422694509956289,-0.0386919408759992,0.983072318926565,1.236422722124,1.34303478778079,0.113152963285213,0.0459197025576336,0.354865862509844,0.572745317585822,0.0459197025576336,0.0459197025576336,0.593726514894392,-0.128253892676069,-0.323413647397112,0.132672083999212,-0.213814936320146,-0.720739219712526,0,-0.434965034965035,-0.700859950859951,-0.897196914860411,10,-0.139599065550598,-0.706449162036638,-0.696457816534058,0.00255711537016475,-0.89387140666191,-0.376425217786613,0.114864141457552,0.6781752481629,0.423646746764434,925.0000000001,2.50611587609944,0.202370631595412,71.0000000001,0.0918885451336576,2.5980044211331,0.138087622756932,0.847626335876832,0.883571679047691,-0.310135931046192,-0.281851596837439,0.0492473108896961,-0.197331471082483,0.056338875871723,0.062549571625633,0.354808603058184,0.426079956748719,-2.05904359378057,-2.21129594018358,-1.75605272048593,-0.486316535791958,-0.658232714974315,-1.30374704394875e-15,-1.4058558810172,-1.37829262321507,-1.40813399619979,-0.856499610072545,0.480653812840184,-0.829391779472662,-0.711609952361388,-0.711609952361388,-20.6896330337237,1.06316675953723e-11,0.332849519552876,0.777120449963257,0.540253454831874,0.248093458948056,-1.42228941458114,0.741342836534669,0,925.0000000001,0.133203616059261,0.00488400659767027,0.237614158101522,0.936183424368031,1711.86689144756,0.0625,1471,2,"SNETWORK (2 42 1711.86689144756 0.237614158101522 100000331 1471)",100
17,100000332,0.495310918769032,269,0.152577399052067,0.406018494492994,0.0737102907633875,0.0682577010310203,0.067165878475577,-0.530442206896559,-0.618976486003801,-0.168990966283329,0.644118520825506,-0.235410809345084,-0.382071051714542,0.138010808060578,-0.235410809345084,-0.235410809345084,0.364999146173656,0.249921844658756,0.318142079016038,0.0130489050409926,0.284854517230105,-0.443531827515401,0.0161216029479497,0.044324905863371,-0.265923265923267,0.495310918769032,9,-0.572881064165525,-0.704298268698268,-0.694357689501499,0.677976973138268,0.493442275296941,0.789327367632493,0.645170119112784,-1.49073618819203,4.03210618770851,144.0000000001,0.928305722562031,1.07430631918781,429.0000000001,0.736854935996682,1.66516065845871,0.0884719384985456,-0.0762136359336669,0.132801872850305,0.747783531465264,1.36695557976022,0.944568597413588,0.847823709407897,1.09980999938485,0.90420386629375,1.38378991876231,2.6101585432542,-0.145736493956838,0.0363907557135735,0.151284834903614,0.201207554814042,0.247185316517616,-0.0693874253701061,0,0,-4.84823954093274e-15,0.532836186445614,-0.15633781686514,0.678097850131884,0.609935930378199,0.609935930378199,0.744138821019751,1.06316675953723e-11,-0.017322374841829,0.0548387564358227,0.540621275392001,-0.135518128956229,0.0924376280187287,0.737481090855644,0,429.0000000001,0.049321971594999,0.0391499668035467,0.937021523436605,0.0656946604887202,2687.24595116441,0.125,688,2,"SNETWORK (2 17 2687.24595116441 0.937021523436605 100000332 688)",100
41,100000333,-0.127659551169566,169,-0.886598059773572,-0.0928456434617663,0.315622755524543,0.310024668600395,0.31737100022456,0.902539400281319,0.875282364924697,-0.16164246251525,-0.374007935758006,0.876960915070102,0.49257881913441,0.842643128875767,0.876960915070102,0.876960915070102,0.487517202580435,-0.647928364221627,-0.766431458189646,-0.120784345844623,-0.82257689615191,-0.720739219712526,0,-0.434965034965035,-0.700859950859951,-0.127659551169566,10,-0.69947878364924,-2.18828024748183,-2.11129303154568,0.675296512387562,-0.129507408239593,-0.0354208889927538,-0.369158399343741,-0.649600139943519,0.194019755091072,1313.0000000001,1.62916929851196,0.0442723892749157,127.0000000001,0.0359577261833683,1.66512702459532,0.115289321309762,-0.296714509589591,1.00780651221833,-0.0633253195658018,-0.27441154411169,-0.316198617743337,0.565916254626742,-0.483293723496012,-0.0835628486272818,-0.677966190319118,-0.376649186478075,-0.150395021047932,-0.251009159697048,0.0774356299536295,-0.0751458097116442,-0.515065615548537,0.252932767034319,0.102215627178156,0.139017963839617,0.16719852156484,0.440363102539867,-0.907771524554403,1.15039417776331,0.492906652366659,0.492906652366659,-0.597269680624707,1.06316675953723e-11,-0.47083436196954,-0.319332737394874,0.695262863067208,-0.669581729259737,0.146239567360799,0.810470866881192,0.0290613419729896,1313.0000000001,0.112799696231359,0.0024896249784034,0.514750531212804,0.766555980779231,2635.1351215997,0.0625,1375,2,"SNETWORK (2 41 2635.1351215997 0.514750531212804 100000333 1375)",100
43,100000334,-0.193649660409677,69,0.12371145778112,0.869954874556633,0.545150200838989,0.54037036033024,0.554967563992924,-0.122210130877123,-0.116579388060416,-0.477818653371936,-0.280490266261387,-0.547932322626062,0.608477358702203,-0.689838926378296,-0.547932322626062,-0.547932322626062,0.267658826358036,0.603636904438936,0.409938057278463,-0.0448642688951839,0.741389627183467,-1.14579055441478,2.23053892215569,2.01958041958041,-0.227886977886978,-0.193649660409677,11,0.194961791106372,0.584443856237217,0.585823344616741,-0.196290787091828,-0.190749168295231,0.777430217239081,-0.277659152563586,0.164725741342881,0.0809550770627094,1e-10,1e-10,0.0497862076765928,3.0000000001,0.147196934382626,0.147196934382626,0.0062321180414442,2.75234210877909,1.35504768784625,0.982041602899269,0.489254673920654,-0.708391719140658,0.488455035565566,-0.657672762650898,0.0138153346726552,-0.922555127630834,-0.604795734952011,-2.15579945581047,-2.00751024004054,-1.45652914907248,-0.460730553781487,-0.353148128111646,0.538992472803682,0.102215627178161,0.139017963839617,0.167198521564845,0.78501277648322,1.42735841449648,-0.955915086058101,0.956007849822236,0.956007849822236,5.45262263101929,1.06316675953723e-11,1.25911909051012,1.29964402511112,0.968761287325612,1.15906442603393,-2.20163270582265,-2.84808124851774,0,3.0000000001,0,0.0062321179414442,0.2746861890537,2.26097548778921,3198.25014229956,0.0312500660060792,1540,2,"SNETWORK (2 43 3198.25014229956 0.2746861890537 100000334 1540)",100
37,100000335,-0.0119570060247943,15,1.29896932353205,1.22104076566898,1.50580654500643,1.48232234240258,1.49987706507974,0.0867130856554374,0.0180187588480639,-0.464716197971326,0.727438688369934,-0.270416953457137,0.614285478429632,-1.11210254008494,-0.270416953457137,-0.270416953457137,-0.496447363226155,-0.499538316073249,-0.533468153391184,-0.393228021374793,-0.585624921969034,0.170020533880904,-0.850299401197607,-0.17062937062937,0.240786240786241,-0.0119570060247943,12,1.21511816195268,-0.0510550988946988,-0.050771391139937,-0.730226843010417,-0.0128617894964761,0.200761280849901,0.727556838316346,-0.819624969189605,0.169159875663678,659.0000000001,0.712918416117059,0.255874177131783,1e-10,1e-10,0.712918416117059,0.0337502784165222,-0.29372617645104,0.159003080860814,0.925764978513123,0.311806440760948,-0.956830091181913,0.22112822007726,-0.994016977214777,0.644829900884648,-0.96573433670552,-1.91913564400846,-1.61874515811384,-1.41364887584843,-1.40020119231352,-0.461191968016116,0.528207847926239,1.07109749798066,2.70840082864406,2.67872578178212,2.82264244254144,-0.986357261630702,-0.229658298547975,0.417066512551706,-0.796741007103262,-0.796741007103262,-0.670535008897428,1.06316675953723e-11,0.825707024060858,1.14956297924201,1.19706944101629,0.629218412611504,-0.284448209368549,0.937358600128817,0,659.0000000001,0.0337502783165222,0,0.0818300094732674,1.14265794708626,4314.77719461209,0.0312499339939208,1063,2,"SNETWORK (2 37 4314.77719461209 0.0818300094732674 100000335 1063)",100
3,100000336,-0.201787285760737,130,-0.226804037760009,-0.273941878615531,-0.467885001197052,-0.45962963966976,-0.447550990366083,-0.376373901013709,-0.441277291152989,0.563835119438777,0.734757607117236,-0.0726745664397688,-1.23011042322682,-0.216838644434222,-0.0726745664397688,-0.0726745664397688,-4.37906179823482,0.146050446494486,0.21651534737121,1.08952454739293,-0.0431632420662969,0.0739219712525668,-0.0898203592814364,1.0005994005994,0.837837837837838,-0.201787285760737,7,-0.595504311562996,-0.0102303308495483,-0.0101788125668157,0.855850902225478,-0.202905359168597,0.137301345044056,0.735536897216781,-1.19473004275133,1.00721103993648,1893.0000000001,3.04835909755743,0.0752434919615064,7177.0000000001,0.863389817655064,3.91174891511249,0.183859339037608,0.5832519113305,0.372761763644876,0.285189467828047,0.492840043410921,0.312701909375415,0.155697387850881,0.322080244338431,0.615794107231233,0.377357718391238,0.790969101843868,0.816557510730707,0.665910670455331,0.160215077439751,0.811073378930813,-0.183656619125852,-0.461007527196321,-0.751834212897414,-0.690544926566652,-0.641104661755904,-0.556930486023826,0.489726098071296,-0.462228632410263,-0.49435430703338,-0.49435430703338,0.196828295279419,-5.53892518070865,-0.600463892021234,-0.539042618584988,0.222640086073487,-0.697381658827138,0.465449215771633,0.0972974228406946,0,7177.0000000001,0.143278441607538,0.0405808973300704,0.636608731788952,0.250083824270405,2108.42319712719,0.0624998605480869,131,2,"SNETWORK (2 3 2108.42319712719 0.636608731788952 100000336 131)",100
28,100000337,0.618557544099336,243,-0.268041164135857,-0.507523118116241,-0.715996162004961,-0.715344983900652,-0.711097017555422,0.706574096387452,0.805111305208471,2.00232003666937,-0.607325873307566,-1.45396718985466,-0.446607133616359,1.72444434959867,-1.45396718985466,-1.45396718985466,-0.37035460379168,-1.07423599004478,-1.07456640043549,0.389949097322638,-1.45352537065638,0.468172484599588,-2.26546906187625,-1.53286713286713,0.194922194922195,0.618557544099336,8,-0.453308267248355,0.419202729377685,0.419345145368081,0.644735740001223,0.622481111390782,1.01365514372309,-0.603758861077308,0.62982462600431,0.0700766572057356,7363.0000000001,0.82494110197104,0.0677505129412133,2008.0000000001,0.217505909654938,1.04244701152598,0.045433876597115,0.728832153582346,0.598943031065489,1.26902107707802,1.92667939075696,0.97154018211822,0.683977857166359,0.928943496732238,-0.562655266179341,1.17518593869171,0.332457750923648,-0.794537748063589,-0.863498035321818,-0.0327663272069266,-0.34456670671217,0.121428129376516,-0.277526342387342,-0.897784372821835,-0.860982036160378,-0.83280147843515,0.372991803534658,-0.694351521912037,0.317906344469567,0.410772856386461,0.410772856386461,5.9100760598265,1.06316675953723e-11,-0.605351476363859,-0.798131106785758,0.0443216939530308,-0.659656362288338,-0.45590373344168,-0.0701612373070372,1.23690246224255e-12,7363.0000000001,0.0359541269042855,0.00947974959282945,0.550903251325487,0.131688945926726,2053.50790625118,0.125,784,2,"SNETWORK (2 28 2053.50790625118 0.550903251325487 100000337 784)",100
28,100000338,-0.240784414452615,183,-0.790377993358492,-0.853832397374456,-0.715996162004961,-0.715344983900652,-0.711097017555422,0.772521366129581,0.782169889946503,2.04320226189129,-0.437041953384792,0.361335542265024,0.104950371478612,2.69434545419347,0.361335542265024,0.361335542265024,-0.0225222500637988,-0.879012536879563,-0.947571908644675,0.67484652394404,-1.25955852695015,0.468172484599588,-2.26546906187625,-1.53286713286713,0.194922194922195,-0.240784414452615,8,-0.660379076298874,-0.204159806638066,-0.20262368960021,0.966352249031749,-0.230540304157296,1.49160796033264,-0.433873480177274,0.577475894246996,0.110532703737947,3682.0000000001,0.650682824032398,0.0427014914403187,2755.0000000001,0.188087273925266,0.838770097857664,0.0407944406354097,-0.319549027243514,-0.312473760207602,1.34781578853662,2.01233436111957,1.02042244769616,1.13437085934765,1.08814741404177,0.0651552538102616,1.11749385762266,0.618894833924232,-0.67644368173715,-0.556456847346874,0.0546814273920813,-0.253763761538873,-0.471792152073761,-0.752292666128179,-0.897784372821835,-0.860982036160378,-0.83280147843515,0.463872725021874,0.527498246626551,0.00151539418564197,0.522181648034792,0.522181648034792,3.13382498477512,1.06316675953723e-11,-0.0851477754942485,-0.0625269286609916,0.47570130541349,-0.194120259618275,1.11186523217878,0.156283507303151,0,3682.0000000001,0.0316466238356434,0.00914781669976626,0.123980095618026,0.182182887072084,1714.58116049351,0.125,724,2,"SNETWORK (2 28 1714.58116049351 0.123980095618026 100000338 724)",100
12,100000339,0.275217103491129,224,0,-0.0695595240108285,-0.467885001197052,-0.45962963966976,-0.447550990366083,-0.614518426970073,-0.702079785429334,0.0512693751468324,0.0899232201428255,-1.041866127347,-1.68080488301168,0.0315638473154036,-1.041866127347,-1.041866127347,-5.65232000404476,0.529402449079228,0.666852676744999,1.793983288359,0.311173515153667,0.184804928131415,-0.778443113772456,0.103496503496504,0.51023751023751,0.275217103491129,7,-0.242575329601234,2.94406274318521,3.02779194557039,0.394377436003539,0.272218584576979,-0.106956313028153,0.0916794465228989,-0.530462672803015,0.664092085275092,3661.0000000001,3.88707631749867,0.0489769335852043,1164.0000000001,0.0911464178330466,3.97822273523171,0.111707055309325,-0.18730183226222,-0.531396040066848,0.387390842222607,-0.121477114106387,-0.796955652541023,-0.731786015937498,-0.488902745203242,-0.262971241326511,-0.85842020940346,-1.00490885752989,-0.253371028545375,-0.0517152639828815,0.184137684196155,-0.119835466436335,0.223123099423871,0.103212322371745,-0.751834212897414,-0.690544926566656,-0.641104661755904,0.0225288017345884,-0.712768848454335,0.216062939639686,0.0228310665262948,0.0228310665262948,2.70047623654871,-11.0279031269831,0.94140158849855,0.976587483369304,0.87216180134474,0.834423166702387,-0.814496101102243,0.409467760263109,0,3661.0000000001,0.109147696773227,0.00255935843609836,0.0324891007411369,1.62434961972805,2641.51680581749,0.0312499302740435,224,2,"SNETWORK (2 12 2641.51680581749 0.0324891007411369 100000339 224)",100
36,100000340,0.802532319079842,185,1.29896932353205,1.22104076566898,1.45807027539656,1.42805593959054,1.43873085382348,0.427352925881777,0.375662457532654,-0.215335506588555,-0.0457557150232864,-0.327806944026597,0.846242739094178,-1.71177211615095,-0.327806944026597,-0.327806944026597,-0.609003107840232,-0.561350333527956,-0.677176827851763,-0.937677267800281,-0.563882889448005,0,0.0419161676646709,0.81118881118881,0.42997542997543,0.802532319079842,12,0.308261601517998,0.360563412554949,0.360425058372358,-0.31058894626942,0.798134875462702,-0.0234577646419874,-0.0372229334708582,-0.271755475612942,0.187777441982057,842.0000000001,1.01114298162691,0.126725676289076,993.0000000001,0.804768423391072,1.81591140491798,0.0799634541640371,1.30176497804075,1.4730108572936,0.147231695094753,-0.360983987439513,-0.73863333338505,-0.0819568779215445,-0.713451122646548,-0.00507609019616314,-0.829691142007025,-0.815382814645438,-0.162498151238927,-0.112789992409129,-0.873858386085991,-0.16433380506374,0.596004386864676,1.11697181886013,2.19258446122347,2.15155944355969,2.28302402457116,-0.574612071776762,0.0921997220574426,-1.1585742784964,-0.508039149987994,-0.508039149987994,2.00027537760214,-1.62271262273843,0.344136573107667,0.54746454401662,0.638029035481034,0.236834926958438,0.421454914218746,0.928700043203993,0,993.0000000001,0.0445255672391159,0.0354378868249211,0.471184876762846,0.708185019902885,5337.04964188262,0.0156249669969604,1033,2,"SNETWORK (2 36 5337.04964188262 0.471184876762846 100000340 1033)",100
17,100000341,0.495310918769032,269,0.152577399052067,0.406018494492994,0.0737102907633875,0.0682577010310203,0.067165878475577,-0.530442206896559,-0.618976486003801,-0.168990966283329,0.644118520825506,-0.235410809345084,-0.382071051714542,0.138010808060578,-0.235410809345084,-0.235410809345084,0.364999146173656,0.249921844658756,0.318142079016038,0.0130489050409926,0.284854517230105,-0.443531827515401,0.0161216029479497,0.044324905863371,-0.265923265923267,0.495310918769032,9,-0.572881064165525,-0.704298268698268,-0.694357689501499,0.677976973138268,0.493442275296941,0.789327367632493,0.645170119112784,-1.49073618819203,4.03210618770851,144.0000000001,0.928305722562031,1.07430631918781,429.0000000001,0.736854935996682,1.66516065845871,0.0884719384985456,-0.0762136359336669,0.132801872850305,0.747783531465264,1.36695557976022,0.944568597413588,0.847823709407897,1.09980999938485,0.90420386629375,1.38378991876231,2.6101585432542,-0.145736493956838,0.0363907557135735,0.151284834903614,0.201207554814042,0.247185316517616,-0.0693874253701061,0,0,-4.84823954093274e-15,0.532836186445614,-0.15633781686514,0.678097850131884,0.609935930378199,0.609935930378199,0.744138821019751,1.06316675953723e-11,-0.017322374841829,0.0548387564358227,0.540621275392001,-0.135518128956229,0.0924376280187287,0.737481090855644,0,429.0000000001,0.049321971594999,0.0391499668035467,0.937021523436605,0.0656946604887202,2687.24595116441,0.125,688,2,"SNETWORK (2 17 2687.24595116441 0.937021523436605 100000341 688)",100
3,100000342,-0.284246456369263,112,-0.226804037760009,-0.273941878615531,-0.467885001197052,-0.45962963966976,-0.447550990366083,-0.367334413548538,-0.428063657813407,0.559366001226587,0.772413527224458,-0.0341708697642751,-1.22649951536696,-0.132637842770209,-0.0341708697642751,-0.0341708697642751,-4.38912167504461,0.169818029331467,0.23631289663386,1.13750312344771,-0.0219814212564398,0.0739219712525668,-0.0898203592814364,1.0005994005994,0.837837837837838,-0.284246456369263,7,0.0863280085843435,-3.20666148355008,-3.04319427261374,-0.437592385804034,-0.282185121411612,0.69308630568855,0.772496693824804,-0.223539041759666,0.111319932700671,734.0000000001,0.130636347502426,0.112724360565676,1310.0000000001,0.236093543369932,0.366729890772358,0.0305303973999461,3.56536838798868,-1.04033898901216,1.1391866231113,0.395178265060823,-1.09977692555998,1.50886776035023,-2.01316877829138,1.25940962573862,-2.88123369468116,6.29832025149741,0.719941043978552,0.51058085256357,-0.822811427562914,0.424548925383129,-0.183656619125852,-0.461007527196321,-0.824421059425981,-0.775310111635714,-0.736443148671689,-0.292322697529179,0.713378912141506,-0.607100504711739,-0.27545971268589,-0.27545971268589,0.443081575098061,-2.04775144468163,-0.526623938201513,-0.533992886222962,0.026103862173237,-0.569029636542554,0.552756493397229,0.531706199087483,0,1310.0000000001,0.0108755236195708,0.0196548736803753,0.564202005505334,2.45082589838421,2004.01988633516,0.0624998605480869,113,2,"SNETWORK (2 3 2004.01988633516 0.564202005505334 100000342 113)",100
29,100000343,-0.397073335752883,165,-0.790377993358492,-0.853832397374456,-0.715996162004961,-0.715344983900652,-0.711097017555422,0.557796964669989,0.539617174341007,1.76628230854512,-0.26652974246205,1.151541263279,-0.226317673383265,3.66245033714294,1.151541263279,1.151541263279,0.0869830665608648,-0.803703907328384,-0.87973453279469,1.00441311353226,-1.22494866598048,-0.720739219712526,0,-0.434965034965035,-0.700859950859951,-0.397073335752883,8,0.516088687142147,-1.85523617943773,-1.79910856643147,-0.499414566736322,-0.393944440625367,0.519630657327904,-0.263846352199266,0.0785596655175333,0.178956700278776,1063.0000000001,0.304141717017126,0.0639344020605624,1510.0000000001,0.15434988859549,0.458491605512616,0.0299026850342882,-0.262147297333612,0.224249552156561,0.986855429929346,0.296271576397499,-1.07374665053995,0.97463163441944,-1.53873332698089,0.258506310623213,-2.04788516546985,-0.47097877485044,2.28422175731297,1.38474818187405,-0.189355579032629,4.16435068607232,-0.175187898417739,-0.514914215799575,-0.448902310233279,-0.430500774342175,-0.41640900387072,0.462830515134736,-0.157717981218679,1.00362767309654,0.52087702952961,0.52087702952961,-0.0784617242175076,-0.355943956540049,-0.826252557832484,-0.766769858127932,0.155608424890182,-0.92848117229886,0.235117490935242,-0.0250849789250401,0,1510.0000000001,0.0198360315194029,0.0100666534148853,0.999065968947427,0.739440784789622,1615.2890399326,0.25,960,2,"SNETWORK (2 29 1615.2890399326 0.999065968947427 100000343 960)",100
3,100000344,-0.211611063908564,127,-0.226804037760009,-0.273941878615531,-0.467885001197052,-0.45962963966976,-0.447550990366083,-0.381371822674489,-0.446621932969033,0.553302190705057,0.747177544632024,-0.0515257533805101,-1.24274014911598,-0.162714228078814,-0.0515257533805101,-0.0515257533805101,-4.37557234394132,0.154295861409914,0.223481234228223,1.10990665844581,-0.036499384756928,0.0739219712525668,-0.0898203592814364,1.0005994005994,0.837837837837838,-0.211611063908564,7,0.210875314367461,0.683493029220498,0.685925489846461,-0.200634118406512,-0.212507461059737,-0.176889627322137,0.747457223295378,-0.598336588711253,0.0891839518794667,1458.0000000001,0.207892714894869,0.0864728508487423,3076.0000000001,0.425266469943839,0.633159184738707,0.0263457684127533,-0.155899324471204,-1.15514870770577,-0.0480517311376259,-0.628329577153395,-0.913770343990816,-0.30611816533304,-0.83372337541327,0.378581304495164,-1.1908142802989,-2.39070786250298,0.594003620614589,0.536374899644393,0.161412569250569,0.964110975750431,-0.183656619125852,-0.461007527196321,-0.819458266673913,-0.769514680835134,-0.729924816845926,0.387639816995481,-0.863140277384924,0.913875820663202,0.428411281164348,0.428411281164348,0.100110154779244,-2.7970475816582,0.0332197207589294,-0.045083860947639,0.727720068033999,-0.125361446059597,-0.568605533278373,-0.71791936937722,0,3076.0000000001,0.00865042066951971,0.0176953476432336,0.624788982925937,1.83444412708162,2091.38029272635,0.0624998605480869,128,2,"SNETWORK (2 3 2091.38029272635 0.624788982925937 100000344 128)",100
42,100000345,-0.86117720252949,10,-0.886598059773572,-0.0928456434617663,-0.0369605603324269,-0.0422694509956289,-0.0386919408759992,0.990669112555737,1.24860569789547,1.33663479551847,0.108692973550749,0.0545772445593594,0.353337020529413,0.586672800312535,0.0545772445593594,0.0545772445593594,0.594661913815359,-0.136624047757868,-0.330527807604679,0.147837532790711,-0.227143043936266,-0.720739219712526,0,-0.434965034965035,-0.700859950859951,-0.86117720252949,10,0.073503240914069,1.19904410845974,1.21060968745332,-0.00769614808945787,-0.859269684007275,-0.0593627691545659,0.110423235663565,0.0260625165303281,0.410782014320481,2840.0000000001,7.46079830542544,0.0377467610941959,2.0000000001,0.000482797837526945,7.46128110316297,0.283696150991586,-0.155731766521578,-0.159423566528849,-0.213695264445577,0.423036838409466,0.992058050107345,-0.31296339736979,0.828213396625267,-0.00391743273295866,0.972469670328186,1.1630530844525,-0.580186765289492,-0.54008177010659,0.187146981751292,-0.350559464759488,-0.658232714974315,-1.30374704394875e-15,-1.4058558810172,-1.37829262321507,-1.4081339961998,0.183330796115049,-1.19599039638742,0.516590577997974,0.192965270731082,0.192965270731082,2.17841367299953,-1.02516673751668,-0.298874448731465,-0.14159485444477,-0.813600861399972,-0.116733265488497,0.049968369592399,0.322284892995673,0.0876987395912763,2840.0000000001,0.283677793741131,1.83571504549444e-05,0.764586697202779,0.248575629666448,1745.21596455201,0.0625,1477,2,"SNETWORK (2 42 1745.21596455201 0.764586697202779 100000345 1477)",100
3,100000346,-0.69228574265339,10,-0.494845044588713,-0.486027089260215,-0.640656641110964,-0.630828421199535,-0.621755757978306,-0.305437464270588,-0.393523643658364,0.671800638486977,1.20854156067892,-0.000359447913307287,-1.14894630701077,0.388155994091009,-0.000359447913307287,-0.000359447913307287,-4.85445244904576,0.268310422857322,0.262058712890835,1.10178676986972,0.108727351485332,0.0221765913757709,0.149700598802395,1.22237762237762,0.834152334152334,-0.69228574265339,7,0.47035408501091,4.0193505215558,4.17498941966805,-0.0937432471363952,-0.687102012763855,-0.0346303508765729,1.2075486350812,-0.00185897944697762,0.066512136235263,2344.0000000001,0.249260543681945,0.196615106780068,7430.0000000001,2.33561218013272,2.58487272371466,0.0602935814539717,1.15276697653475,-0.173741234411814,-0.0228699823963389,-0.0943908205000442,-0.1044532161781,-0.885745766481683,-0.0508746545846928,0.219447951349507,0.13477071709,0.351528285509692,-0.496833017937116,-0.575488047362936,-1.2605870091167,-0.341111726955313,-0.471792152073762,-0.752292666128179,-1.48074956831335,-1.42385789878099,-1.44749212629168,-0.456163007693159,-0.277968296950166,0.0471068724053225,-0.41416902947357,-0.41416902947357,4.50378889673264,-21.5792691016154,1.01962808345222,0.891979686281589,-0.468541274291318,1.24398711129734,-1.02330975135002,-0.646500472079184,0,7430.0000000001,0.00581413959979316,0.0544794417541786,0.141960837716686,2.86779039042465,1395.19004230723,0.0624998605480869,11,2,"SNETWORK (2 3 1395.19004230723 0.141960837716686 100000346 11)",100
37,100000347,0.14522586697376,46,1.29896932353205,1.22104076566898,1.45807027539656,1.42805593959054,1.43873085382348,0.0962337988027851,0.0246317915757397,-0.50270392422431,0.682347436224037,-0.33313686329743,0.603165202445311,-1.07740709688602,-0.33313686329743,-0.33313686329743,-0.51492668657463,-0.540474544431936,-0.583152383141374,-0.446278354231663,-0.627521789069481,0.170020533880904,-0.850299401197607,-0.17062937062937,0.240786240786241,0.14522586697376,12,-0.230034620794245,0.555516111097092,0.556631876796307,0.293480159880689,0.141676841648502,-0.288829043000337,0.684286280843184,-0.572987173147283,0.0734449087968249,246.0000000001,0.115545720401362,0.116459792465688,522.0000000001,0.388779696583734,0.504325416885095,0.0214610287939311,4.73764028169021,3.26909508470936,0.902706079057715,-0.210032822757428,-1.47802011324698,-0.391871983546908,-1.37946881309926,0.300969675858908,-1.18906439300626,-2.29054802084216,0.702799871544871,0.553306724453807,-0.788983848807002,1.02241797939954,0.528207847926239,1.07109749798066,2.19258446122347,2.15155944355969,2.28302402457116,0.305585915020618,0.602710475943624,-1.14551049786794,0.331143802117765,0.331143802117765,-0.100320644476703,-0.625974041173906,-0.194014536415479,-0.0390874169806088,-0.150961174291095,-0.161966222108039,-0.484269391446823,-1.11765061284614,0,522.0000000001,0.00491692454180854,0.0165441041521226,0.269184764053295,0.771403314545751,4504.96416899436,0.0312499339939208,1094,2,"SNETWORK (2 37 4504.96416899436 0.269184764053295 100000347 1094)",100
41,100000348,-0.719971596333628,47,-0.886598059773572,-0.0928456434617663,-0.0369605603324269,-0.0422694509956289,-0.0386919408759992,0.973444583467358,1.1534253057849,0.885332659560147,-0.0955851393142048,0.373264863827903,0.461175580270241,0.367500891952069,0.373264863827903,0.373264863827903,0.552673801545438,-0.339998379574083,-0.483376786930402,0.10506204353128,-0.475710682474131,-0.720739219712526,0,-0.434965034965035,-0.700859950859951,-0.719971596333628,10,0.227973096798952,0.796945701650791,0.800866731295025,-0.204553906487604,-0.719952380111934,-0.348556048166851,-0.0933412048200038,0.25308883585849,0.133739249281602,143.0000000001,0.122306758969591,0.0976041415215386,481.0000000001,0.300240214285459,0.42254697315505,0.017236303449294,2.74185028582393,0.6744251543205,-0.561966846949895,-0.636172558440345,-0.0963534345355904,-0.509735662664643,-0.0857848750714951,-0.294748794112263,-0.0174679091355636,-0.0128196362836171,0.942176564719735,0.801058041247682,-0.659007487406359,0.399885771841915,-0.658232714974315,-2.60749408789749e-15,-0.65748465155302,-0.625337767422645,-0.626387448455101,-1.63968677274646,0.0702235703623664,-0.229406097994999,-1.15476793958285,-1.15476793958285,0.311937590443537,-0.0385678597212895,0.21772607425026,-0.0207367076748209,-0.343761737193868,0.335565633950688,0.934737654649831,0.494228707047323,0,481.0000000001,0.00498906993062421,0.0122472334186698,0.108060645687026,0.0166347449977036,1943.80553734005,0.0625,1253,2,"SNETWORK (2 41 1943.80553734005 0.108060645687026 100000348 1253)",100
29,100000349,-0.978071683271976,48,-0.790377993358492,-0.853832397374456,-0.959757100198023,-0.960709455694412,-0.961711264614227,0.434431200389076,0.361063185526549,1.58875471951748,0.11863345914536,0.884443193230392,-0.208829951020441,2.92938206390436,0.884443193230392,0.884443193230392,-0.0847240429161415,-0.353393904085434,-0.453698274451568,0.49025467462332,-0.563111573342212,0.388090349075976,-1.93862275449102,-1.29510489510489,0.10534398034398,-0.978071683271976,8,0.589649227424928,-0.0609413489706535,-0.0605950054498673,-0.516251914301065,-0.977575411071879,-0.333650416355726,0.120547596105273,-0.0906729990381611,0.130260846758718,3260.0000000001,0.678931974519129,0.0648356329432771,1999.0000000001,0.207215059170058,0.886147033589187,0.0420242231142338,-0.297820941763716,-0.0763490310021507,-0.282628413601994,-0.372610676327458,-0.132612113625487,-0.29966098792169,-0.138334072738601,0.0112751024751174,-0.135048359554687,-0.160444061798545,-1.45161090575125,-1.08581718586686,0.188727957751922,-0.450821401742683,-0.471792152073761,-0.752292666128179,-1.4058558810172,-1.37829262321507,-1.4081339961998,-2.19530248001993,0.0646218935924716,-0.705670732784997,-1.38408868107506,-1.38408868107506,0.970128161150937,1.06316675953723e-11,1.50949102600869,1.67942134882772,0.595366457161605,1.52348686751664,-1.58854931671266,-1.36239586075548,0,3260.0000000001,0.0321973528389989,0.00982687017523485,0.291985724368331,0.389291904226411,959.320188268022,0.25,843,2,"SNETWORK (2 29 959.320188268022 0.291985724368331 100000349 843)",100
29,100000350,-1.07898889721177,24,-0.790377993358492,-0.853832397374456,-1.31184600508887,-1.30651564302517,-1.32383268064034,0.434498131160781,0.389011296163005,1.57040023454877,0.255986024357591,0.588850384585847,-0.147575166211648,2.06922246346608,0.588850384585847,0.588850384585847,-0.236437369005299,-0.345471595862013,-0.487332248961283,0.0771739200383917,-0.477504517535892,0.279260780287474,-1.27411842980705,-0.441958041958041,0.405132405132405,-1.07898889721177,8,0.782842730467552,9.50883783023552,10.2561872619243,0.248572686480101,-1.07964441323387,-1.07469568003619,0.257310907136061,0.676982634711321,0.203431985660668,2209.0000000001,0.718471788034264,0.0895140641673336,32649.0000000001,4.67257116636577,5.39104295430004,0.0492549253480263,-0.94483883175919,-1.38850907433263,-1.08796470648289,-1.06704415746784,0.0522304728944179,-2.27363711619675,0.0147762919984328,-1.81449996107021,-0.00716343493685003,-0.0100165411475329,-0.0198314634229269,-0.275287392710015,0.105003432182749,0.0811329407561004,-0.471792152073761,-0.75229266612818,-2.3587188560243,-2.29529197602236,-2.43477706343215,0.865531784758628,0.597661038873277,-2.87872528252069,1.07537552843814,1.07537552843814,-2.84144370260192,1.06316675953723e-11,-0.311814115727716,-0.321984387756655,-0.092409523681025,-0.305130456470067,-0.297437264222922,0.105381369655442,0,32649.0000000001,0.00656427235103882,0.0426906528969874,0.147732702636711,9.32197870581439,825.494516090229,0.25,819,2,"SNETWORK (2 29 825.494516090229 0.147732702636711 100000350 819)",100
41,100000351,-0.199405837198638,153,-0.886598059773572,-0.0928456434617663,0.315622755524543,0.310024668600395,0.31737100022456,0.976436296256377,0.989440288325426,0.0861915194158814,-0.302784167490001,0.815630638122187,0.572110834913745,0.373991400166004,0.815630638122187,0.815630638122187,0.502722682873963,-0.793826300356191,-0.919105158469943,-0.281122031380735,-0.977159534682618,-0.720739219712526,0,-0.434965034965035,-0.700859950859951,-0.199405837198638,10,0.32244538791736,0.801179763372873,0.805162133539116,-0.282966015850301,-0.200898347448341,-0.531367355379037,-0.299928523281958,0.356992207186234,0.212970539013039,2028.0000000001,2.76212303587519,0.0405540523500998,119.0000000001,0.0308629019070198,2.79298593768221,0.113845530680368,-0.0689988913579932,-0.154077202298296,-0.577868360791297,-0.708226895209368,-0.19057307286562,-0.720005399562646,-0.169963211834536,-0.663516475473769,-0.343056886938355,-0.22889354563633,0.657271981899191,0.327645828982129,-0.79854639680908,0.417864045983867,-0.658232714974315,-2.60749408789749e-15,0.102215627178161,0.139017963839613,0.167198521564845,0.0135210656634606,0.838653429409847,-1.07061570610112,0.0136733606041678,0.0136733606041678,-0.0197083067434035,-0.15753503996353,-1.01436398836675,-0.877689440619835,-0.139590200904471,-1.06319468897224,1.52805452137162,0.677215765690549,0,2028.0000000001,0.112587520869617,0.0012580097107512,0.463945479420667,0.276562011886934,2548.77193288076,0.0625,1359,2,"SNETWORK (2 41 2548.77193288076 0.463945479420667 100000351 1359)",100
37,100000352,0.233143230471818,61,1.29896932353205,1.22104076566898,1.45807027539656,1.42805593959054,1.43873085382348,0.102257503719871,0.0296681115322349,-0.502867785665002,0.669844346358267,-0.346818550243183,0.613815722168899,-1.09906392264926,-0.346818550243183,-0.346818550243183,-0.51726491319942,-0.555088349906594,-0.601062373531752,-0.474776969232803,-0.640728505205929,0.170020533880904,-0.850299401197607,-0.17062937062937,0.240786240786241,0.233143230471818,12,-0.352918898030541,-0.306252896630443,-0.303542915111305,0.349540007397012,0.229047932157608,-0.613482347124678,0.670206573746933,-0.241421772327569,0.0631468912137846,45.0000000001,0.0181727876571617,0.265442571697315,1026.0000000001,1.7417066051244,1.75987939268156,0.0871494291689678,-0.14240486478647,-0.264156419861142,-0.357132550079304,-0.630656084350084,-0.416464031719171,-0.592564759723808,-0.453032406550074,0.178236349349685,-0.379144969746764,-0.724627302239957,0.0626315191748184,0.316362405073813,0.153810264909764,0.677623379071488,0.528207847926239,1.07109749798066,2.19258446122347,2.15155944355969,2.28302402457116,0.676972041841519,0.475384922882849,-1.79819342028854,0.802734449132184,0.802734449132184,-0.47765176716394,-2.64702938837582,-0.669791245544409,-0.491444360685996,-1.03296934284955,-0.469981964566646,-0.531327055712905,-1.31839878123893,0,1026.0000000001,0.000899918521049951,0.0862495105479179,0.356113055097437,0.180439656658564,4593.20654479617,0.0312499339939208,1109,2,"SNETWORK (2 37 4593.20654479617 0.356113055097437 100000352 1109)",100
35,100000353,1.02609796637988,227,1.95876350285277,1.6240746339498,1.11742223327512,1.09970853501445,1.1005013034785,0.66526215822486,0.634667186058161,-0.127298479990413,-0.444583115688354,-0.15582127886395,1.12020665880504,-0.78494762873354,-0.15582127886395,-0.15582127886395,-0.776999985533892,-0.529709170528518,-0.640040143170541,-0.930375554253332,-0.525328244040274,-1.3305954825462,1.62674650698603,0.565034965034965,-1.23832923832924,1.02609796637988,12,-0.186479605638316,-0.514434514517633,-0.508475999503116,0.049393132502923,1.02562001601505,0.0424268865024668,-0.440793451888177,0.497247780492335,0.058578516814848,52.0000000001,0.019480440734917,0.128385081292523,1606.0000000001,1.31861242279324,1.33809286342815,0.0687451447056277,0.924509298054515,0.368588616748143,0.159330076694759,0.309315809646011,0.225856466708841,0.19816307497247,0.253672627647806,-0.388366612147593,0.547069221408152,0.268534738585908,-0.181083891280066,-0.00807620095862924,-1.11313818706249,-0.0179754606405217,0.596004386864676,1.11697181886013,2.19258446122347,2.15155944355969,2.28302402457116,-0.123849384892966,0.579881232886029,-1.47791461461759,-0.121312528342174,-0.121312528342174,-0.471889515833149,-0.681981353876781,0.30718533203625,0.390498334967692,0.598059128220442,0.206020270974586,-0.102601441412198,-0.00830124140610957,0,1606.0000000001,0.00100081671842853,0.0677443278871992,0.575492379762674,0.807037044493186,5581.19008321559,0.0156249669969604,1000,2,"SNETWORK (2 35 5581.19008321559 0.575492379762674 100000353 1000)",100
17,100000354,-0.578070694372433,115,0.152577399052067,0.406018494492994,-0.358045591966192,-0.357303355798844,-0.355675841278248,-0.11021158640115,-0.0981512492860067,0.215755885806907,1.16387362959256,0.708249974643439,-0.00150182961359385,-0.0718262791042902,0.708249974643439,0.708249974643439,0.489300875715775,-0.0384423546702143,-0.0216113034726807,-0.417151793380488,6.33283160473606e-05,-0.596303901437372,0.141716566866268,0,-0.395577395577396,-0.578070694372433,9,0.871300125824048,-0.388240290736941,-0.384388843010645,-0.647988535909072,-0.572729256884507,-0.0384953443678225,1.16945335390174,0.855313521396984,0.333698160973562,307.0000000001,0.163790520652565,0.123169074555897,192.0000000001,0.0378093736061334,0.201599894158699,0.0101288377755543,-0.43762152699403,-0.298316699572241,0.112549461249235,0.288730791531449,0.276720601445598,0.0887149316861205,0.304255529464124,0.760487011728152,0.311371743098704,0.818317802859212,-0.130164957175747,-0.318591940377671,0.193837041937103,-0.198669776523581,0.121428129376515,-0.277526342387342,-1.4058558810172,-1.37829262321507,-1.40813399619979,-0.0569607663264718,0.237353108030698,0.0013026299487671,-0.0566667802496472,-0.0566667802496472,-0.112155121677728,1.06316675953723e-11,0.166768908996867,0.0228528285385087,-0.685989292161597,0.308451063472778,0.561076172612476,-0.019211561858519,0,307.0000000001,0.00822920866708609,0.00189962900846825,0.399658810176085,1.42400658903382,1792.46926292081,0.125,534,2,"SNETWORK (2 17 1792.46926292081 0.399658810176085 100000354 534)",100
17,100000355,-0.232646789101555,175,0.152577399052067,0.406018494492994,0,0,0,-0.283691971626356,-0.285295568558764,0.0475647970234431,0.961863308118013,0.458397982342451,-0.16958885254297,-0.0399468312887917,0.458397982342451,0.458397982342451,0.445947913663865,0.0288048142909927,0.0675470217701484,-0.234274031300766,0.0513653661592904,-0.443531827515401,0.0161216029479497,0.044324905863371,-0.265923265923267,-0.232646789101555,9,-0.562790445908637,-0.53368676607861,-0.527369153156001,0.688423488392541,-0.233766808675223,0.555775880605067,0.961537533570684,-1.01119411771712,0.131471627125398,554.0000000001,0.116449700863047,0.0947646698775754,2883.0000000001,0.436805070059094,0.553254770822141,0.0285206644506906,0.627275345856439,0.41734355526382,0.400650042252402,-0.402619244059127,-1.21227273750034,0.6329463548693,-1.37175040264553,0.946234125106666,-0.892561480928881,-2.02717525489914,0.836138121715921,1.11113778167441,0.180892598349032,3.71698707758793,0.121428129376515,-0.277526342387341,0.0672190396802925,0.0914209919322885,0.10995309001005,0.535867689256594,0.668912924863856,0.0431245198271887,0.613858696814024,0.613858696814024,-0.260312072583776,-0.0237699752145535,-0.95794514539827,-0.922793594862895,-0.856899515999961,-0.828114990380117,0.843837011075191,0.383954875039431,0,2883.0000000001,0.00600306225080746,0.0225176020998831,0.609291421956052,0.943074311129749,2141.53399980626,0.125,594,2,"SNETWORK (2 17 2141.53399980626 0.609291421956052 100000355 594)",100
43,100000356,-0.472884800507492,14,0.12371145778112,0.869954874556633,0.532114998802948,0.540517197237357,0.552449009633917,-0.301795212617713,-0.251504339242897,-0.648480879028439,0.0375674762429954,-0.243564415079213,0.474438526465723,-1.24385102855354,-0.243564415079213,-0.243564415079213,0.408945409948617,0.561253721719032,0.374045220420878,-0.00770375357267315,0.681152504236933,0,0.0419161676646709,0.81118881118881,0.429975429975429,-0.472884800507492,11,-0.024467690596521,0.357049194036442,0.356896670088565,0.000168746978619113,-0.473066390806907,-0.651754885714917,0.0397864444555027,0.644326695926427,0.438709855179651,1.0000000001,0.432360345469099,17.5986404419945,1.0000000001,17.3439328326612,17.7762931780303,0.783260281615476,1.91488999823672,1.70968200680016,-0.845203330162431,-0.423329656320752,0.618188809868514,-0.783433123961704,0.597543877070991,-0.337806247419072,0.574761431760579,0.636407088569472,-0.0244468695764704,-0.0078230289735857,-1.09236993956901,0.475259475169443,-0.353148128111646,0.538992472803682,0.102215627178156,0.139017963839622,0.16719852156484,0.949873773987484,0.447806912590621,-0.330325279400783,1.20532064501253,1.20532064501253,-2.03975269736848,1.06316675953723e-11,-0.161186313665511,-0.104158427679365,-0.398465799323449,-0.066219566456995,-0.420040837581522,-0.699981977222325,0,1.0000000001,0.0190506919772437,0.764209589538232,0.0520297903065911,0.444325069664046,2873.46818697669,0.0312500660060792,1487,2,"SNETWORK (2 43 2873.46818697669 0.0520297903065911 100000356 1487)",100
41,100000357,-0.0411303565688455,180,-0.886598059773572,-0.0928456434617663,0.315622755524543,0.310024668600395,0.31737100022456,0.937664962223505,0.904657832697929,-0.270010818418323,-0.396020630854209,0.885870090423932,0.589123371731054,0.733376568109379,0.885870090423932,0.885870090423932,0.479096946285821,-0.652139451932779,-0.777262522622185,-0.256742052148841,-0.802996816616589,-0.720739219712526,0,-0.434965034965035,-0.700859950859951,-0.0411303565688455,10,-0.552130806561242,-0.00262021470094345,-0.00260727806912402,0.751930575297408,-0.0411409578967087,0.295065535902921,-0.392711033502073,0.0198894362554635,0.159415025304181,996.0000000001,1.01541629839088,0.193444284696059,453.0000000001,0.560414862166575,1.57583116045745,0.0739677486745553,-0.561293227257642,-0.401865856188102,0.0655100317282528,0.00301658024977924,-0.0959758286356355,0.287536204402123,-0.0991420439237943,-0.257171986596011,0.310631322636761,0.179524846427134,0.184899744298385,0.145169847671942,-0.0342560597374166,0.195456757889761,-0.353148128111646,0.538992472803681,0.102215627178165,0.139017963839617,0.167198521564845,0.239573776516197,-0.319962128577589,0.93623137284428,0.255554314133662,0.255554314133662,-0.0931553707277424,-0.240541442272154,-0.40032330354603,-0.267195486517249,0.694494618898973,-0.592169448223446,0.824113962929019,0.586011327035476,0,996.0000000001,0.0476625030269412,0.0263052455476141,0.54991462376714,0.0980812335649431,2694.91034186374,0.0625,1386,2,"SNETWORK (2 41 2694.91034186374 0.54991462376714 100000357 1386)",100
17,100000358,-0.969437418088535,24,-0.711340194022643,-0.147031598306002,-0.358045591966192,-0.357303355798844,-0.355675841278248,-0.0310035572145881,-0.0291954265130975,0.352794166976637,1.36316411325955,0.644218889238577,0.0434446378963356,-0.0855293970749351,0.644218889238577,0.644218889238577,0.513309421147669,0.0242769864326945,0.0160844036508325,-0.499728303414913,0.0942511608061008,-0.596303901437372,0.141716566866268,0,-0.395577395577396,-0.969437418088535,9,0.301578929566506,0.0463138092132365,0.046113813282611,-0.332227884203181,-0.967071875733777,0.934081126301883,1.36164429626346,-1.04961574175475,0.72146475196912,1860.0000000001,2.14548082152974,0.261912494881101,1787.0000000001,0.748302755577353,2.89378357700709,0.134665768443526,0.174511417617397,0.155465997805046,0.577724434915189,0.724808331775314,0.220110189565287,0.735937729418407,0.224423530094643,1.1414859423964,0.261735993084031,0.736862694086668,0.0245016868443493,-0.0168735863801869,-1.05979761461786,-0.170315309105335,-0.675181930528773,-0.587156310063934,-1.4058558810172,-1.37829262321507,-1.40813399619979,-0.61936132848647,-1.00223070868258,-0.162539770393869,-0.542172384081543,-0.542172384081543,1.09153714339678,1.06316675953723e-11,-0.0913384428483282,-0.306756546473296,-1.50942553936666,0.27866621552814,0.436481383527936,0.223106228037491,0,1860.0000000001,0.0998425817292591,0.0348231866142664,0.0804751371183394,0.228194231167436,1260.98819273801,0.125,443,2,"SNETWORK (2 17 1260.98819273801 0.0804751371183394 100000358 443)",100
35,100000359,0.92994364956428,211,1.95876350285277,1.6240746339498,1.45807027539656,1.42805593959054,1.43873085382348,0.641473603525975,0.563751525071082,-0.117741026446058,-0.269089323011355,0.0369652676086339,1.14390448245329,-0.222303728164925,0.0369652676086339,0.0369652676086339,-0.592488139476393,-0.490969626719735,-0.600135782561853,-0.824824777510961,-0.495811236815352,-1.3305954825462,1.62674650698603,0.565034965034965,-1.23832923832924,0.92994364956428,12,0.168054200839047,-0.937938942136479,-0.921731546449449,-0.315413368850716,0.928933090328259,0.224785800864219,-0.266384228074064,0.596965465899996,0.0353116505848003,5.0000000001,0.00112913305621707,0.135644832235002,1085.0000000001,0.941217628268062,0.942346761224279,0.0521858466602757,0.0825904773153886,0.14103861038745,0.0446353853415914,0.559480722343231,0.791055037971313,0.474644304205789,0.959614857464585,0.0221441466280247,1.13891188542666,0.81657337350393,0.310583281094667,0.13768706722776,0.00465914628836286,0.18830483725301,0.596004386864676,1.11697181886013,2.19258446122347,2.15155944355969,2.28302402457116,0.271744408277615,0.618762234867557,0.520796031860235,0.292101236827539,0.292101236827539,0.675839864161041,-0.216273332509588,0.0187092424912516,0.2093236492546,0.463937893636169,-0.0775298538483388,-0.514559507679356,-0.447696514762302,1.5124680854327e-12,1085.0000000001,6.25298049828213e-05,0.0521233167552929,0.184625011182918,1.46845644334276,5484.14583758132,0.0156249669969604,984,2,"SNETWORK (2 35 5484.14583758132 0.184625011182918 100000359 984)",100
29,100000360,-0.826247675196478,84,-0.790377993358492,-0.853832397374456,-0.959757100198023,-0.960709455694412,-0.961711264614227,0.523978606763645,0.482144115956943,1.72936735812802,-0.0154096424978059,0.976453793696088,-0.165011407332708,2.80545001482689,0.976453793696088,0.976453793696088,-0.0090845145884016,-0.552923916446301,-0.647595411742374,0.20701100418555,-0.762809987984056,1.05602816075095,-3.18648417450813,-1.88851148851148,0.604422604422604,-0.826247675196478,8,-0.117777310035673,0.928528863588502,0.934548861568049,0.189969165035126,-0.82651379462245,-0.390793862962263,-0.0133792654183876,-0.405877882368708,0.31939296065507,5720.0000000001,2.92089627228618,0.91764073411877,159.0000000001,0.233273053245067,3.15416932543124,0.125734590577869,1.71529117748089,1.88202893042384,-0.0230354856765203,-0.621109745727474,-0.853592429528448,-0.584421679388578,-0.745868758144707,-0.262677349770546,-0.953291446850794,-0.986306839989881,-0.00840210171384139,0.159484701075991,0.165629183414048,0.446212886399253,-0.471792152073761,-0.752292666128177,-1.2755977736078,-1.24566644523131,-1.26063101141846,0.743291151739304,0.460477473252012,-0.396926789114259,0.895900250292167,0.895900250292167,0.904015644351986,-3.71119562818387,0.66168158144513,1.15316289883363,1.21146468833729,0.446093400528552,-1.19711483057994,-1.61159621452005,1.7232907534642e-13,5720.0000000001,0.11643563129671,0.00929895918115837,0.512885766923607,0.720911180831964,1164.25244080733,0.25,879,2,"SNETWORK (2 29 1164.25244080733 0.512885766923607 100000360 879)",100
13,100000361,0.93936991738408,325,0,-0.0695595240108285,-0.110963835372034,-0.110383201657025,-0.109843962764069,-0.943192728893519,-1.13351100316177,-0.414634571228177,-0.36091068454795,-1.61393441674027,-1.58088582862805,-0.00536363378579744,-1.61393441674027,-1.61393441674027,-2.9213573327384,0.627998157980624,0.866495001204158,1.77761065238244,0.438470064352986,1.07186858316222,-1.64670658682635,0.299300699300701,1.38452088452089,0.93936991738408,7,-0.13084771187896,-1.42612469050347,-1.39178987600703,-0.092260901831473,0.934351005167267,0.338207791587579,-0.357830696686888,-0.5644727301524,0.0374552915257101,1785.0000000001,0.10689230341007,0.0502691190835113,1033.0000000001,0.0830226574093943,0.189914960719464,0.0114716210417845,-0.206772490032332,0.154191230516166,-0.0663772597345296,0.750042311840829,1.26155179521081,0.705332929424263,1.66962602670277,8.29816512911768e-05,2.25111204356885,1.34244394097258,0.445010933872177,0.270612075310403,-0.578461237640725,0.151656167617161,0.223123099423871,0.103212322371745,0.000480866141918987,0.0349290148369488,0.115671933158072,-0.154932285815877,0.384000730209889,0.092668546127333,-0.150672533309521,-0.150672533309521,-0.140411343773878,-2.93050770467718,-0.0584649967724491,0.0811628626626439,0.313675268459206,-0.125753771417973,-1.16797141239291,-0.890523324607589,0,1785.0000000001,0.00645672137238517,0.00501489956939935,0.374944474736426,1.14589103793445,3219.71473198456,0.0156249651370217,325,2,"SNETWORK (2 13 3219.71473198456 0.374944474736426 100000361 325)",100
37,100000362,0.241280855822878,64,1.29896932353205,1.22104076566898,1.45807027539656,1.42805593959054,1.43873085382348,0.10768037196905,0.0354093548978378,-0.494684340178882,0.663015270551293,-0.364608816519509,0.611718558762997,-1.05141256557948,-0.364608816519509,-0.364608816519509,-0.519354185082957,-0.555430231893476,-0.602433096109928,-0.463598509349193,-0.643206226801004,0.665297741273101,-1.69993346640053,-0.507226107226108,0.644007644007643,0.241280855822878,12,-0.511495432298417,-0.196253956750194,-0.19479737134939,0.799731365000159,0.238578770297277,0.5056508447267,0.663500730600631,-1.60734608917781,0.050402210884082,386.0000000001,0.124421076100303,0.0750230606008913,774.0000000001,0.371358013151233,0.495779089151536,0.0240791239296735,0.726572068188113,0.551116773926687,0.728105857137557,-0.0501188132700238,-1.1733824011391,0.504101635491726,-1.25064081452769,0.752199728883936,-1.15223262644898,-2.18150719461733,0.473150743410113,0.147174877923573,0.257316113292157,0.175402119691978,0.528207847926239,1.07109749798066,2.19258446122347,2.15155944355969,2.28302402457116,-0.621195900363165,-0.501941160046743,0.384506060402663,-0.543556563780962,-0.543556563780962,1.04106045764868,-0.349877932270178,-0.487462045499695,-0.435893949605927,0.334371244805158,-0.600609067563246,-0.261652276133957,-0.404498577488445,0.000736140163273919,774.0000000001,0.00604291419745838,0.0180362096322151,0.372716481767282,0.169758299061546,4610.06096351533,0.0312499339939208,1112,2,"SNETWORK (2 37 4610.06096351533 0.372716481767282 100000362 1112)",100
3,100000363,-0.493227454106356,62,-0.494845044588713,-0.486027089260215,-0.467885001197052,-0.45962963966976,-0.447550990366083,-0.325144614214883,-0.399491020121677,0.645391820444859,0.969198857335511,0.0277424210808395,-1.15295996065244,0.209936072914118,0.0277424210808395,0.0277424210808395,-4.90611945131794,0.237718517256593,0.276362454620565,1.28160336722219,0.0372416201812613,0.501026694045174,-0.58882235528942,1.04055944055944,1.3033033033033,-0.493227454106356,7,0.509454831954189,0.470569545871178,0.471026327748248,-0.43813550809233,-0.486833633306353,-0.0713652020304462,0.972507852637325,0.30430449062132,0.116192263352831,1474.0000000001,0.273822877043306,0.106871640192703,3395.0000000001,0.580092549198786,0.853915426142092,0.0368829515196996,0.88794371303131,0.8039893789061,-0.627275508702365,0.670686921121263,1.94164982839925,-0.153572497691378,1.83981726422714,0.558644729479123,1.85804694072587,4.2872326290041,-0.153427068902209,0.182712671272705,-0.816392389795979,-0.184382816258662,-0.413623607334103,-0.693488282878103,-0.897784372821835,-0.860982036160378,-0.832801478435155,-0.911317425982914,0.0274333177016874,-0.376266002530258,-0.748177877986098,-0.748177877986098,-0.12251052340081,-7.42963707386837,0.377172304586507,0.255445613637016,0.0289551394166153,0.420157170873266,-0.946941495143732,-0.34232868200425,0,3395.0000000001,0.0118271617538439,0.0250557896658557,0.360445466661557,0.227417584103278,1710.22318618483,0.0624998605480869,63,2,"SNETWORK (2 3 1710.22318618483 0.360445466661557 100000363 63)",100
41,100000364,-0.239691806821377,147,-0.886598059773572,-0.0928456434617663,0.315622755524543,0.310024668600395,0.31737100022456,0.974650120865999,0.990702053733735,0.109035853657094,-0.301804481609346,0.812748617842566,0.573404815167856,0.36975152847626,0.812748617842566,0.812748617842566,0.503450719367627,-0.789228624811953,-0.913762766696529,-0.275521633464034,-0.972388423350268,-0.720739219712526,0,-0.434965034965035,-0.700859950859951,-0.239691806821377,10,0.340963940475216,0.393453528191639,0.393462369088245,-0.332182530670076,-0.240873063495827,-0.493067634139121,-0.297165963209094,0.271974010073715,0.131491015620237,1002.0000000001,0.842595897767462,0.0745530423518928,823.0000000001,0.392392542434968,1.23498844010243,0.0540694267105827,-0.0280839541185371,0.0727349476859411,-0.108734392571543,-0.773845548161874,-1.01791578066352,-0.587812754800606,-0.977532578259549,-0.579735347746043,-0.690507889100107,-0.459002721795738,-0.910154487846878,-0.983250051271701,0.0998231333325105,-0.402187216012199,-0.658232714974314,-2.60749408789749e-15,0.102215627178161,0.139017963839617,0.167198521564845,0.0142024082814564,0.89166536181079,-0.578476345489904,0.0143647003985811,0.0143647003985811,3.2698418474183,1.06316675953723e-11,0.577846062045266,0.732981657568187,1.4437839110123,0.298149557739237,0.471514783133496,1.30746353651753,0,1002.0000000001,0.0368899623475174,0.0171794642630653,0.445551268166491,0.479778038337827,2517.503728601,0.0625,1353,2,"SNETWORK (2 41 2517.503728601 0.445551268166491 100000364 1353)",100
29,100000365,-1.08464574603425,22,-0.790377993358492,-0.853832397374456,-1.31184600508887,-1.30651564302517,-1.32383268064034,0.426128553524761,0.38156636659777,1.56439065162962,0.256147793476774,0.587693759493953,-0.147667878938522,2.06856595115489,0.587693759493953,0.587693759493953,-0.237405511625128,-0.345139832526799,-0.486974735307754,0.0770860365409668,-0.477070170947059,0.279260780287474,-1.27411842980705,-0.441958041958041,0.405132405132405,-1.08464574603425,8,0.810883863169023,9.90128725599515,10.701123204981,0.269446930450331,-1.08506012276264,-1.09876465201568,0.257461701899863,0.667616095068491,0.0428058680483461,1589.0000000001,0.108748173303193,0.100578330652441,41466.0000000001,6.66793460215172,6.77668277535491,0.0579259749352639,-1.91351770850438,-1.92135301385523,-1.05934655528939,-1.11411385516461,-0.0730142832979345,-2.30478380358213,-0.0093102356902353,-1.90475049940652,-0.014863081544217,-0.020679352871984,-2.35338664978812,-2.4206233909695,0.105025544310637,-0.491155758252703,-0.471792152073761,-0.752292666128179,-2.3587188560243,-2.29529197602235,-2.43477706343215,-3.31289407227407,-0.0683547878439145,-0.606725177635879,-1.6987961413974,-1.6987961413974,-1.65110028429233,1.06316675953723e-11,-0.16957665091784,-0.174981873380275,-0.158176215830627,-0.133458290290386,-2.54973937591052,-2.56957849991532,0,41466.0000000001,0.000929561579501874,0.056996413255762,0.134721088504293,9.26592815554092,813.423448278363,0.25,817,2,"SNETWORK (2 29 813.423448278363 0.134721088504293 100000365 817)",100
41,100000366,-0.354403494934716,128,-0.886598059773572,-0.0928456434617663,0.315622755524543,0.310024668600395,0.31737100022456,0.969021511139048,0.998291985088946,0.207076749696839,-0.281568223102293,0.77944299253935,0.54246667939912,0.417168632797762,0.77944299253935,0.77944299253935,0.506258409335095,-0.718441783173428,-0.837061415887504,-0.165115835246056,-0.903357544779093,-0.720739219712526,0,-0.434965034965035,-0.700859950859951,-0.354403494934716,10,0.206133319203313,3.44382872304775,3.55863268686889,0.121970313669255,-0.35359474322266,-0.443866578475347,-0.278589556256249,-0.0727074224889562,0.106741862292288,2452.0000000001,1.6738278142917,0.0604371479205542,411.0000000001,0.158855158487177,1.83268297267888,0.0472052524658489,2.07892583899896,2.3590504242609,-0.478270506790383,-0.428689416673201,0.0791578769386238,-1.12651017580862,0.0469991678507892,-0.904714090031041,0.235181114462647,0.175524056815968,0.157596284523189,0.141793953676432,-0.952217899715044,-0.136215671765669,-0.658232714974314,-1.30374704394875e-15,0.102215627178161,0.139017963839613,0.167198521564845,-0.821781301267591,0.288413147745145,-0.570594780144019,-0.687960909172573,-0.687960909172573,1.87707527127834,1.06316675953723e-11,0.386937231172303,0.274107593131177,0.385337388502695,0.344757387003768,0.36937239173413,0.669594663231865,0,2452.0000000001,0.0431135474973677,0.0040917048684812,0.381602899041741,0.16012870502891,2408.79829722804,0.0625,1334,2,"SNETWORK (2 41 2408.79829722804 0.381602899041741 100000366 1334)",100
17,100000367,-0.887075152813156,44,-0.711340194022643,-0.147031598306002,-0.358045591966192,-0.357303355798844,-0.355675841278248,-0.0390762638784857,-0.0332747761076987,0.347147435312262,1.33472449736294,0.672244848585429,0.0501378872368037,-0.0837683786924237,0.672244848585429,0.672244848585429,0.509172248407995,0.00259534191698272,-0.00184825718469787,-0.465966024622464,0.0607370191546054,-0.596303901437372,0.141716566866268,0,-0.395577395577396,-0.887075152813156,9,0.978923498537226,-0.127283523402229,-0.126451924953859,-0.671966791335274,-0.885730578511034,-0.072312974247083,1.33382869413242,0.173392383824922,0.808719796294157,71.0000000001,0.0918021807337018,0.189711904403381,1501.0000000001,0.45527295299859,0.547075133632292,0.0262493257475464,-0.261238044865049,0.401428894432027,0.058118508325363,0.0561165438443732,-0.000777441926292981,-0.00933642009598273,-0.00126567090322641,0.767743715073243,0.0068670414971947,0.0236254006363187,-0.0439829386214595,-0.313352472782333,-1.00549662036891,-0.278882702311854,-0.675181930528773,-0.587156310063935,-1.4058558810172,-1.37829262321507,-1.40813399619979,-0.739542904407599,-0.766972736400455,0.267457354048838,-0.630388160012404,-0.630388160012404,-0.502062274935241,1.06316675953723e-11,0.155103691377805,0.245967752218993,-0.518173906673511,0.309113610471253,-1.42963837247694,-0.108177056326971,0,1501.0000000001,0.00440477950267992,0.0218445461448665,0.149582225037234,1.01609592692694,1376.06020971335,0.125,463,2,"SNETWORK (2 17 1376.06020971335 0.149582225037234 100000367 463)",100
35,100000368,0.887968906049324,203,1.95876350285277,1.6240746339498,1.45807027539656,1.42805593959054,1.43873085382348,0.618542793480341,0.538833885297041,-0.11904182846489,-0.260331112661608,0.010439049585414,1.13477715954911,-0.289659602293747,0.010439049585414,0.010439049585414,-0.575252553378417,-0.455532751599356,-0.557857840486843,-0.777838184028339,-0.459736484997567,-1.14579055441478,2.23053892215569,2.01958041958041,-0.227886977886978,0.887968906049324,12,0.424869806488757,-0.114653645890167,-0.113923159736877,-0.427812324018261,0.884121419934822,-0.0582862672650413,-0.0724214472376661,0.163127737647361,0.0840162888777153,57.0000000001,0.0306263620813056,0.317707963939411,878.0000000001,1.78393768153794,1.81456404351925,0.0868713727011408,-0.382233341413063,-0.00190195782388436,-0.0917868337262745,-0.460045247835366,-0.566826862085036,0.00122259072534308,-0.595705712079657,0.00486596275623397,-0.519863339365299,0.0107109221782624,-2.00674732552626,-1.69535158621689,0.00714849133914521,-0.471106747057781,0.596004386864676,1.11697181886013,2.19258446122347,2.1515594435597,2.28302402457116,-0.736800527037743,0.315153063129906,0.0480919397075234,-0.628429927553582,-0.628429927553582,-5.79773809875645,-9.57615484415848,0.710917292685243,1.00924416673345,0.715219298285503,0.61990095202464,-0.48707746509134,-0.108404536386295,0,878.0000000001,0.00146622221064297,0.0854051503904979,0.0123771356674527,2.00497415242717,5441.380269296,0.0156249669969604,976,2,"SNETWORK (2 35 5441.380269296 0.0123771356674527 100000368 976)",100
37,100000369,0.554057354356368,131,1.29896932353205,1.22104076566898,1.45807027539656,1.42805593959054,1.43873085382348,0.200277824096104,0.12930983126365,-0.45773778016776,0.536900367608984,-0.49825661693291,0.675487772921135,-0.990658756586819,-0.49825661693291,-0.49825661693291,-0.554330068271674,-0.67168687271468,-0.727520819607076,-0.577764874221938,-0.768872646654739,1.28439425051335,-2.76197604790419,-0.927972027972028,1.1480343980344,0.554057354356368,12,1.20080594320202,0.246889360669582,0.246446015295042,-0.718822239295369,0.550866851894402,0.040770871210531,0.542552774397462,0.0203785112144383,0.0396404333996717,103.0000000001,0.0261115517230824,0.0742643423014454,1483.0000000001,0.704333834931112,0.730445386554194,0.0328138751736159,0.797688197683581,0.827179518184086,-0.0614265080073259,-0.272445183262591,-0.310278781706648,0.00503643216955962,-0.305833960219311,0.442779297804489,-0.208275076382937,-0.34873477303867,0.178577569651721,0.0245287820388344,-0.881115141184295,0.0737559400048955,0.528207847926239,1.07109749798066,2.19258446122347,2.15155944355969,2.28302402457116,-0.260790737629566,-0.346535692721649,0.302940805536612,-0.247524341777519,-0.247524341777519,-0.217861886089182,-0.0536342684648541,0.00847381474270642,0.0811662813164231,0.384046047987969,-0.0765468358563203,-0.863760055858067,-1.13847959472657,0,1483.0000000001,0.00117301198532771,0.0316408630882882,0.775178295763624,1.58771573577713,5018.6067454462,0.0312499339939208,1179,2,"SNETWORK (2 37 5018.6067454462 0.775178295763624 100000369 1179)",100
29,100000370,-0.617763118829644,125,-0.790377993358492,-0.853832397374456,-0.715996162004961,-0.715344983900652,-0.711097017555422,0.636916322269326,0.599618458671839,1.84352338844902,-0.0954883802148808,1.00096632621467,-0.108630580298336,3.014315122646,1.00096632621467,1.00096632621467,0.0650878993599225,-0.732011588655859,-0.853140240545343,0.476929291054043,-1.03800085161866,1.05602816075095,-3.18648417450813,-1.88851148851148,0.604422604422604,-0.617763118829644,8,0.0339648156860184,-0.000693894561716078,-0.000690490145922602,-0.104166166902495,-0.611144250232278,0.334203264325896,-0.0873290175871933,0.875845441329871,2.50944479766694,1942.0000000001,7.79151009639342,0.24579644213186,40.0000000001,0.0157191968200191,7.80722929311343,0.366338307568527,-0.423093425779245,-0.441487091178597,-0.313065522742885,1.51852248412289,2.87634842446239,0.318805548508513,2.96033229595725,0.15011854915219,2.77703454662568,2.62832740414065,-2.35338664976063,-1.79031124839122,0.149962153557775,-0.474556099811777,-0.471792152073761,-0.752292666128179,-0.897784372821835,-0.860982036160378,-0.83280147843515,-0.569938007841946,0.570418258199304,-0.4633110790202,-0.504432595640389,-0.504432595640389,3.0514423367071,1.06316675953723e-11,0.496093514578757,0.61446725205563,-1.40410131906371,0.896602327548672,0.0688540826609328,0.93188920416871,0,1942.0000000001,0.365600716230323,0.00073759123820404,0.76375337217391,0.630207844136748,1396.98604664275,0.25,920,2,"SNETWORK (2 29 1396.98604664275 0.76375337217391 100000370 920)",100
17,100000371,-0.267576316434567,169,0.152577399052067,0.406018494492994,0,0,0,-0.279593774296321,-0.283401076393917,0.0559149160560785,0.968978125640179,0.461076229396717,-0.174618476938023,-0.024487668123892,0.461076229396717,0.461076229396717,0.447573241704731,0.0289496842013665,0.0671873078711421,-0.232196307752338,0.051168449806799,-0.443531827515401,0.0161216029479497,0.044324905863371,-0.265923265923267,-0.267576316434567,9,-0.332425251080827,-2.01032458660552,-1.94492085646122,0.30520544293371,-0.267278528928641,0.262031777781781,0.968534410611126,-0.442034807131701,0.126142494892868,2168.0000000001,0.437237365207478,0.43398312295282,2174.0000000001,1.50844317693736,1.94568054204484,0.130475303466375,0.310967431340516,-0.732388280203511,0.104332487367104,0.185802574788766,0.128065790738378,0.802634679151098,0.18560356629327,1.02816828477468,-0.181958236438872,-0.41413173863946,-0.0527413499211457,0.213737971838084,-0.957808855837965,0.410954086470153,0.121428129376516,-0.277526342387344,0.102215627178161,0.139017963839617,0.167198521564845,0.404227857386546,0.56196225164428,0.0228098658015376,0.448532084557724,0.448532084557724,0.832444374661382,-0.176303106029145,-0.19650724765845,-0.145289701768883,-0.171260135322183,-0.159792975250059,1.38751239695832,0.927806191651421,0,2174.0000000001,0.0293206806696482,0.101154622696727,0.588744127914724,0.876759526470608,2107.32016386087,0.125,588,2,"SNETWORK (2 17 2107.32016386087 0.588744127914724 100000371 588)",100
37,100000372,0.696253817583663,166,1.29896932353205,1.22104076566898,1.45807027539656,1.42805593959054,1.43873085382348,0.271392190692954,0.196685972779944,-0.465932384898689,0.425465634267235,-0.565070382124233,0.734570902637429,-1.15631894961038,-0.565070382124233,-0.565070382124233,-0.585835142042902,-0.762906632275716,-0.842518182944576,-0.868589284291799,-0.830633728027187,0.813141683778234,-1.91189050470488,-0.485914085914086,0.874692874692875,0.696253817583663,12,-0.106289857901294,-0.521368918301227,-0.515282215062437,-0.0133214406804469,0.693353675731126,0.503827940608841,0.426492076489136,-0.0531120567360411,0.148950549113029,295.0000000001,0.281009619142537,0.109041335653407,719.0000000001,0.501391670127435,0.782401289169972,0.0402455541332727,0.0813225769039669,0.262145498343542,0.172834203215475,1.05977581251688,1.35596452849296,0.590289563160284,1.52914851616085,0.666814872127117,0.638134579262298,1.05034552582118,1.03496397760465,0.942176500333671,-0.660405289015195,1.80352475459234,0.558909044442996,1.0918714678358,2.89033156965577,2.80643437456618,2.95087151249934,-0.291828671725369,0.0631833855953988,0.506502197981147,-0.275025202105403,-0.275025202105403,-0.0409046670018372,-0.185014190147391,-0.601548407526604,-0.441350076751719,0.699987268023224,-0.813886837232872,-0.31077076778219,-0.852899274079579,0,719.0000000001,0.0144547152018232,0.0257908388314495,0.981861132236209,1.56422932312125,5228.41398206307,0.0312499339939208,1214,2,"SNETWORK (2 37 5228.41398206307 0.981861132236209 100000372 1214)",100
29,100000373,-0.972514162415967,50,-0.790377993358492,-0.853832397374456,-0.959757100198023,-0.960709455694412,-0.961711264614227,0.434431200389076,0.361063185526549,1.59554955369162,0.118439940946712,0.885448655497312,-0.20876060941616,2.93037117707133,0.885448655497312,0.885448655497312,-0.0849395306512164,-0.354675986020932,-0.455214414001457,0.489503356651976,-0.564591383965011,0.388090349075976,-1.93862275449102,-1.29510489510489,0.10534398034398,-0.972514162415967,8,0.719130698685528,-0.402747659526755,-0.398675655667881,-0.580793761376249,-0.971448680098491,-0.112834201841978,0.120147989981196,-0.440091454253371,0.962047605458031,4022.0000000001,6.18633444112896,0.0750099693757674,762.0000000001,0.0913836972545669,6.27771813828353,0.316216229971676,-0.290747494249254,-0.137643692765443,0.0968970057420858,-0.283486583680172,-0.588745025729723,0.0185426740090617,-0.651273688642692,0.180291980208687,-0.664835895860896,-0.802299247111561,-1.35211171182932,-1.49196973609733,-1.52447642315439,-0.449206451921481,-0.471792152073761,-0.752292666128177,-1.4058558810172,-1.37829262321507,-1.40813399619979,-0.119659028592859,-0.394353899372412,0.993493683895662,-0.117321725333637,-0.117321725333637,-3.95470117778264,1.06316675953723e-11,0.943265112108225,0.843787844995115,-0.248965233169002,1.10730548397374,-1.58854931671266,-0.815673870253805,0,4022.0000000001,0.311613122890783,0.00460310698089315,0.303779439559851,0.685736992187332,970.261393131758,0.25,845,2,"SNETWORK (2 29 970.261393131758 0.303779439559851 100000373 845)",100
3,100000374,-0.284246456369263,112,-0.226804037760009,-0.273941878615531,-0.467885001197052,-0.45962963966976,-0.447550990366083,-0.367334413548538,-0.428063657813407,0.559366001226587,0.772413527224458,-0.0341708697642751,-1.22649951536696,-0.132637842770209,-0.0341708697642751,-0.0341708697642751,-4.38912167504461,0.169818029331467,0.23631289663386,1.13750312344771,-0.0219814212564398,0.0739219712525668,-0.0898203592814364,1.0005994005994,0.837837837837838,-0.284246456369263,7,0.0863280085843435,-3.20666148355008,-3.04319427261374,-0.437592385804034,-0.282185121411612,0.69308630568855,0.772496693824804,-0.223539041759666,0.111319932700671,734.0000000001,0.130636347502426,0.112724360565676,1310.0000000001,0.236093543369932,0.366729890772358,0.0305303973999461,3.56536838798868,-1.04033898901216,1.1391866231113,0.395178265060823,-1.09977692555998,1.50886776035023,-2.01316877829138,1.25940962573862,-2.88123369468116,6.29832025149741,0.719941043978552,0.51058085256357,-0.822811427562914,0.424548925383129,-0.183656619125852,-0.461007527196321,-0.824421059425981,-0.775310111635714,-0.736443148671689,-0.292322697529179,0.713378912141506,-0.607100504711739,-0.27545971268589,-0.27545971268589,0.443081575098061,-2.04775144468163,-0.526623938201513,-0.533992886222962,0.026103862173237,-0.569029636542554,0.552756493397229,0.531706199087483,0,1310.0000000001,0.0108755236195708,0.0196548736803753,0.564202005505334,2.45082589838421,2004.01988633516,0.0624998605480869,113,2,"SNETWORK (2 3 2004.01988633516 0.564202005505334 100000374 113)",100
43,100000375,0.13996633001718,123,0.12371145778112,0.869954874556633,0.965149594579297,0.947078472655203,0.966783102940535,0.0410746927843573,0.0280918081497933,-0.485123320560772,-0.369015770977259,-0.215237959295532,0.852188047337164,-0.976727724757006,-0.215237959295532,-0.215237959295532,0.264636553812854,0.460561644433106,0.27196308054093,-0.539207394984703,0.651508959620273,-1.14579055441478,2.23053892215569,2.01958041958041,-0.227886977886978,0.13996633001718,11,0.860343330958349,-0.414476895424833,-0.410222470694057,-0.6453896361197,0.135637751527108,-0.975928729276354,-0.366064090790511,0.587020675036547,0.0307604957130187,3.0000000001,0.0909458839431252,0.0431929110618068,8.0000000001,0.340542190975616,0.431488074818741,0.0217796618205405,0.175365863390652,0.165847677721075,-1.020438736915,-1.0976335559832,-0.101134340987409,-1.15225229817764,-0.112732979514254,-1.05152974290448,-0.0960637972283118,-0.0423346802083602,-0.600950603317914,-0.67214385834272,0.0721080898590535,-0.321287795874844,-0.353148128111646,0.538992472803681,2.19258446122347,2.15155944355969,2.28302402457116,-0.366703389022525,-0.120677573993901,0.15086016128115,-0.339748713344154,-0.339748713344154,0.95742482576288,1.06316675953723e-11,0.488025749669059,0.201596613792564,0.356294797820928,0.502105353163082,-0.655059162023105,-0.163884740539283,0,8.0000000001,0.00459055696097736,0.0171891047595631,0.48415957357881,0.773431134031267,3503.80244529641,0.0312500660060792,1592,2,"SNETWORK (2 43 3503.80244529641 0.48415957357881 100000375 1592)",100
43,100000376,0.45353502964915,179,-0.0343645341584618,0.726058121384469,0.965149594579297,0.947078472655203,0.966783102940535,0.428582351933324,0.340011221858831,-0.109437028852157,-0.612810904750494,0.154132521036481,1.16402945703852,-1.59545147725831,0.154132521036481,0.154132521036481,-0.214769963692044,0.689243051956476,0.576520325625613,-0.827656370274157,0.992615318909494,0.147843942505134,-0.958083832335329,-0.581818181818182,-0.163390663390663,0.45353502964915,11,-0.651791261955764,-0.801750716588047,-0.789381487086789,0.82938628339654,0.45541374715304,1.1417717415438,-0.60904421754859,-0.427908803594745,0.033825271676643,5.0000000001,0.166678568312534,0.0370485591149959,3.0000000001,0.1095370500592,0.276215618271735,0.0149313047212735,-0.190696560509547,-0.561492088661072,0.733233704260961,0.501356193276842,-0.369415187294034,1.10423580119632,-0.439242004359381,-0.388407277140607,-1.27446948262567,-0.342498737742395,-0.848108767824296,-0.824086392730619,-0.0365908049962483,-0.324973482749016,-0.353148128111646,0.538992472803681,2.19258446122347,2.15155944355969,2.28302402457116,0.729931493684731,0.304627650703844,-0.270788108765042,0.876899563649284,0.876899563649284,1.24558502180252,1.06316675953723e-11,0.74793232567258,0.612711955006724,0.616048604258117,0.684399142637581,-0.415645927851406,-0.560637276929842,0.050686680054036,5.0000000001,0.00901009324632658,0.00592121137494694,0.702402876590423,1.45332769857487,3822.14715529389,0.0312500660060792,1648,2,"SNETWORK (2 43 3822.14715529389 0.702402876590423 100000376 1648)",100
3,100000377,-0.244653359878528,118,-0.226804037760009,-0.273941878615531,-0.467885001197052,-0.45962963966976,-0.447550990366083,-0.377323500217356,-0.441261686126806,0.549344512533025,0.759237659246201,-0.0387453415331945,-1.23955170271312,-0.134443187785662,-0.0387453415331945,-0.0387453415331945,-4.38858208822491,0.163599603363805,0.231808661430777,1.12759132662233,-0.0280080792546022,0.0739219712525668,-0.0898203592814364,1.0005994005994,0.837837837837838,-0.244653359878528,7,0.250863472615357,0.740807675289259,0.743954679941969,-0.229857454344089,-0.243090471216892,0.852774775282673,0.762198919404723,-0.0230050706795689,0.380183196400419,2100.0000000001,1.27646010793252,0.14075438416682,6570.0000000001,1.47850342403834,2.75496353187086,0.113489009998134,1.71484363063798,1.37571840609983,0.16879934342714,0.956979936965416,1.14164463005333,0.496205219981327,1.03202568413212,0.795182640076221,1.65445280943976,3.37149753703762,0.109150474093397,0.0586604250314542,-0.784695199879055,0.114782417866859,-0.183656619125852,-0.461007527196321,-0.824809292859624,-0.775763481363517,-0.736953070095527,0.0720018252792569,-0.795286889317282,0.839948161256047,0.0738206857015364,0.0738206857015364,-0.183270146831936,-14.8664781496785,0.744978013154665,0.641387086722285,1.05966690263327,0.573994285973959,-0.66372861110608,-1.10191601528774,0,6570.0000000001,0.0525829805519282,0.0609060293462063,0.591557271609217,0.941540471278131,2043.46346423779,0.0624998605480869,119,2,"SNETWORK (2 3 2043.46346423779 0.591557271609217 100000377 119)",100
3,100000378,-0.463359006259094,70,-0.494845044588713,-0.486027089260215,-0.467885001197052,-0.45962963966976,-0.447550990366083,-0.339790105149467,-0.41049220015675,0.607022611471787,0.913337107946114,-0.021657807760196,-1.17254032874482,0.0430197280344903,-0.021657807760196,-0.021657807760196,-4.83810661360853,0.227664877030807,0.273413573242194,1.23926783032487,0.0323170098918131,0.501026694045174,-0.58882235528942,1.04055944055944,1.3033033033033,-0.463359006259094,7,1.12400899865101,0.301990032895987,0.301654912499044,-0.698125584966613,-0.465269366079794,-0.600101184971006,0.960199984015755,-0.508124443173994,0.00917178309278021,1.0000000001,1.4663976861153e-05,0.215537726742174,6619.0000000001,2.28092346671102,2.28093813058788,0.101479516922618,-0.292863629807813,-0.324658467521395,-0.811268156546247,-0.962944611187977,-0.22219637707983,-0.70336703628732,-0.216871311637237,0.240450764944167,-0.243785368142149,-0.496526629989982,-1.08742371568155,-0.651791265829435,0.176480511967843,-0.327511261039476,-0.183656619134883,-0.46100752720545,-0.897784372821835,-0.860982036160378,-0.832801478435145,-1.00431776214623,0.356421699014105,-1.07171700809308,-0.808114065914379,-0.808114065914379,-9.27408678276535,-19.5414634919323,0.661297275186535,0.624757459287545,-1.23105262906049,1.0357348700726,0.790903299692274,0.18966858318717,0,6619.0000000001,6.52399606427677e-07,0.101478864423012,0.394517387865247,1.48330266832281,1759.35151391472,0.0624998605480869,71,2,"SNETWORK (2 3 1759.35151391472 0.394517387865247 100000378 71)",100
3,100000379,0.168245728862946,201,-0.226804037760009,-0.273941878615531,-0.467885001197052,-0.45962963966976,-0.447550990366083,-0.399499312908826,-0.473539468560391,0.525999642198843,0.512612321817741,-0.777845101603042,-1.22240694700021,-0.735400180174889,-0.777845101603042,-0.777845101603042,-4.83176727123655,0.225252461171947,0.319295310979229,1.2427964865428,0.0286306655728842,0.0739219712525668,-0.0898203592814364,1.0005994005994,0.837837837837838,0.168245728862946,7,-0.200773840070114,0.989594828351212,0.996723153108079,0.31557260862955,0.166841374870948,-0.218287940750789,0.514682886151461,0.252343403866067,0.132774497515167,2245.0000000001,0.476569282205027,0.296120260504538,5992.0000000001,2.8368407823331,3.31341006443813,0.130679478688219,1.24484526124207,0.3908689275361,-0.0458510654689715,0.073567171418633,0.181540571320285,-0.416938404465137,0.157658536793853,0.199972609378436,0.314044877909649,0.552613179203675,0.823899968045568,0.673026779790627,0.137158551237771,1.65578216746523,0.0296370036632684,-0.165161123192316,-0.751834212897414,-0.690544926566656,-0.641104661755904,0.803483904146032,0.783327948666443,-2.43445906151801,0.982995350427216,0.982995350427216,-0.100503877849558,-1.16092902295537,-0.723405903724512,-0.574544185510316,-0.914458991327735,-0.557332763975007,0.52200548084036,0.711953324922432,0,5992.0000000001,0.0187956890597201,0.111883789528499,0.916126723918885,1.64124724215202,2511.46039135133,0.0624998605480869,202,2,"SNETWORK (2 3 2511.46039135133 0.916126723918885 100000379 202)",100
17,100000380,-1.02490845341549,11,-0.711340194022643,-0.147031598306002,-0.358045591966192,-0.357303355798844,-0.355675841278248,0.00331755032528241,0.00287930957248082,0.40796205055329,1.43338854145485,0.607237661829297,0.0680467522273032,-0.105013233493385,0.607237661829297,0.607237661829297,0.515857833059521,0.017415985450046,-0.00314998893583491,-0.574925528314516,0.0993710335800937,-0.596303901437372,0.141716566866268,0,-0.395577395577396,-1.02490845341549,9,0.791604877101154,0.448670068653537,0.44898503945292,-0.601530304854558,-1.01730072230091,1.253496684392,1.43196592641517,-0.136322662185419,0.434768371682031,900.0000000001,0.625600412927417,0.205590701705551,3085.0000000001,1.01404029192695,1.63964070475437,0.0710932585623415,-1.70462221888062,-1.70652056482194,1.28009281038314,0.458451016985031,-1.37491884451621,0.818179429263332,-1.30760819947835,1.20258929107904,-1.62387088104208,-4.69820000983549,-2.3533866497011,-1.91150204778323,-1.75605272048593,-0.460730553781487,-0.675181930528773,-0.587156310063935,-1.4058558810172,-1.37829262321507,-1.40813399619979,0.853514667503202,-1.60021175155772,1.13216159758539,1.05727408641358,1.05727408641358,12.7511370222693,1.06316675953723e-11,0.786636314916051,0.61576343073611,-2.45234833110321,1.46805166935184,0.359808911391094,0.0223249987672953,0,3085.0000000001,0.027125437735862,0.0439678207264795,0.0368472624545665,0.655315745488554,1188.34227919873,0.125,430,2,"SNETWORK (2 17 1188.34227919873 0.0368472624545665 100000380 430)",100
3,100000381,0.0369632287813863,177,-0.226804037760009,-0.273941878615531,-0.467885001197052,-0.45962963966976,-0.447550990366083,-0.405826391497487,-0.481176970864528,0.528605667961564,0.57331504989519,-0.481276193072775,-1.24027727242121,-0.662527936917316,-0.481276193072775,-0.481276193072775,-4.66813655411845,0.185126008601484,0.267266425906816,1.09136734472163,0.00576269514368859,0.0739219712525668,-0.0898203592814364,1.0005994005994,0.837837837837838,0.0369632287813863,7,-0.283666602873142,0.522546977823504,0.523386479603438,0.172376469947594,0.0428978334346535,1.84104695613085,0.57383213225304,-0.355134755189307,0.109586659938995,5396.0000000001,0.945419738814464,0.119051817651401,3342.0000000001,0.636117744108602,1.58153748282307,0.0676908936910851,-0.372634900792225,0.836553793277811,1.698895532453,0.720022281486298,-1.51179090186217,1.10613815218676,-1.41920621805933,0.985144128757854,0.424836212848376,0.765192308741528,-0.0928263777842187,0.150568033871536,0.247906846980502,0.525733690835582,-0.183656619125852,-0.461007527196322,-0.751834212897418,-0.690544926566656,-0.641104661755909,0.954796184801791,0.769389970374545,-1.00377315290649,1.21306387102028,1.21306387102028,0.944597511164942,-3.64653589781859,-0.132342034317308,-0.020883295993504,-0.0706958732562786,-0.113810581000042,0.361641433675429,0.673249328665167,0,5396.0000000001,0.0404646160026789,0.0272262775884062,0.820737447085835,1.67665362721052,2373.91852436485,0.0624998605480869,178,2,"SNETWORK (2 3 2373.91852436485 0.820737447085835 100000381 178)",100
37,100000382,0.0153315357895383,20,1.29896932353205,1.22104076566898,1.50580654500643,1.48232234240258,1.49987706507974,0.0877396237569911,0.019430411031343,-0.472247866584732,0.723480636463213,-0.271992843263052,0.619489524268052,-1.12759811933406,-0.271992843263052,-0.271992843263052,-0.496322940609379,-0.508483325091503,-0.543716690266826,-0.410344654811797,-0.593767626869649,0.170020533880904,-0.850299401197607,-0.17062937062937,0.240786240786241,0.0153315357895383,12,0.557772446037978,0.131531623899149,0.131105245810752,-0.487973454241864,0.0155347346647656,-0.175034655723265,0.72361958703346,0.52202920284473,0.177056224226185,1073.0000000001,1.21497679170228,0.04645721549855,5.0000000001,0.00148552604513126,1.21646231764741,0.0557670138768921,0.308001683004477,-0.098884494765611,-0.397041680514798,0.514665108907798,1.40525678456823,-0.174818510774416,1.41298498135963,0.438772472582645,1.38061005278792,2.74687518346885,-2.07974052590596,-2.19606130651282,-1.75605272048593,-0.485855121557329,0.528207847926239,1.07109749798066,2.70840082864406,2.67872578178211,2.82264244254143,-0.332849371255591,0.6307697861825,-1.234120071553,-0.310764742322166,-0.310764742322166,-29.1474116428819,1.06316675953723e-11,0.709633543692348,1.08702699478835,1.25421858970769,0.48828378164752,0.344222045566264,0.81996645491646,0,1073.0000000001,0.0556989119173827,6.81018595093776e-05,0.111529359537131,0.220482649123792,4344.92550625984,0.0312499339939208,1068,2,"SNETWORK (2 37 4344.92550625984 0.111529359537131 100000382 1068)",100
43,100000383,-0.499182485290391,10,0.12371145778112,0.869954874556633,0.532114998802948,0.540517197237357,0.552449009633917,-0.312334814222344,-0.262909520470712,-0.648376951906349,0.0394028754082969,-0.232867450912691,0.469010601688451,-1.23535102879939,-0.232867450912691,-0.232867450912691,0.409950876221282,0.562054562503651,0.377212899645592,0.00180486169607472,0.680422549141459,0,0.0419161676646709,0.81118881118881,0.429975429975429,-0.499182485290391,11,0.405493269017005,0.088604222549093,0.0882690270700686,-0.400750877873374,-0.499333548927579,-0.347394032994622,0.0413215351510134,0.414030465173093,0.272023558716638,1e-10,1e-10,0.120028369228704,1.0000000001,0.118291181685502,0.118291181685502,0.00546400547722449,-0.0109306601443164,-0.0456152017689021,-0.471719698732382,-0.748619499305107,-0.417084717648675,-0.349677184169777,-0.422841598037332,-0.0803232681201486,-0.407081744928893,-0.450417261488857,-0.397571706444085,-0.249433442167871,0.0713423158923841,0.00991196554023448,-0.353148128111646,0.538992472803681,0.102215627178161,0.139017963839617,0.167198521564845,0.675073139190357,-1.33604834968051,1.17588411983029,0.800109128232952,0.800109128232952,0.293903278707357,1.06316675953723e-11,-0.212465857241175,0.261922809459897,1.44795212469974,-0.568440380510535,-1.50763848181383,-0.920802119188794,0,1.0000000001,0,0.00546400537722449,0.0364183970860138,1.21934154070914,2850.69633382527,0.0312500660060792,1483,2,"SNETWORK (2 43 2850.69633382527 0.0364183970860138 100000383 1483)",100
13,100000384,0.734856057042965,296,0,-0.0695595240108285,-0.110963835372034,-0.110383201657025,-0.109843962764069,-0.891669539550972,-1.07357592418886,-0.455350051237115,-0.258149497344038,-1.31375604445433,-1.72374789381207,-0.0647568446000484,-1.31375604445433,-1.31375604445433,-3.08523815626761,0.519987855995774,0.746082004268937,1.65002609253624,0.325657770241915,1.07186858316222,-1.64670658682635,0.299300699300701,1.38452088452089,0.734856057042965,7,-0.583579443251128,-0.109140149858677,-0.108452513641381,0.810950152512929,0.730809594936253,0.329254527901022,-0.255389781845215,-1.14706516383766,0.263846974405144,2165.0000000001,0.913282326308688,0.0380131358378359,2183.0000000001,0.132672974743673,1.04595530095236,0.0500259669820844,-0.158762690170864,-0.162280523650324,0.575328654422465,1.20100458889896,0.964292177593028,0.34310106007751,1.01127009052973,-0.0273046999371421,0.869182990885415,0.632103650018098,-0.0117780062064126,-0.0334832165689744,0.00773568310708995,-0.0318010066708119,0.223123099423871,0.103212322371745,0.000480866141918987,0.0349290148369533,0.115671933158067,-0.417269097559221,-0.0169476133573812,0.517341698772891,-0.382195505804712,-0.382195505804712,0.682761322865238,-23.3845026465813,0.699157714413072,0.906221535126361,0.751216736566791,0.59832535208781,0.0461474591995679,-0.0447179284529664,0,2183.0000000001,0.0436804817258226,0.00634548515626182,0.172922230216998,0.0572795160114765,3054.50396968388,0.0156249651370217,296,2,"SNETWORK (2 13 3054.50396968388 0.172922230216998 100000384 296)",100
29,100000385,-0.433093048083805,158,-0.790377993358492,-0.853832397374456,-0.715996162004961,-0.715344983900652,-0.711097017555422,0.560263273502979,0.542509011754241,1.76295776222528,-0.250638572259015,1.13897075276239,-0.174556869893401,3.51213920000457,1.13897075276239,1.13897075276239,0.102330885052985,-0.799128877097697,-0.877135715870226,0.957932137034315,-1.21067204271122,-0.720739219712526,0,-0.434965034965035,-0.700859950859951,-0.433093048083805,8,0.568731952417865,-2.40144880082553,-2.30923994739704,-0.626506229717531,-0.431220278217734,-0.211969612556154,-0.247783693959011,0.916287590841228,0.174038864499565,4974.0000000001,1.38403409044666,0.0742522872745554,427.0000000001,0.0506911888969777,1.43472527924363,0.103224046492226,1.31497791071727,-0.0271863428277488,-0.633136471083854,0.448953018211358,1.63361574267844,0.429743605905002,2.57485191684981,0.0245342026417768,3.5007519364512,2.57717612458211,0.981992597244573,0.45365058751471,-0.675678227659724,0.676008429250286,-0.471792152073761,-0.752292666128179,-0.897784372821835,-0.860982036160378,-0.83280147843515,0.170519777638,0.980739669968497,-0.680471509773641,0.17893725623859,0.17893725623859,-0.253811130429968,1.06316675953723e-11,-0.97599717642836,-0.933296405637451,-0.628321990426777,-0.903106019280114,0.42657765291933,0.165068845251151,0,4974.0000000001,0.0995769721403667,0.00364707425185924,0.958215511522849,1.02479815483093,1577.39146345212,0.25,953,2,"SNETWORK (2 29 1577.39146345212 0.958215511522849 100000385 953)",100
3,100000386,-0.201787285760737,130,-0.226804037760009,-0.273941878615531,-0.467885001197052,-0.45962963966976,-0.447550990366083,-0.376373901013709,-0.441277291152989,0.563835119438777,0.734757607117236,-0.0726745664397688,-1.23011042322682,-0.216838644434222,-0.0726745664397688,-0.0726745664397688,-4.37906179823482,0.146050446494486,0.21651534737121,1.08952454739293,-0.0431632420662969,0.0739219712525668,-0.0898203592814364,1.0005994005994,0.837837837837838,-0.201787285760737,7,-0.595504311562996,-0.0102303308495483,-0.0101788125668157,0.855850902225478,-0.202905359168597,0.137301345044056,0.735536897216781,-1.19473004275133,1.00721103993648,1893.0000000001,3.04835909755743,0.0752434919615064,7177.0000000001,0.863389817655064,3.91174891511249,0.183859339037608,0.5832519113305,0.372761763644876,0.285189467828047,0.492840043410921,0.312701909375415,0.155697387850881,0.322080244338431,0.615794107231233,0.377357718391238,0.790969101843868,0.816557510730707,0.665910670455331,0.160215077439751,0.811073378930813,-0.183656619125852,-0.461007527196321,-0.751834212897414,-0.690544926566652,-0.641104661755904,-0.556930486023826,0.489726098071296,-0.462228632410263,-0.49435430703338,-0.49435430703338,0.196828295279419,-5.53892518070865,-0.600463892021234,-0.539042618584988,0.222640086073487,-0.697381658827138,0.465449215771633,0.0972974228406946,0,7177.0000000001,0.143278441607538,0.0405808973300704,0.636608731788952,0.250083824270405,2108.42319712719,0.0624998605480869,131,2,"SNETWORK (2 3 2108.42319712719 0.636608731788952 100000386 131)",100
29,100000387,-0.657554871253331,118,-0.790377993358492,-0.853832397374456,-0.715996162004961,-0.715344983900652,-0.711097017555422,0.635948877738782,0.593506358944122,1.84324398595261,-0.0838682171304426,0.971996238965786,-0.129835670921205,3.02962495177157,0.971996238965786,0.971996238965786,0.0654856035184119,-0.687508171927534,-0.80954010934476,0.39342195346918,-0.966606940319228,1.05602816075095,-3.18648417450813,-1.88851148851148,0.604422604422604,-0.657554871253331,8,0.0203032052045857,-0.194460537730421,-0.193021767404888,-0.111689383736918,-0.658575803823616,-0.460872687761495,-0.0815777052957613,-0.475294959242087,3.42445744469009,5245.0000000001,28.7165347347838,0.033549056902705,299.0000000001,0.0160378545913755,28.7325725892752,1.39504951317709,0.201359607076292,0.478438682411393,0.399838594131124,-0.892387536111242,-1.96329008313018,-0.418883593384072,-2.09154504729821,-0.231017762594608,-1.96520473804021,-1.86252514652589,-0.36093867631297,-0.597787366479441,0.152325348444137,-0.323133452813361,-0.471792152073762,-0.75229266612818,-0.897784372821835,-0.860982036160378,-0.83280147843515,-0.430869861212802,-0.546933628305135,0.673429866129629,-0.393442409001544,-0.393442409001544,3.26805117881556,1.06316675953723e-11,1.03903783709409,0.884987592443415,-1.23261371849579,1.44982981338331,-0.923509708186582,-0.553484267119084,0,5245.0000000001,1.3942708288493,0.000778684227789048,0.722061831774581,1.06535737478493,1358.30818498625,0.25,913,2,"SNETWORK (2 29 1358.30818498625 0.722061831774581 100000387 913)",100
37,100000388,0.671249818998282,160,1.29896932353205,1.22104076566898,1.45807027539656,1.42805593959054,1.43873085382348,0.263934804091088,0.18760031689252,-0.462631263887465,0.438488804291871,-0.549449512398528,0.72639111712961,-1.11610843713293,-0.549449512398528,-0.549449512398528,-0.57570233385924,-0.748191074537022,-0.823826812882116,-0.818349562737662,-0.821279529688727,1.28439425051335,-2.76197604790419,-0.927972027972028,1.1480343980344,0.671249818998282,12,-0.0408020012506588,1.43108963910393,1.44869707786861,-0.0324858415402011,0.669349350838343,0.422160571819506,0.439575030196651,-1.43642006440202,0.115815094780195,347.0000000001,0.257010995265026,0.0848794295354856,683.0000000001,0.370749195446523,0.627760190611549,0.0229219703487073,1.0352233272785,0.821324273481696,0.502538199967617,0.275052640503462,-0.340602612054286,0.0241807292877946,-0.271857261577617,0.395599168344598,-0.127989295706973,-0.128487534630365,0.0757797677486533,0.354828707570421,0.232746608016621,0.384214568873108,0.528207847926239,1.07109749798066,2.9788085412167,2.88947499192798,3.0355570991286,-0.111071465345946,0.187583249191326,0.577613062272378,-0.10911866621526,-0.10911866621526,0.388135819753225,-1.67607596697007,0.38360487067838,0.536391288511092,0.987087467854779,0.195737244093855,-0.613367268762252,0.55408487862456,0.0111074104450917,683.0000000001,0.00938447272351369,0.0135374975251936,0.946302135419969,1.27104677719763,5192.31744407176,0.0312499339939208,1208,2,"SNETWORK (2 37 5192.31744407176 0.946302135419969 100000388 1208)",100
17,100000389,0.313422031084526,253,0.152577399052067,0.406018494492994,0,0,0,-0.519075600736041,-0.599936418000733,-0.169913639489792,0.674898497437018,-0.126137090069452,-0.380068976641157,0.156571484882508,-0.126137090069452,-0.126137090069452,0.374677592941564,0.245017944388981,0.312567729699003,0.0209733186202305,0.277220468557246,-0.443531827515401,0.0161216029479497,0.044324905863371,-0.265923265923267,0.313422031084526,9,-0.60130806543137,2.11065476398297,2.15245148456137,1.30151359864163,0.313284359524276,0.600386688995518,0.675202404271714,-0.745344200413084,0.470188982112161,839.0000000001,0.630711839535172,0.107958683228521,3728.0000000001,0.643472597055782,1.27418443649095,0.041337172938652,-0.367961165345113,-0.449199913662706,1.39119233894268,0.89658140877777,-0.790132470292386,-0.0174459058379959,-0.560845585794366,0.498582948259557,-0.737866019921594,-1.37789817584725,0.585476001075909,0.328564426147199,0.25843692941495,0.935070013983102,0.121428129376515,-0.277526342387342,0.0496680528346116,0.0675508409385622,0.0812441818556568,1.01553088570347,-0.964104733359824,1.8262697574801,1.31008278882156,1.31008278882156,0.447045249278432,1.06316675953723e-11,-0.390145994673529,-0.301036912146382,0.06555201048635,-0.429083136005695,-0.308581364432191,-1.19993152909833,0,3728.0000000001,0.0204615937642141,0.0208755790744379,0.883040660111166,0.919269788078964,2597.36100581382,0.125,672,2,"SNETWORK (2 17 2597.36100581382 0.883040660111166 100000389 672)",100
3,100000390,0.118530870324956,190,-0.226804037760009,-0.273941878615531,-0.467885001197052,-0.45962963966976,-0.447550990366083,-0.391632837034453,-0.463327878509003,0.542611650885189,0.530751629219131,-0.691312822713123,-1.19171487102415,-0.851813671234531,-0.691312822713123,-0.691312822713123,-4.79807719817655,0.22198793015422,0.316322348769807,1.19199768722825,0.0338134360360266,0.0739219712525668,-0.0898203592814364,1.0005994005994,0.837837837837838,0.118530870324956,7,-0.257561261778145,-0.0280353956776797,-0.0278878438361745,0.247337371104338,0.120520331568694,1.07894453506764,0.540366250322324,-0.844287468645224,0.0586049634159775,5086.0000000001,0.476547053607973,0.0656839246294987,1268.0000000001,0.133159875877995,0.609706929385968,0.0287473416900573,-0.0100183179480599,0.0553256667204584,0.395238475220116,0.946098086995345,0.84453741064906,0.847143294068857,0.873139829604254,0.850006968533252,0.871365075721638,1.56050153468743,0.157959533097281,0.311615258745905,-1.07146487669495,1.00674677643074,-0.183656619125852,-0.461007527196321,-0.751834212897414,-0.690544926566656,-0.641104661755904,1.09471982265163,1.08987140610797,-2.74377940329969,1.44078701351294,1.44078701351294,-0.190464983663342,1.06316675953723e-11,-0.638139027261302,-0.473727952371088,-1.25743563935184,-0.381088387628911,0.366712921251128,0.11820317970328,0,5086.0000000001,0.0224689277305287,0.00627841385952853,0.87292475856958,1.36311299633235,2449.16744639036,0.0624998605480869,191,2,"SNETWORK (2 3 2449.16744639036 0.87292475856958 100000390 191)",100
16,100000391,0.819997082746348,321,0.288659805977357,0.708741764562854,0.0737102907633875,0.0682577010310203,0.067165878475577,-0.73336131324564,-0.826105009901982,-0.404280618196768,0.380326002571675,-0.359335002835863,-0.498901487939431,0.524546399274521,-0.359335002835863,-0.359335002835863,0.359965109342184,0.576783938026056,0.66786411405865,0.256964378093196,0.652282510268508,-0.443531827515401,0.0161216029479497,0.044324905863371,-0.265923265923267,0.819997082746348,9,-0.334951443457355,-0.243851668315501,-0.241891616391185,0.330980738676123,0.814750055547787,-0.0348137906604381,0.383572870815634,-0.655879123421874,0.0725582449447623,820.0000000001,0.0951255533694309,0.0909034243021277,3713.0000000001,0.539637058917937,0.634762612187368,0.0310892515071155,-0.362610094132305,-0.331902949140408,-0.615834491899335,-0.0292439876299774,0.927093855159298,0.0560692663201735,0.99548445998148,0.37895496128773,0.911735714079773,1.42192416821396,0.669234350520576,0.830212933568919,0.121606414631089,2.56319264888346,0.562105955755759,0.451834062908154,-4.52365144789511e-15,-9.02989036134174e-15,-9.69647908186547e-15,0.845923441626526,-0.780277762606441,0.595035103855431,1.0458916518747,1.0458916518747,-0.766631177594618,-0.0729481059456688,-0.498753959752477,-0.346097676304478,0.220864302876314,-0.585555515551307,-0.390120123940951,-0.419897835082136,0,3713.0000000001,0.00465903659812157,0.0264302148089939,0.528256442532214,1.40260887556936,2981.32060334713,0.0625,389,2,"SNETWORK (2 16 2981.32060334713 0.528256442532214 100000391 389)",100
41,100000392,0.361944954024802,234,0.680412427894334,0.334368660703197,0.315622755524543,0.310024668600395,0.31737100022456,1.04964494357931,0.921723924109814,-0.479822152851071,-0.541856247727484,0.638786155860675,0.948809635981138,0.56141455130702,0.638786155860675,0.638786155860675,0.368829744531867,-0.753270101115038,-0.870499611132573,-0.39025286386115,-0.906052014339754,-0.720739219712526,0,-0.434965034965035,-0.700859950859951,0.361944954024802,10,0.14590398497484,-0.273317772080758,-0.271016345456912,-0.237000550488194,0.358837593484197,-0.237945076737971,-0.538258139524363,0.193402015852204,0.213795145952525,831.0000000001,1.13619900240287,0.149973591987794,626.0000000001,0.600405505097594,1.73660450740047,0.0854983943706506,-0.390481486567454,-0.764644385470787,-0.078415729606204,-0.643025412258586,-0.885678884072641,-0.143866060372938,-0.957119485182806,-0.780766017781019,-0.758556992396117,-0.258932498898703,-0.500326545364116,-0.676316878792567,-0.0971077888750477,-0.267127893334534,0.562105955755759,0.451834062908154,0.102215627178165,0.139017963839617,0.167198521564845,0.382868159471302,0.113327310255643,1.42193515050674,0.422652221996014,0.422652221996014,-1.89793800010893,1.06316675953723e-11,0.883284216395041,0.963256363284744,1.14866170271803,0.703973831629276,0.5702316000263,0.827028942738969,0,831.0000000001,0.0559385800626643,0.0295598142079863,0.727373209838771,1.23795497585682,2996.57107870159,0.0625,1440,2,"SNETWORK (2 41 2996.57107870159 0.727373209838771 100000392 1440)",100
43,100000393,-0.3406114433945,41,0.12371145778112,0.869954874556633,0.532114998802948,0.540517197237357,0.552449009633917,-0.321154707321667,-0.269077636055987,-0.740546961821006,-0.0294775084229552,-0.404252519205322,0.602184013678635,-1.23487454599482,-0.404252519205322,-0.404252519205322,0.380028902005643,0.663554334185049,0.459173886193356,0.0600513237992079,0.797722908445989,0,0.0419161676646709,0.81118881118881,0.429975429975429,-0.3406114433945,11,-0.00725780332816547,0.150206820191221,0.14975519797033,-0.0436312817659484,-0.341716907879397,-0.477910979465864,-0.0259947553581149,-0.0278395228246043,0.0529237818972898,6.0000000001,0.312946850659726,0.0281707813100649,1.0000000001,0.0277630616138327,0.340709912173559,0.0155681459942224,0.219120122025244,0.894846838655749,-0.604913398715737,-0.400427335843011,0.318773886172992,-0.516535395346956,0.319350516898038,-0.234309000933844,0.19510373966529,0.215571869085041,0.724608962053853,0.734722062677951,-0.686321041216368,1.19897082117666,-0.353148128111646,0.538992472803681,0.102215627178165,0.139017963839617,0.167198521564845,-0.032326469657457,0.734776905811042,-0.999802612169302,-0.0323448680044757,-0.0323448680044757,0.00682419009677175,-0.127648439317636,-0.784801122751017,-0.674684722390611,-0.702838262655114,-0.675698439686895,0.420739753951793,-0.548436046803616,0,6.0000000001,0.0142995611633376,0.0012685847308848,0.159264964773287,0.179291662325803,3029.88879666346,0.0312500660060792,1512,2,"SNETWORK (2 43 3029.88879666346 0.159264964773287 100000393 1512)",100
17,100000394,-0.292980049519181,164,0.152577399052067,0.406018494492994,0,0,0,-0.273544574808318,-0.275103812768286,0.0739808130679782,0.977201137221789,0.477270695177497,-0.162203494718667,-0.0240233454098642,0.477270695177497,0.477270695177497,0.449541225174952,0.024613264276388,0.0622769046882021,-0.240511003856678,0.0472233309488049,-0.443531827515401,0.0161216029479497,0.044324905863371,-0.265923265923267,-0.292980049519181,9,-0.304600500219707,1.03911012510297,1.0471989873961,0.486535502876848,-0.293374591839947,0.559004466775978,0.976696931175762,-0.202849148942109,0.225016168901181,2656.0000000001,0.955516896857037,0.25149360327257,2135.0000000001,0.858462635119079,1.81397953187612,0.0709260223952173,-0.108141041852743,-0.157490808271421,0.888873585765432,0.289718661210806,-0.935995844868322,0.220620959325618,-0.802159986173807,0.752942887841654,-0.720116374122717,-1.62646646090641,0.949993245199655,0.92819017752847,-0.704971507773884,2.86812556094185,0.121428129376515,-0.277526342387342,0.051394675585988,0.0698991274563939,0.0840684933557603,0.743403107019691,1.35042117097443,-0.185951730856855,0.896059979573703,0.896059979573703,-0.018087550076182,1.06316675953723e-11,-1.19318562875848,-1.13180575821039,-1.09040041176543,-1.029351036377,0.972177730972194,0.496575375343725,0,2656.0000000001,0.0373604065181981,0.0335656157770191,0.571748397648096,0.834574088454247,2079.02012951352,0.125,583,2,"SNETWORK (2 17 2079.02012951352 0.571748397648096 100000394 583)",100
41,100000395,-0.546515895266282,87,-0.886598059773572,-0.0928456434617663,0.315622755524543,0.310024668600395,0.31737100022456,0.985468660446356,1.14142878167883,0.630210599573448,-0.181626656527119,0.587485639441036,0.528064855645029,0.310691583062226,0.587485639441036,0.587485639441036,0.53175427220029,-0.522214750898505,-0.655161071804671,0.0274474228233987,-0.691224032366323,-0.720739219712526,0,-0.434965034965035,-0.700859950859951,-0.546515895266282,10,-0.541382563135291,0.793818970213058,0.797694967755463,0.892879310278671,-0.5477185448171,0.124405160439268,-0.178887074325231,-1.33857656020613,0.111242540727361,834.0000000001,0.593324782958512,0.101125735744198,487.0000000001,0.314953322825721,0.908278105684233,0.0370702656654422,-0.0795908874248638,-0.238352441853672,0.101019896748104,0.534291666496609,0.672706904907129,-0.0551902999608056,0.602702469907417,-0.13608926749633,0.366426828411669,0.303222075005393,-0.120813485889654,-0.219591702759739,0.0268817295099904,-0.151194753382532,-0.658232714974315,0,0.102215627178161,0.139017963839617,0.16719852156484,-0.124383239833958,0.0669818178495655,-0.266928669948745,-0.121820399163057,-0.121820399163057,1.02165235204639,-0.928078729640254,0.546967149393976,0.59369032781844,0.305666075411208,0.539275841981613,0.550598430144063,0.453947869543818,0,834.0000000001,0.024215828975615,0.0128544365898272,0.242594367605669,0.699578591622412,2172.49856697534,0.0625,1293,2,"SNETWORK (2 41 2172.49856697534 0.242594367605669 100000395 1293)",100
3,100000396,-0.288910025526986,110,-0.226804037760009,-0.273941878615531,-0.467885001197052,-0.45962963966976,-0.447550990366083,-0.356439683449587,-0.421715880402443,0.573149352277351,0.783100872116976,-0.0460155600000773,-1.21518701207029,-0.137336935960661,-0.0460155600000773,-0.0460155600000773,-4.38899247781959,0.167233444520042,0.231566476542995,1.14153675041355,-0.0259776594348569,0.0739219712525668,-0.0898203592814364,1.0005994005994,0.837837837837838,-0.288910025526986,7,-0.186293629488245,-0.462866194824246,-0.457820311570973,0.0904131873524258,-0.289291665889341,0.506583904980721,0.783117169039422,-0.987618289868742,0.654760525337836,3620.0000000001,3.78953649021818,0.137980058075731,1597.0000000001,0.3523029451137,4.14183943523188,0.210857702853405,0.592371264445638,0.395153352798766,0.390112579244953,0.46733003412417,0.114398622174802,0.57654457771158,0.126948924514909,0.842988268368348,-0.302407826510026,-0.573551217790427,1.20317779402588,1.07416497146132,0.268029517422633,2.02917319633457,-0.183656619125852,-0.461007527196321,-0.827188737091713,-0.778542139486029,-0.740078327957471,-0.809515332298291,0.322381469653288,-0.247463500152989,-0.679513582161653,-0.679513582161653,-0.0825595696842048,-2.67141108636639,-0.633949405439609,-0.638838778085657,0.199305247912691,-0.72841917555271,0.272698444473623,0.348073529261145,0,3620.0000000001,0.192922244167362,0.0179354585860431,0.556352585753573,0.538819415048407,1992.70180234017,0.0624998605480869,111,2,"SNETWORK (2 3 1992.70180234017 0.556352585753573 100000396 111)",100
29,100000397,-0.813645136620647,87,-0.790377993358492,-0.853832397374456,-0.959757100198023,-0.960709455694412,-0.961711264614227,0.52658779284841,0.487038448617873,1.74498288889748,-0.0170484997426057,0.969942286944577,-0.166724349651186,2.8172124748077,0.969942286944577,0.969942286944577,0.00950577531808493,-0.560384540208291,-0.658866193100294,0.19435702912633,-0.769900078338562,1.05602816075095,-3.18648417450813,-1.88851148851148,0.604422604422604,-0.813645136620647,8,-0.113567742620012,0.0526126384945659,0.0523896427774828,0.066967843495325,-0.81165980939081,0.567794634564475,-0.0145599884189621,-0.380226831787654,0.926188665863357,751.0000000001,1.11207522271036,4.31552991010089,22.0000000001,0.151792941751696,1.26386816436206,0.0587504814355067,1.53461835509226,1.64106021199451,-0.439276694426628,0.43078348735075,1.26583992149227,0.483852166852519,1.29050515819158,0.298969232482433,1.22669743152455,1.27053400064503,0.0535742639300292,0.0475925554327979,0.0611863160787794,0.312070765187984,-0.471792152073762,-0.752292666128177,-1.23897497319628,-1.20837784844266,-1.21915971662395,0.878238775221474,0.212574720163739,-1.15887349734686,1.09462699991501,1.09462699991501,0.200984794592644,-6.73196807419242,0.595198098702227,1.2919321429455,1.58257850494558,0.283624051631734,-1.51451915417852,-1.72652284306874,0,751.0000000001,0.05169443812029,0.00705604321521664,0.531064620447332,0.128412522694045,1181.11723339906,0.25,882,2,"SNETWORK (2 29 1181.11723339906 0.531064620447332 100000397 882)",100
29,100000398,-0.533714700757499,140,-0.790377993358492,-0.853832397374456,-0.715996162004961,-0.715344983900652,-0.711097017555422,0.613408419068203,0.5869966492092,1.76553775893156,-0.200328376193331,1.23922412467733,-0.261515582304752,3.59990440022738,1.23922412467733,1.23922412467733,0.151992553157349,-0.742515185219155,-0.839854008225313,0.644499881233672,-1.08191980997521,0.340041067761807,-1.74251497005988,-1.15244755244755,0.0515970515970513,-0.533714700757499,8,0.145895371024805,-0.189581061870916,-0.188190338591353,-0.228957426216388,-0.534838570881505,-0.399297607228585,-0.197612768094241,-0.282972123218305,2.78534699408156,5857.0000000001,26.0825048151776,0.561973163888331,1496.0000000001,1.34413204828437,27.4266368633619,1.33049711079869,-0.299446562653288,-0.217463105333893,-0.51257410310378,-0.508399917133342,0.0165560578522137,-0.345739061411246,0.0171058034006504,-0.314169900227024,0.0275187110759937,0.0252448903172596,0.081528516986546,-0.0591009395600775,-0.491172806123198,-0.0477141707626558,-0.471792152073761,-0.752292666128179,-0.897784372821835,-0.860982036160374,-0.83280147843515,-0.319786024253911,-0.334280755764647,0.151107407745963,-0.299457463794064,-0.299457463794064,0.696314172342311,-0.153767126609187,0.704150960070815,0.426617373312632,-1.28740504671491,1.09628402063593,0.986748289585944,1.40586271893857,0,5857.0000000001,1.26529174791859,0.065205362780091,0.851749583842743,0.813325101739193,1478.62144002529,0.25,935,2,"SNETWORK (2 29 1478.62144002529 0.851749583842743 100000398 935)",100
3,100000399,-0.533516044824546,51,-0.494845044588713,-0.486027089260215,-0.640656641110964,-0.630828421199535,-0.621755757978306,-0.319215506113275,-0.395080483340182,0.674679941944406,1.05062617499941,0.0737582411134333,-1.12712448236014,0.37671588410803,0.0737582411134333,0.0737582411134333,-4.85332450979918,0.250354836278932,0.278096654860603,1.33824717656524,0.042804950790389,0.0221765913757709,0.149700598802395,1.22237762237762,0.834152334152334,-0.533516044824546,7,0.901865635827762,0.985924745659426,0.992984074920787,-0.62069444495563,-0.530258852404127,1.0542215416407,1.04990477310666,-0.525024950623813,0.0671526138502643,1298.0000000001,0.139358238548101,0.213682706155168,3311.0000000001,1.13115883012065,1.27051706856875,0.0501408135478513,-0.135349594134647,2.97755807451386,0.915228548466508,0.765814417762295,-0.225798623653622,0.555810756674117,-0.194880256664193,0.944899039112655,-0.314926522930674,-0.750254858048102,-0.231535576054107,-0.444244587107199,0.187923595676328,-0.315531371947703,-0.471792152073761,-0.752292666128177,-0.897784372821835,-0.860982036160374,-0.83280147843515,-0.897948169147958,-0.638887867234916,0.265421747496625,-0.739345661508914,-0.739345661508914,0.606856888006662,-22.5321290450932,1.12170713816805,1.00039693481699,-0.38322393442147,1.33517658602909,-0.216905124127619,-0.504002965533728,0,3311.0000000001,0.0054997572325958,0.0446410562152555,0.315298759892942,0.656988648425451,1645.12611717031,0.0624998605480869,52,2,"SNETWORK (2 3 1645.12611717031 0.315298759892942 100000399 52)",100
41,100000400,-0.281765679840688,140,-0.886598059773572,-0.0928456434617663,0.315622755524543,0.310024668600395,0.31737100022456,0.967739928108477,0.996303433362579,0.160644114042219,-0.289777627935561,0.807381912882211,0.557816880776669,0.396312602349403,0.807381912882211,0.807381912882211,0.500476155540531,-0.769620557992274,-0.888047556088499,-0.220958947826886,-0.957656574266916,-0.720739219712526,0,-0.434965034965035,-0.700859950859951,-0.281765679840688,10,0.317171627928444,0.774494640715708,0.77809734503829,-0.32030669781319,-0.280177604424788,-0.161638494263958,-0.28635850248736,0.712774814858052,0.120878354163272,1016.0000000001,0.785412457086305,0.132170149990258,1580.0000000001,1.33550650840375,2.12091896539006,0.0868560797923907,0.971172003242964,1.10425269511182,-0.625959401827302,-0.331405673309401,0.446064150638516,-0.312033604259402,0.401126390255511,-0.407292532909278,0.370572938502998,0.254902141818012,-1.87255876277298,-1.15872499093372,-0.000929569778976097,-0.437676723058614,-0.658232714974315,-1.30374704394875e-15,0.102215627178161,0.139017963839622,0.167198521564845,0.012931938047426,-0.313588410859392,1.07683425606649,0.0130757662419443,0.0130757662419443,-1.05542432898715,1.06316675953723e-11,1.17734945227835,1.21888519354338,2.6922939652965,0.653135936080899,-0.131177362091575,0.827632386623902,0,1580.0000000001,0.0321642873074453,0.0546917923849455,0.422870760030004,0.20860598866546,2478.94927514926,0.0625,1346,2,"SNETWORK (2 41 2478.94927514926 0.422870760030004 100000400 1346)",100
17,100000401,0.197024388636543,238,0.152577399052067,0.406018494492994,0,0,0,-0.492476807692353,-0.555615567740743,-0.166267699456069,0.701192782678307,-0.0308962205484956,-0.363375964075547,0.170123911600096,-0.0308962205484956,-0.0308962205484956,0.377518832654836,0.23856146559079,0.30471217035762,0.00923946203435801,0.2712284640745,-0.443531827515401,0.0161216029479497,0.044324905863371,-0.265923265923267,0.197024388636543,9,0.0513589912779719,0.552750567084638,0.553842162965871,-0.0597423095736119,0.20092137912028,0.212053516717947,0.701439185225732,-0.0288918631735702,0.194007180053835,1672.0000000001,0.518621659693179,0.0979557220320861,2306.0000000001,0.361148393538817,0.879770053131995,0.0374558337363752,-0.473641753431499,-0.367822313243148,-0.146231903781535,0.344255968241819,0.772980093281439,0.0778969745689626,0.7221174557177,0.560272636847974,1.27200444709222,2.48736747959702,-0.694069368090201,-0.903121180210128,0.156925087821159,-0.333734726204108,0.121428129376515,-0.277526342387342,0.102215627178161,0.139017963839613,0.167198521564845,0.785766919410281,-1.66344572746854,0.937870317750508,0.957105146760181,0.957105146760181,-0.769224615700961,1.06316675953723e-11,0.0658359517257098,0.0278196690731891,-0.241027242885011,0.144390643739353,1.96525609134859,0.938184769668926,0,2306.0000000001,0.0220800952873949,0.0153757383489803,0.83319194758836,0.868431292041539,2514.35661268478,0.125,657,2,"SNETWORK (2 17 2514.35661268478 0.83319194758836 100000401 657)",100
36,100000402,0.771571263601341,180,1.29896932353205,1.22104076566898,1.45807027539656,1.42805593959054,1.43873085382348,0.433109180494706,0.378584583487207,-0.165888026318884,-0.0251127659268879,-0.346540532504115,0.8417398813536,-1.72334965575304,-0.346540532504115,-0.346540532504115,-0.703193217279347,-0.543476223907937,-0.647894669978044,-0.8642924660248,-0.554783228531285,0,0.0419161676646709,0.81118881118881,0.42997542997543,0.771571263601341,12,0.230747117670519,3.08974686561322,3.18209546534885,0.0480130441947995,0.770035221078919,0.182684416534625,-0.0227903666273092,0.128886998972517,0.0669614573190877,297.0000000001,0.127185736082271,0.0923641904073714,1839.0000000001,1.08628158827988,1.21346732426215,0.0332263554799305,0.142638090866537,0.432491223670812,0.240284594482388,0.0932578733818416,-0.223713438983164,-0.53449629276998,-0.132296774653245,-0.241845208659055,-0.0986830016262653,-0.100063977077007,0.961678097925516,1.11399387746647,0.164018300500783,1.98145058506762,0.584307028956001,1.10905687512099,2.67197886773542,2.60149807475628,2.74187558589854,-0.470002208609292,-0.0209585586159082,-0.902473769370233,-0.425406404283799,-0.425406404283799,-0.165593441676487,-1.32355941343504,-0.702452814292525,-0.531681302514845,0.147061439405899,-0.790825746365694,-0.00956337147294491,-0.437026508545134,0,1839.0000000001,0.00348251525101656,0.0297438401289139,0.322906563626067,1.05562617750648,5308.65727626939,0.0156249669969604,1028,2,"SNETWORK (2 36 5308.65727626939 0.322906563626067 100000402 1028)",100
36,100000403,0.754106301472713,177,1.29896932353205,1.22104076566898,1.45807027539656,1.42805593959054,1.43873085382348,0.425732539913739,0.36878691030038,-0.177720219805209,-0.020906768828149,-0.341637460827278,0.829015694903945,-1.76398626152973,-0.341637460827278,-0.341637460827278,-0.697765142102729,-0.543206108573751,-0.646669588928124,-0.864034157085175,-0.554487889715708,0,0.0419161676646709,0.81118881118881,0.42997542997543,0.754106301472713,12,-0.00294544342473409,1.03496602654267,1.0429723836766,0.01355438438342,0.753238114632732,1.33028600313934,-0.0182273170746419,-1.02033583353267,0.0732498765301892,108.0000000001,0.0505926833935189,0.134877897776874,1403.0000000001,1.21019546459745,1.26078814789096,0.0493321331468385,1.18930504152408,0.916260968924635,0.746416350415665,0.296357719745065,-0.670389697115404,0.700572376368036,-0.574770717086718,0.398185770682453,0.485950290753693,0.507686266847435,0.775270997002122,0.415029411379014,0.0604363504678487,0.578514977674866,0.562105955755759,1.0940346584204,2.19258446122348,2.15155944355969,2.28302402457116,-0.054828118540212,-0.629831808537718,-2.02292542494668,-0.0545722265763168,-0.0545722265763168,-0.0753983791606279,-0.283448627311987,-0.882926150858747,-0.788190379526206,-0.67568846586157,-0.789727798143251,-0.45976617129251,-1.29216977770999,0,1403.0000000001,0.00197959108975241,0.0473525419570861,0.22840653025152,1.72814423713135,5290.56238807386,0.0156249669969604,1025,2,"SNETWORK (2 36 5290.56238807386 0.22840653025152 100000403 1025)",100
29,100000404,-0.927462277649335,62,-0.790377993358492,-0.853832397374456,-0.959757100198023,-0.960709455694412,-0.961711264614227,0.473056152350961,0.423723614421461,1.68234063338099,-0.00208863587056354,0.975969022981957,-0.141277912934922,2.73701811878182,0.975969022981957,0.975969022981957,-0.0915956363199994,-0.507640186384795,-0.578801595330765,0.299919747162097,-0.722729432090965,1.05602816075095,-3.18648417450813,-1.88851148851148,0.604422604422604,-0.927462277649335,8,1.05524505485984,0.932476689722656,0.938565781008442,-0.671909080395289,-0.922739455055384,-0.268035637775504,0.0889892679366602,0.536219122892721,0.344664976957561,3548.0000000001,1.95512951343568,0.388070901334945,144.0000000001,0.0893446058829079,2.04447411921859,0.0814425787881301,0.50794182764755,0.48024113118564,-0.164754957444453,-0.287098120370103,-0.179203723206659,-0.454601804248042,-0.156044838280794,-0.100385038299005,0.0270984820161664,0.209330671193695,0.32204574652209,0.196874336742268,-0.50269264673635,0.0924263354987916,-0.471792152073761,-0.752292666128179,-1.4058558810172,-1.37829262321506,-1.40813399619979,-0.0878149664336387,0.0420189510663368,0.32268397742368,-0.0867375014981144,-0.0867375014981144,0.00302115735978705,-0.746007568374061,0.121624115418136,0.00605832927874969,0.662732892257435,-0.0711603320373511,-0.294781739140298,-0.274288700933151,0,3548.0000000001,0.0778834947071739,0.00355908398095617,0.374726859377971,1.32726018002722,1036.08036893183,0.25,857,2,"SNETWORK (2 29 1036.08036893183 0.374726859377971 100000404 857)",100
41,100000405,-0.460778901764042,107,-0.886598059773572,-0.0928456434617663,0.315622755524543,0.310024668600395,0.31737100022456,0.934068320268738,0.974694302163837,0.294207981459202,-0.255133334794799,0.650466855997596,0.449528935086966,0.449556568352382,0.650466855997596,0.650466855997596,0.516408279341657,-0.655040197188426,-0.781553948270433,-0.117218659385948,-0.832195932587483,-0.720739219712526,0,-0.434965034965035,-0.700859950859951,-0.460778901764042,10,-0.33155121992126,0.657660882560677,0.659796440906146,0.46876329656646,-0.458643727527247,0.503221991648605,-0.252287933553795,-0.325153456451263,0.0935117686294244,1408.0000000001,0.842023989408763,0.0495685285152966,176.0000000001,0.0557922959478744,0.897816285256637,0.0375276262603568,-0.092691563671553,-0.225418714240971,0.0692858478942792,0.299999476077086,0.3594298685245,0.278133259006072,0.329872157759984,-0.0552500419109513,0.29936722024847,0.220145423045578,0.0979324878410603,0.250038478889925,-0.947288580227712,0.0534649676869361,-0.658232714974315,-1.30374704394875e-15,0.102215627178161,0.139017963839617,0.167198521564845,-0.867257503966861,-0.548835992837744,-0.000504769596719355,-0.71886039234366,-0.71886039234366,0.830137253735638,-0.129197671933114,-0.131920250573473,-0.200930572670846,-0.207144379845587,-0.0803854002726122,0.737390161682993,0.617699789155339,0,1408.0000000001,0.0351955762122521,0.00233204994810466,0.308353336921564,1.23616002163306,2284.28182625096,0.0625,1313,2,"SNETWORK (2 41 2284.28182625096 0.308353336921564 100000405 1313)",100
37,100000406,0.356586089101746,88,1.29896932353205,1.22104076566898,1.45807027539656,1.42805593959054,1.43873085382348,0.12003435824361,0.0538569564424274,-0.516832125797613,0.62620901628501,-0.399539773690672,0.639361647665197,-1.08107954182894,-0.399539773690672,-0.399539773690672,-0.542294961176499,-0.587745539863064,-0.635229796792291,-0.500517301870174,-0.677186703746345,0.665297741273101,-1.69993346640053,-0.507226107226108,0.644007644007643,0.356586089101746,12,-0.213451064166254,0.447828915484952,0.448138669879452,0.253509520726337,0.358027527169244,0.589633623569897,0.626611807531595,-0.288676930949166,0.0465518824238435,27.0000000001,0.00803818648988416,0.0944798650155159,523.0000000001,0.316007954373137,0.324046140763021,0.0140524061452148,0.372959514421478,-0.0498657291700074,0.647643258253436,0.804943180849477,0.234810735136961,0.39518431765739,0.223486237318311,0.681437402066884,0.281792714584731,0.529119859518558,-0.715349545934249,-0.463750536825267,0.149345434002083,-0.218037920372283,0.528207847926239,1.07109749798066,2.19258446122347,2.15155944355969,2.28302402457116,-0.00668586670085589,0.0453888608888591,-0.0698279836277787,-0.00673033636574038,-0.00673033636574038,-4.04892496799182,-2.01208309962023,1.07246907381258,1.18333560522879,0.345770428482195,1.10513913504566,-0.30213542898713,0.298627557828466,0,523.0000000001,0.00034857955347549,0.0137038264917393,0.509791798575603,2.29463676695013,4749.20843177523,0.0312499339939208,1136,2,"SNETWORK (2 37 4749.20843177523 0.509791798575603 100000406 1136)",100
35,100000407,0.914562152098324,207,1.95876350285277,1.6240746339498,1.45807027539656,1.42805593959054,1.43873085382348,0.622397853864253,0.541364967949893,-0.12446492382806,-0.261780987290541,0.0146413939208027,1.13710227506461,-0.284792517077781,0.0146413939208027,0.0146413939208027,-0.5761947184054,-0.464783075337578,-0.569268698445687,-0.790439620745526,-0.469092238797986,-1.14579055441478,2.23053892215569,2.01958041958041,-0.227886977886978,0.914562152098324,12,-0.0367230863614727,-0.201586774563364,-0.200076720508151,-0.0527480644490627,0.910340217442092,-0.429412534954201,-0.259349652342672,0.569694718195921,0.117147782660566,29.0000000001,0.0217264681999314,0.145697703757802,1075.0000000001,1.0016551611052,1.02338162920513,0.0497506280732584,-0.649719790965951,0.402319131473686,-0.429922889760727,-0.266673115839327,0.261394331983067,-0.378948909508583,0.278226700770716,-0.408634057916791,0.344531702366045,0.249675615339994,0.971240427230623,0.889020699206545,-0.723376371842827,1.00122105962091,0.596004386864676,1.11697181886013,1.752540016459,1.71154297880835,1.79848119208223,-0.592304773797565,0.398436357636394,-1.13811717592432,-0.521619908170401,-0.521619908170401,-0.247043384953353,-0.107484511015367,-0.051072708146163,0.0268390096908587,0.136919102682944,-0.0749568417277613,0.365836960017074,-0.411901480309432,0,1075.0000000001,0.00105620953207625,0.0486944184411822,0.102034892698647,2.89101792284055,5463.64042733366,0.0156249669969604,980,2,"SNETWORK (2 35 5463.64042733366 0.102034892698647 100000407 980)",100
13,100000408,0.872289623146061,314,0,-0.0695595240108285,-0.110963835372034,-0.110383201657025,-0.109843962764069,-0.957026452710533,-1.15218829859635,-0.450409682078116,-0.345359683053475,-1.53521489632893,-1.62492265239224,-0.075143849835249,-1.53521489632893,-1.53521489632893,-2.96505528301828,0.609436304042412,0.849630564931917,1.77322210645426,0.415874055970995,1.07186858316222,-1.64670658682635,0.299300699300701,1.38452088452089,0.872289623146061,7,-0.259494669808554,0.24054366346062,0.240092662838246,0.0713876560488654,0.867530549426538,-0.512657646796868,-0.327833094323633,0.456380254325889,0.0467295796275704,3365.0000000001,0.251403880207044,0.0827627809001387,1776.0000000001,0.235002818164515,0.486406698271559,0.021875283423771,0.620758009817131,-0.13733014310146,-0.62173200961698,-0.669130725337697,-0.0607762007220522,-0.57891751703151,-0.0600372337210705,-0.618407090775247,0.063434121329219,0.0690936178469819,-2.35338664972518,-2.22154794842145,0.0867279601810563,-0.490463636900759,0.223123099423871,0.103212322371745,0.000480866141918987,0.0349290148369488,0.115671933158067,-1.19406273051013,-0.437386784180163,0.272712345805669,-0.922612125104122,-0.922612125104122,5.83054944865527,1.06316675953723e-11,1.32434542964595,1.6374975350286,2.17527045750819,0.939034354247417,-0.0922101975289779,-0.739018989631978,0,3365.0000000001,0.0113064460804304,0.0105688372433405,0.297650360346941,1.15060512907803,3156.50476424056,0.0156249651370217,314,2,"SNETWORK (2 13 3156.50476424056 0.297650360346941 100000408 314)",100
43,100000409,0.154354349356253,127,0.12371145778112,0.869954874556633,0.965149594579297,0.947078472655203,0.966783102940535,0.0442697704682297,0.0296335521731401,-0.488420104868099,-0.369718786308285,-0.214259295774176,0.855293264284262,-0.981800068046684,-0.214259295774176,-0.214259295774176,0.263615889790822,0.456683104061007,0.268627711243242,-0.543623818661531,0.647427725964146,-1.14579055441478,2.23053892215569,2.01958041958041,-0.227886977886978,0.154354349356253,11,0.129658406217164,-0.199501637475075,-0.198012577881069,-0.215334927773131,0.149558259199078,-0.94578529712317,-0.366771318232746,0.300618680914139,0.0393835623817278,4.0000000001,0.155254233783916,0.0404150668177005,11.0000000001,0.438131471322785,0.593385705006701,0.0288362189954037,-0.204651050161673,-0.205264253421708,-0.795927368277193,-0.994053417038268,-0.293505868280101,-1.13458234193923,-0.31340297362597,-1.03979187382852,-0.29264735713883,-0.170159722928413,-0.693888813901399,-0.821104412521045,-1.3955752650085,-0.351251586111432,-0.353148128111646,0.538992472803681,2.19258446122347,2.15155944355969,2.28302402457116,-0.138730439097398,0.70478025270351,-0.32479068350042,-0.135421944083694,-0.135421944083694,4.38857163258234,1.06316675953723e-11,0.445992411994257,0.163196627115672,-0.231456031185132,0.558441994482209,-0.887140354595312,-0.201097157766753,0,11.0000000001,0.00754474708427882,0.0212914718111249,0.500367647236941,0.46280899271369,3527.44465762143,0.0312500660060792,1596,2,"SNETWORK (2 43 3527.44465762143 0.500367647236941 100000409 1596)",100
43,100000410,-0.252592329296636,56,0.12371145778112,0.869954874556633,0.532114998802948,0.540517197237357,0.552449009633917,-0.355488277162971,-0.334360237239763,-0.820252615962331,-0.0997729940818204,-0.472511719505008,0.567996943533355,-1.14934669213889,-0.472511719505008,-0.472511719505008,0.396756005513424,0.681322052605682,0.473211880008998,0.0587257360734534,0.820364032887697,0,0.0419161676646709,0.81118881118881,0.429975429975429,-0.252592329296636,11,0.799968392176544,-0.149941379881206,-0.148918059986979,-0.612755355920517,-0.25584254375923,-0.875183048279001,-0.0972980594221846,0.50179698134047,0.183015212516649,2.0000000001,0.360732814884364,0.062053187539839,6.0000000001,0.366930497449386,0.72766331223375,0.0350538979942379,-0.438082421621031,-0.777940938896537,-0.891142082528807,-0.896098704992815,0.00756914255216332,-1.02097212290872,0.00752767077761821,-0.620368167471259,0.000669884345944287,0.00828506908775684,0.259763090571012,0.425765481504201,-0.708608720080847,0.356096435575038,-0.353148128111646,0.538992472803681,0.479963183889405,0.523033292470448,0.560387362344949,-0.476615167969698,-0.799549269001581,-0.397374376661919,-0.430750500039645,-0.430750500039645,0.440107336909496,1.06316675953723e-11,-0.354239625246559,-0.272242693272649,0.236425498773108,-0.431036554535947,-0.60932112930216,-0.364392275866463,0,6.0000000001,0.017377667728599,0.0176762301656389,0.221088297266859,1.00343925692141,3120.06856659068,0.0312500660060792,1527,2,"SNETWORK (2 43 3120.06856659068 0.221088297266859 100000410 1527)",100
17,100000411,-0.63969279572092,101,-0.254295665086778,0.276450920905401,-0.358045591966192,-0.357303355798844,-0.355675841278248,-0.0988044205705451,-0.088008793448583,0.227780355414075,1.18102720366959,0.70204447231563,-4.92248575714863e-05,-0.0705585105305542,0.70204447231563,0.70204447231563,0.491816067382095,-0.0308336610652829,-0.0162466303420119,-0.427468199884206,0.0115466769858345,-0.596303901437372,0.141716566866268,0,-0.395577395577396,-0.63969279572092,9,0.852589362505688,-0.490744272422973,-0.485213905014649,-0.64584455757734,-0.640489183764505,-0.235320140783138,1.17996224099114,0.315534303391403,0.107698181490995,1023.0000000001,0.176149160739157,0.0867080136621886,483.0000000001,0.066958072433958,0.243107233073115,0.0124375384478681,0.711744824543724,0.0644563420987645,0.331924288676629,-0.0185368558204956,-0.53211152116717,-0.0883548004998615,-0.598008625182569,0.672680913245509,-0.550172428307209,-1.41389169622801,-0.857827627364605,-0.786581303704308,-1.38672972702029,-0.380061840761446,-0.658232714974315,-1.30374704394875e-15,-1.4058558810172,-1.37829262321507,-1.40813399619979,-0.506183163877785,-0.424537107237487,0.658983088767827,-0.454444203867807,-0.454444203867807,-0.283987907357386,1.06316675953723e-11,0.896159225693614,0.666494816322555,0.419088989384427,0.894324981417287,0.144190600814278,-0.566439293070298,0,1023.0000000001,0.00901191590888034,0.00342562243898777,0.34763472772798,1.81388113450045,1705.84260451465,0.125,520,2,"SNETWORK (2 17 1705.84260451465 0.34763472772798 100000411 520)",100
3,100000412,-0.40689711390071,82,-0.226804037760009,-0.273941878615531,-0.467885001197052,-0.45962963966976,-0.447550990366083,-0.341616060206406,-0.414532817259485,0.587391717371793,0.842660633333661,-0.0472584551157408,-1.19129097263633,-0.0911537432280091,-0.0472584551157408,-0.0472584551157408,-4.68235569536311,0.213626285948594,0.270560632883327,1.20290622482362,0.0212763381623946,0.637577002053388,-1.16766467065868,0.37272727272727,1.11578624078624,-0.40689711390071,7,1.2587140719353,0.750749336296704,0.754028083193782,-0.718159610096824,-0.405780559350894,0.386729338478038,0.842531813925293,-0.107907217956121,0.0424041916135658,2893.0000000001,0.196133715485181,0.112683594706533,3265.0000000001,0.588218815920541,0.784352531305722,0.0322547111754359,-0.445567071752335,-0.395726250731841,-0.078626912709903,0.406926179869336,0.764317184786349,0.167216847189063,0.689862761699533,0.669881110144284,0.840656356587827,1.79679719087668,-0.249410753143295,-0.328827924953808,-1.28469144401813,-0.146355530921787,-0.183656619125852,-0.461007527196321,-0.897784372821839,-0.860982036160383,-0.832801478435155,0.289405911136325,0.280955377057348,-0.967623523763774,0.312400091861446,0.312400091861446,-0.440940697949713,-20.2143011817946,0.806152205248833,0.646955270480774,0.855616112061286,0.690289187754615,0.29944570413239,0.277886196188767,0,3265.0000000001,0.00806555224877772,0.0241891588266582,0.442048155308168,0.322369867877569,1827.88616173306,0.0624998605480869,83,2,"SNETWORK (2 3 1827.88616173306 0.442048155308168 100000412 83)",100
3,100000413,-0.64892060606989,22,-0.494845044588713,-0.486027089260215,-0.640656641110964,-0.630828421199535,-0.621755757978306,-0.305326278254252,-0.391263880644846,0.668044132110469,1.18684182079459,-0.00177814907247062,-1.14661113407582,0.370678901834303,-0.00177814907247062,-0.00177814907247062,-4.86144729818172,0.264808563054923,0.262803891239404,1.16043484869795,0.0935749174713556,0.0221765913757709,0.149700598802395,1.22237762237762,0.834152334152334,-0.64892060606989,7,-0.200232088834637,1.22276355889675,1.23489295293511,0.350298233975151,-0.643110258912106,1.861882543311,1.18577688708337,-0.947306410025964,0.886238403614328,4316.0000000001,6.11543051322003,0.308550819665237,541.0000000001,0.266881828185889,6.38231234130592,0.241668315856025,-0.0249906203104561,-0.542731201977569,0.919393676093266,0.264653494318345,-1.02881643462609,0.919460614337415,-0.853763380835531,1.16498927513028,-0.837019096239931,-2.15697302031061,0.697302799190078,0.593591337225362,-0.783525304672812,0.772809759473763,-0.471792152073761,-0.752292666128179,-1.42346632323779,-1.36854843076081,-1.38709147922194,-0.0713263712756644,0.528774830365326,-0.720970132371706,-0.0707215362598766,-0.0707215362598766,4.49856419346564e-05,-2.37564157168935,-0.374998004422039,-0.437345068861783,-1.41567235464324,-0.0546584616169281,0.0448073605337557,0.0350278003964332,0,4316.0000000001,0.231562749238543,0.0101055665174825,0.18832495589706,1.44119841046631,1462.04249771343,0.0624998605480869,23,2,"SNETWORK (2 3 1462.04249771343 0.18832495589706 100000413 23)",100
43,100000414,0.195136958811373,135,0.12371145778112,0.869954874556633,0.965149594579297,0.947078472655203,0.966783102940535,0.0696888642191726,0.0386282179151054,-0.518060791533577,-0.390446399616592,-0.118017421918458,0.937142691529254,-1.15287649221783,-0.118017421918458,-0.118017421918458,0.252836020987062,0.481406406916138,0.293955325834344,-0.6660020950989,0.701000116025886,-1.14579055441478,2.23053892215569,2.01958041958041,-0.227886977886978,0.195136958811373,11,-0.594347689470585,-0.344114033161285,-0.340899053415499,0.78969669725537,0.196765912249568,0.717411386501619,-0.387142182874842,-0.629429652878793,0.0415918840474519,6.0000000001,0.245939512511549,0.0319845410442981,6.0000000001,0.1891297450879,0.435069257499449,0.0216891782967603,0.0230322170393221,0.0883391500163703,0.165543795200824,1.14248245733856,1.50061958050838,0.698101297556053,1.64034969614025,-0.0509326664978529,1.49524204524996,0.832783368296132,-0.57547090364504,-0.445423880346563,0.132782990926594,-0.265051529278703,-0.353148128111646,0.538992472803679,2.19258446122347,2.15155944355969,2.28302402457116,-0.272339738552009,0.103212478062779,-0.194978879406404,-0.257803836836221,-0.257803836836221,3.62204622653522,-0.580765666269349,0.22149882420152,0.0688878160577333,-0.282743963093799,0.324957253549352,-0.499920301587046,-1.04540129839425,0.0179325463570521,6.0000000001,0.0122606362541055,0.00942854194265483,0.530625749834424,1.13517141831107,3571.5812096418,0.0312500660060792,1604,2,"SNETWORK (2 43 3571.5812096418 0.530625749834424 100000414 1604)",100
13,100000415,0.666683155173707,285,0,-0.0695595240108285,-0.467885001197052,-0.45962963966976,-0.447550990366083,-0.851250167726775,-1.00550960191388,-0.434385038638625,-0.188242559943396,-1.16975589750851,-1.73446297693758,-0.29552470527906,-1.16975589750851,-1.16975589750851,-2.91317470330256,0.41300608646925,0.636733322048006,1.54613869810407,0.209801257453658,0.184804928131415,-0.778443113772456,0.103496503496504,0.51023751023751,0.666683155173707,7,-0.644254439571997,0.112715297599987,0.112323190905365,0.991463459338146,0.663711373668173,0.161896413358565,-0.185767839397545,-0.563755265043042,0.058761440191761,2561.0000000001,0.240600787077206,0.0567048281956106,1827.0000000001,0.165635575186455,0.40623636216366,0.018685086781654,-0.24372972075328,-0.479795415587505,0.449735767184171,0.27856055045136,-0.270490891591381,0.145976809748023,-0.27312040334441,-0.0406752188933711,-0.129392915728514,-0.102426310381671,0.153227973713505,-0.00893148430132346,0.0253032653625882,0.273356985502027,0.223123099423871,0.103212322371745,0.000480866141918987,0.0349290148369533,0.115671933158063,0.714200718071953,0.934934610929594,0.0491499339618823,0.854678077016426,0.854678077016426,-0.464275332174946,-6.50283133946051,-0.272203522443153,-0.147596806916737,-0.401447800688484,-0.187090005047544,0.700806254432026,0.718894870840195,0,2561.0000000001,0.0110665784261792,0.00761850825547471,0.0989195404008674,1.35850933473557,2993.98567960198,0.0156249651370217,285,2,"SNETWORK (2 13 2993.98567960198 0.0989195404008674 100000415 285)",100
43,100000416,-0.0450017246280877,95,0.12371145778112,0.869954874556633,0.965149594579297,0.947078472655203,0.966783102940535,-0.100035490632923,-0.0791517445234001,-0.462587164512346,-0.295539329928119,-0.523774725536585,0.670415006338872,-0.800880893197287,-0.523774725536585,-0.523774725536585,0.255497171487072,0.542427649475235,0.344658125364534,-0.177709226886988,0.688542050169111,-1.14579055441478,2.23053892215569,2.01958041958041,-0.227886977886978,-0.0450017246280877,11,0.659720537035435,-0.302634905904302,-0.299971201100314,-0.562766697793992,-0.047070722024526,-0.604363688795901,-0.292785375320627,0.582483830168284,0.0626581908272339,1.0000000001,0.06175132998091,0.276692349563701,2.0000000001,0.54537548410135,0.60712681398226,0.0300457942512136,0.0455512808837285,0.183728400819342,-0.53008301877524,-0.214768970112571,0.493135891777689,-0.580849033200434,0.534709777165271,-0.569547036796731,0.481819390867134,0.326922925605572,-1.79110846640264,-1.865385018178,-1.25334074977874,-0.48332297026973,-0.353148128111646,0.538992472803682,2.19258446122347,2.15155944355969,2.28302402457116,-1.36267020226362,0.321073559947249,-0.625819801298665,-1.01617844891682,-1.01617844891682,-4.65159713485652,1.06316675953723e-11,1.21543131866089,1.36130808565928,0.540453701209451,1.21468555842023,-1.49502812176368,0.157399329909255,0,2.0000000001,0.00305598056903697,0.0269898135821767,0.372351857358796,0.625573349185288,3340.71201134322,0.0312500660060792,1564,2,"SNETWORK (2 43 3340.71201134322 0.372351857358796 100000416 1564)",100
12,100000417,0.44569558665964,254,0,-0.0695595240108285,-0.467885001197052,-0.45962963966976,-0.447550990366083,-0.680525916236798,-0.789078179757384,-0.0649300671910269,0.0392970451434113,-1.16883652163288,-1.74060637036018,-0.0609816136840211,-1.16883652163288,-1.16883652163288,-5.42584927151588,0.499397039023095,0.643230385995079,1.71761555635164,0.287324504480037,0.184804928131415,-0.778443113772456,0.103496503496504,0.51023751023751,0.44569558665964,7,0.206659658154892,-0.0673595971181838,-0.0669712493139856,-0.268595132197459,0.442659236895152,0.367255987086345,0.0412129629210755,-0.621058499245776,0.057436689986986,3746.0000000001,0.343995063938573,0.0623648356528802,1562.0000000001,0.155745621351999,0.499740685190572,0.0237262823858392,-0.386010679669706,-0.477854039967011,0.306009596837395,0.0553235387536661,-0.393861486723945,0.362672476809482,-0.410579115695059,0.289000693846287,-0.178306142438725,-0.190132918882103,0.656404864971041,0.619786609680008,-0.844362698397514,0.956964682116541,0.223123099423871,0.103212322371745,-0.37776487460819,-0.329824023859337,-0.264818164085291,-0.00169653397305282,0.4871781836214,0.595260411464223,-0.00171031471867564,-0.00171031471867564,-0.0748164999807725,-0.894524902952509,-0.487242759717405,-0.571479368069434,0.240959005300507,-0.577802376492489,0.719490954756889,0.939096651253331,0,3746.0000000001,0.0163319181989156,0.00739436408692361,0.675587277134876,0.932295218110085,2822.03024146174,0.0312499302740435,254,2,"SNETWORK (2 12 2822.03024146174 0.675587277134876 100000417 254)",100
16,100000418,0.909007450799887,340,0.288659805977357,0.708741764562854,0.0737102907633875,0.0682577010310203,0.067165878475577,-0.744387529106284,-0.857097568772381,-0.435562291018982,0.32777069302949,-0.542526386971682,-0.473726721365596,0.657139158097638,-0.542526386971682,-0.542526386971682,0.337875553731313,0.629392708591391,0.72144141770466,0.314366423184518,0.708097143349965,-0.443531827515401,0.0161216029479497,0.044324905863371,-0.265923265923267,0.909007450799887,9,-0.843674251885356,0.0861816938696189,0.0858530250116887,1.53190592505201,0.904708179460049,0.322658741286431,0.329749695771564,-0.326139316355181,0.150261336459484,464.0000000001,0.111470975692066,0.121216626611407,3104.0000000001,0.601562119129507,0.713033094721573,0.0329498598323908,0.736207818707301,0.343145259557881,0.355608358983042,0.00765222703276084,-0.525395849152558,0.286953180994689,-0.532817839333935,0.461719565327393,-0.413365857059339,-0.576784141265184,1.04766006812598,0.670621388682221,0.114698357797372,1.25705274471132,0.562105955755759,0.451834062908154,-9.04730289579023e-15,-4.51494518067087e-15,-4.84823954093274e-15,0.826770586967398,1.1830185904781,-1.81309274433209,1.01735225640288,1.01735225640288,-0.210634972495766,-0.0154018408356256,-0.895481960911014,-0.778760935021016,-1.51391657973738,-0.600980540238662,1.47710696854984,1.06714520320495,0,3104.0000000001,0.00515116764943523,0.0277986920829555,0.821131456011002,1.08370915049272,3086.22072028724,0.0625,408,2,"SNETWORK (2 16 3086.22072028724 0.821131456011002 100000418 408)",100
41,100000419,-0.568942013527817,83,-0.886598059773572,-0.0928456434617663,0.315622755524543,0.310024668600395,0.31737100022456,0.983966018506157,1.13394079214103,0.63580192468112,-0.180132937931306,0.587153848419459,0.526488615953795,0.311424359719726,0.587153848419459,0.587153848419459,0.528961873073482,-0.516055499442256,-0.648460230561065,0.0298082822175764,-0.683890991186762,-0.720739219712526,0,-0.434965034965035,-0.700859950859951,-0.568942013527817,10,-0.535264621359056,0.459286712143285,0.459668988597953,0.815784645061982,-0.569572458903428,-0.306071003437168,-0.177636985733307,-1.08461064070802,0.0688200039685291,594.0000000001,0.261430755028107,0.0977776429824509,1278.0000000001,0.799145681210691,1.0605764361388,0.0458999903317927,-0.190493422982505,-0.164538467088449,0.370387962586044,-0.0970839579522047,-0.726557205523857,-0.388557276634286,-0.689635792485189,-0.315158730763978,-0.183264134895744,-0.135061257326576,-0.184499715701319,-0.0991277266477157,0.131377075770467,-0.14243350992744,-0.658232714974314,-1.30374704394875e-15,0.102215627178161,0.139017963839613,0.167198521564845,-0.221363557753257,-0.262070752524267,-0.0852513537768882,-0.212010285800241,-0.212010285800241,1.96091046863853,1.06316675953723e-11,0.12198967434845,0.159221835035856,-0.00552554281324486,0.149000042005119,0.365593326289869,0.458815584250332,0.0117365411269543,1278.0000000001,0.0113142897482321,0.0345857004835606,0.229881027175576,0.954188977368176,2150.88723935964,0.0625,1289,2,"SNETWORK (2 41 2150.88723935964 0.229881027175576 100000419 1289)",100
13,100000420,0.802433388037609,305,0,-0.0695595240108285,-0.110963835372034,-0.110383201657025,-0.109843962764069,-0.965645735605279,-1.17193511566218,-0.513374119051588,-0.315483799276272,-1.38070929696219,-1.75219586356479,-0.21246304547891,-1.38070929696219,-1.38070929696219,-3.06469958058368,0.577880559600521,0.817947496825696,1.74254086277311,0.381706994922167,1.07186858316222,-1.64670658682635,0.299300699300701,1.38452088452089,0.802433388037609,7,-0.5394474423617,-0.276382992705003,-0.274044746425486,0.687956311293329,0.799175492096242,-0.0264041799674159,-0.312596791389016,-0.842687864763937,0.0434226858827197,3446.0000000001,0.23923625184487,0.027868792930261,1344.0000000001,0.0598842287938609,0.299120480538731,0.0147345921495119,-0.365569448858751,-0.376639602796845,0.225084231499951,0.000483687949544313,-0.350982983001978,0.0723197728190143,-0.379864956317834,-0.240199479924656,-0.41225501723446,-0.266505539753205,-0.262976909813626,-0.174399927738836,-0.00834679012745122,-0.0774472538819286,0.223123099423871,0.103212322371743,0.000480866141918987,0.0349290148369443,0.115671933158063,0.182731462103523,-0.154111657698628,0.622624182062281,0.192307128570697,0.192307128570697,1.03326375539061,-16.1871603131868,0.348536814859104,0.58468006887549,0.902940446920902,0.177657368901793,-0.0789325134788083,-0.0503440330822681,0,3446.0000000001,0.0117847115240811,0.00294988052543081,0.233993903423271,0.930068051115657,3104.44746827924,0.0156249651370217,305,2,"SNETWORK (2 13 3104.44746827924 0.233993903423271 100000420 305)",100
28,100000421,0.503051232254188,237,-0.268041164135857,-0.507523118116241,-0.715996162004961,-0.715344983900652,-0.711097017555422,0.701759996850949,0.796380688973545,1.96782514492446,-0.604825255334412,-1.38389389079144,-0.461139289030182,1.76639495753102,-1.38389389079144,-1.38389389079144,-0.355909346255037,-1.07544057136114,-1.08235801307051,0.378492478422329,-1.45294615379859,0.468172484599588,-2.26546906187625,-1.53286713286713,0.194922194922195,0.503051232254188,8,-0.596019358033106,-0.03181212584854,-0.0316431640871188,0.852833859507709,0.509950975972082,1.79456267125105,-0.601242096469442,0.347863692903258,0.0652420590830441,6457.0000000001,0.673524209179899,0.0368458022044078,2371.0000000001,0.139673602626414,0.813197811706313,0.0383673365949217,-0.59864018397888,2.21453044106721,2.21995334288076,1.8794508373171,-0.533177212459906,1.24201168302079,-0.552169135042927,-0.300555305725866,0.160245441351235,0.0462532111813825,-0.680666241320507,-0.652683821165401,-0.135163365817486,-0.218955121838679,0.121428129376515,-0.277526342387342,-0.897784372821835,-0.860982036160378,-0.832801478435155,1.48237425846989,-0.914056642705253,1.63583426549025,2.15528366907146,2.15528366907146,-1.3042629966339,1.06316675953723e-11,-1.10042628384309,-1.14131360880585,-0.43202273635393,-1.08680797502677,-0.368281706752176,0.0824241698422766,0,6457.0000000001,0.0317774219241933,0.00658991457072839,0.509273977411261,1.7096379473578,2020.45916165305,0.125,778,2,"SNETWORK (2 28 2020.45916165305 0.509273977411261 100000421 778)",100
35,100000422,1.02609796637988,227,1.95876350285277,1.6240746339498,1.11742223327512,1.09970853501445,1.1005013034785,0.66526215822486,0.634667186058161,-0.127298479990413,-0.444583115688354,-0.15582127886395,1.12020665880504,-0.78494762873354,-0.15582127886395,-0.15582127886395,-0.776999985533892,-0.529709170528518,-0.640040143170541,-0.930375554253332,-0.525328244040274,-1.3305954825462,1.62674650698603,0.565034965034965,-1.23832923832924,1.02609796637988,12,-0.186479605638316,-0.514434514517633,-0.508475999503116,0.049393132502923,1.02562001601505,0.0424268865024668,-0.440793451888177,0.497247780492335,0.058578516814848,52.0000000001,0.019480440734917,0.128385081292523,1606.0000000001,1.31861242279324,1.33809286342815,0.0687451447056277,0.924509298054515,0.368588616748143,0.159330076694759,0.309315809646011,0.225856466708841,0.19816307497247,0.253672627647806,-0.388366612147593,0.547069221408152,0.268534738585908,-0.181083891280066,-0.00807620095862924,-1.11313818706249,-0.0179754606405217,0.596004386864676,1.11697181886013,2.19258446122347,2.15155944355969,2.28302402457116,-0.123849384892966,0.579881232886029,-1.47791461461759,-0.121312528342174,-0.121312528342174,-0.471889515833149,-0.681981353876781,0.30718533203625,0.390498334967692,0.598059128220442,0.206020270974586,-0.102601441412198,-0.00830124140610957,0,1606.0000000001,0.00100081671842853,0.0677443278871992,0.575492379762674,0.807037044493186,5581.19008321559,0.0156249669969604,1000,2,"SNETWORK (2 35 5581.19008321559 0.575492379762674 100000422 1000)",100
17,100000423,0.608137798152652,286,0.152577399052067,0.406018494492994,0.0737102907633875,0.0682577010310203,0.067165878475577,-0.529007753113325,-0.621549323752956,-0.161516978072113,0.626354154933996,-0.299722630327052,-0.363014596230986,0.100993301853674,-0.299722630327052,-0.299722630327052,0.36141930631195,0.249316667110546,0.316098200107376,-0.0100322224057449,0.28831723573334,-0.443531827515401,0.0161216029479497,0.044324905863371,-0.265923265923267,0.608137798152652,9,-0.819151208385536,1.52801213115749,1.54848576074019,1.78744123234873,0.604184221714401,0.306558337198815,0.627371813141161,-0.63915500008501,0.317428755240664,1193.0000000001,0.605456971557825,0.117572050975301,3115.0000000001,0.585542900334119,1.19099987179194,0.0427596004577976,-0.418164738064944,0.546615334669873,-0.0359310834929903,0.193927837636694,0.356331435050546,-0.085741339072318,0.281662819546674,0.439298004153429,1.33679880404532,2.49109224681963,-0.512768524161526,-0.657361779034309,-1.34564532808211,-0.268967923270189,0.562105955755759,0.451834062908153,-4.52365144789511e-15,-9.02989036134174e-15,-9.69647908186547e-15,0.60455276112797,0.0604905888373918,-1.31508739489262,0.704242610712734,0.704242610712734,1.12513677198842,1.06316675953723e-11,-0.0151561606617602,0.0937051038986146,0.660209775491412,-0.162035793134457,0.613872508908219,1.34865351909316,0,3115.0000000001,0.0217372803714922,0.0210223199863054,0.994998106238446,1.11706727230921,2783.78427337204,0.125,705,2,"SNETWORK (2 17 2783.78427337204 0.994998106238446 100000423 705)",100
28,100000424,0.544630888074446,239,-0.268041164135857,-0.507523118116241,-0.715996162004961,-0.715344983900652,-0.711097017555422,0.701759996850949,0.796380688973545,1.97957619502507,-0.605068664943649,-1.39608969940045,-0.457371875240788,1.75910675935728,-1.39608969940045,-1.39608969940045,-0.3573430541877,-1.07471492988645,-1.08106297468872,0.380420820656158,-1.45238433981631,0.468172484599588,-2.26546906187625,-1.53286713286713,0.194922194922195,0.544630888074446,8,-0.604535096672427,0.709485780968745,0.712232782005686,1.0180199016802,0.551677617160052,2.37828346509591,-0.601409478657263,-0.155059819217195,0.0881676660815619,7454.0000000001,1.05073572415774,0.0766571865438016,4059.0000000001,0.497469767018789,1.54820549107653,0.0641281986763109,-0.286817981488947,-0.359055762955784,2.23606477731818,2.24113178696183,-0.0197624408258779,1.29587822285767,-0.0176007104159937,-0.277303616165189,-0.442163636872574,-0.1221877109919,0.0120558009810554,-0.177252314962652,-0.0311864364419322,0.204904495693936,0.121428129376515,-0.277526342387342,-0.897784372821835,-0.860982036160374,-0.83280147843515,0.96175169191272,0.605686931570554,1.57006505414853,1.22403567398028,1.22403567398028,-0.685550442101227,1.06316675953723e-11,-0.549104724522713,-0.655629710478234,0.127994343991683,-0.618266219759935,-0.369251843769503,0.0798636992615891,0,7454.0000000001,0.0435225101295162,0.0206056884467947,0.522783229574214,0.923162329010665,2031.18391811565,0.125,780,2,"SNETWORK (2 28 2031.18391811565 0.522783229574214 100000424 780)",100
17,100000425,-0.809674440594929,65,-0.711340194022643,-0.147031598306002,-0.358045591966192,-0.357303355798844,-0.355675841278248,-0.0417650313881334,-0.0336957274864893,0.312192928496077,1.30698940865828,0.690335838432912,0.0565086861184032,-0.0956195438422971,0.690335838432912,0.690335838432912,0.508798686334162,-0.0104209559073643,-0.0113596477490944,-0.453704162462065,0.0420815849928173,-0.596303901437372,0.141716566866268,0,-0.395577395577396,-0.809674440594929,9,0.661696256923828,-0.975977457764836,-0.958604588470794,-0.597148223075565,-0.809950188665855,-0.224966597092301,1.30560293024385,-0.454021507769584,0.157806653699421,1543.0000000001,0.389303054434759,0.157869885912973,2773.0000000001,0.69991570590149,1.08921876023625,0.0607281573015686,-0.421977184441768,-1.25627123401171,-0.17178448546198,-0.476442240378901,-0.48003620583304,0.0430535180389035,-0.588495078816668,0.785191096628706,-0.666289819053478,-1.81415908077284,0.622034295321066,0.616840354679137,-0.845062998306683,1.12867267443006,-0.34184854331554,-0.538992006174441,-1.4058558810172,-1.37829262321507,-1.40813399619979,0.197336627148984,0.889094899436788,0.208943142410783,0.208397979197777,0.208397979197777,-0.376050461818426,1.06316675953723e-11,-0.4921958272038,-0.57228192040857,-0.746151415600252,-0.34476142129949,0.754676178953456,0.739277595545922,0,2773.0000000001,0.0217051504692545,0.0390230067323142,0.220865603438356,0.0175321465358138,1494.75602480919,0.125,484,2,"SNETWORK (2 17 1494.75602480919 0.220865603438356 100000425 484)",100
28,100000426,0.0614730101677147,211,-0.790377993358492,-0.853832397374456,-0.715996162004961,-0.715344983900652,-0.711097017555422,0.792680865169958,0.797377687809331,2.07587983969302,-0.47857428490868,-0.0670672876643728,0.0872701164617317,2.60807799621188,-0.0670672876643728,-0.0670672876643728,-0.127777744936822,-0.912342018869991,-0.973956458556819,0.781276311090172,-1.32106124804661,0.468172484599588,-2.26546906187625,-1.53286713286713,0.194922194922195,0.0614730101677147,8,-0.909174821829539,-0.308620872704312,-0.305880416235984,1.65852142670263,0.0705287607127922,1.88252066836791,-0.475263626945818,-0.0547221345605303,0.177189180859104,7655.0000000001,2.16858855224007,0.0825730612262709,1045.0000000001,0.137958810551883,2.30654736269195,0.114268245415158,1.84529962058049,1.22270825772556,1.56590457972654,0.777075344775289,-1.15873563269552,1.36569235941269,-1.25987610247985,0.0850918628425159,-1.17357442791724,-0.511036300538883,-0.187904074509502,-0.0908207923485719,-0.0665996004055208,0.194759009534956,-0.471792152073761,-0.75229266612818,-0.897784372821835,-0.860982036160378,-0.83280147843515,0.993791445180188,1.39061465902684,-0.757996640319998,1.27503898060768,1.27503898060768,1.16178391942645,1.06316675953723e-11,-0.297563176096544,-0.2509514267131,-0.68266250392453,-0.146929162892389,0.616030643729281,0.777034907357922,0,7655.0000000001,0.107433652862485,0.00683459245267273,0.320282037098478,1.51657081894169,1870.42180142017,0.125,752,2,"SNETWORK (2 28 1870.42180142017 0.320282037098478 100000426 752)",100
3,100000427,0.148896156466721,197,-0.226804037760009,-0.273941878615531,-0.467885001197052,-0.45962963966976,-0.447550990366083,-0.39685030815196,-0.468726663715988,0.535662363121374,0.521951086763431,-0.736058732928553,-1.20982637968323,-0.787163875471798,-0.736058732928553,-0.736058732928553,-4.82016244447533,0.224062664174266,0.318022931478299,1.21917618740417,0.0314536487518862,0.0739219712525668,-0.0898203592814364,1.0005994005994,0.837837837837838,0.148896156466721,7,-0.280480450961399,0.151546556132189,0.15109345829571,0.307846711750978,0.146027200903123,-0.101900110313859,0.522949455103121,-0.718513158300286,0.128101000891105,3865.0000000001,0.791584087467978,0.0787811028825337,2257.0000000001,0.284281533440772,1.07586562080875,0.0491482230034251,0.191030410462376,-0.079978341580814,-0.377237525871724,0.154180787619395,0.82399441370274,-0.106431973628826,0.82555678913166,0.374028072307918,0.744389314530513,1.30107934215065,0.767307686156561,0.742775436655953,-0.778859360406691,2.34584403636169,-0.105320403690776,-0.352352219964865,-0.751834212897423,-0.690544926566661,-0.641104661755904,0.986201816651199,0.233289127756533,-0.956855743282541,1.2628881392399,1.2628881392399,-0.820748977056018,-2.44294309996792,-0.460836849807659,-0.387137466769658,-0.749549210419751,-0.309594743464104,0.224359719056449,0.144325864405851,0,3865.0000000001,0.0361615339535956,0.0129866889498295,0.898840007024406,0.408093144332631,2486.53466180739,0.0624998605480869,198,2,"SNETWORK (2 3 2486.53466180739 0.898840007024406 100000427 198)",100
37,100000428,0.427438423432531,103,1.29896932353205,1.22104076566898,1.45807027539656,1.42805593959054,1.43873085382348,0.153668613998496,0.078633280189898,-0.497934889914821,0.588515299654615,-0.430312503274469,0.661286684679003,-1.03626785650291,-0.430312503274469,-0.430312503274469,-0.559895949101306,-0.617615625828376,-0.667890181052728,-0.524773698175173,-0.710405481088311,0.665297741273101,-1.69993346640053,-0.507226107226108,0.644007644007643,0.427438423432531,12,-0.754523541492947,-0.678789164747183,-0.669440941775469,1.1059217829224,0.425106600235167,0.308786394974646,0.59446688773179,-0.621989807362182,0.129098473300158,469.0000000001,0.387213964012074,0.0866099636506611,593.0000000001,0.328457823869953,0.715671787782026,0.0378530740279908,-1.58343198719811,-1.09725909542959,-0.0015787084735757,0.148084409017993,0.246610087443243,0.476978498990701,0.285078053896987,0.704606269034073,0.00981971523543222,0.0384449246635824,-0.0062825131864857,-0.00956109698341366,0.249570019617222,-0.143356338396698,0.528207847926239,1.07109749798066,2.19258446122347,2.15155944355969,2.28302402457116,-1.15437443907256,-0.0254208503032022,-0.301136378597834,-0.899495155898557,-0.899495155898557,1.01287899373445,-5.35970440519161,1.1226288725664,1.19881934409198,1.07606990139216,0.983650805656246,-1.0756801464291,-0.520758099581204,0,593.0000000001,0.0204803920654565,0.0173726818625342,0.604129741741736,0.0656401505693793,4844.97247053919,0.0312499339939208,1151,2,"SNETWORK (2 37 4844.97247053919 0.604129741741736 100000428 1151)",100
17,100000429,-0.874671270170277,49,-0.711340194022643,-0.147031598306002,-0.358045591966192,-0.357303355798844,-0.355675841278248,-0.0360832479094897,-0.0304752390248322,0.347236297030686,1.33135002377401,0.677209810299388,0.053114739251639,-0.0866981450318019,0.677209810299388,0.677209810299388,0.50867183618376,-0.00033889980900444,-0.00492117191285299,-0.464629440502382,0.0567937676425732,-0.596303901437372,0.141716566866268,0,-0.395577395577396,-0.874671270170277,9,0.970428150436325,-0.0921485642473968,-0.091588059048691,-0.668148241983615,-0.871953019249161,1.21327302922845,1.33044636758033,-0.703429661788919,7.41590827248475,282.0000000001,3.34356701581431,2.41031915794458,414.0000000001,1.59540690876031,4.93897392447462,0.235515035868532,-0.317131067921135,-0.311320401799101,1.40607386134791,0.705017360808083,-1.10901937131072,0.945578526900042,-1.16047321836705,1.22743960986753,-1.04863720311144,-2.88999281800939,-0.244234543914356,-0.275137540260669,-1.18831576421182,-0.236933395980632,-0.675181930528773,-0.587156310063936,-1.4058558810172,-1.37829262321507,-1.4081339961998,-0.420362392982976,-0.787828434258923,0.496846427367646,-0.384759732175142,-0.384759732175142,-0.0723397803001607,1.06316675953723e-11,0.355290159544485,0.210745294638574,-0.360236956839202,0.490211863744352,-0.855966622945652,1.16103294000347,0,414.0000000001,0.15943803659586,0.0760769991726719,0.165669268486562,0.423943103321897,1402.84716590888,0.125,468,2,"SNETWORK (2 17 1402.84716590888 0.165669268486562 100000429 468)",100
35,100000430,1.02609796637988,227,1.95876350285277,1.6240746339498,1.11742223327512,1.09970853501445,1.1005013034785,0.66526215822486,0.634667186058161,-0.127298479990413,-0.444583115688354,-0.15582127886395,1.12020665880504,-0.78494762873354,-0.15582127886395,-0.15582127886395,-0.776999985533892,-0.529709170528518,-0.640040143170541,-0.930375554253332,-0.525328244040274,-1.3305954825462,1.62674650698603,0.565034965034965,-1.23832923832924,1.02609796637988,12,-0.186479605638316,-0.514434514517633,-0.508475999503116,0.049393132502923,1.02562001601505,0.0424268865024668,-0.440793451888177,0.497247780492335,0.058578516814848,52.0000000001,0.019480440734917,0.128385081292523,1606.0000000001,1.31861242279324,1.33809286342815,0.0687451447056277,0.924509298054515,0.368588616748143,0.159330076694759,0.309315809646011,0.225856466708841,0.19816307497247,0.253672627647806,-0.388366612147593,0.547069221408152,0.268534738585908,-0.181083891280066,-0.00807620095862924,-1.11313818706249,-0.0179754606405217,0.596004386864676,1.11697181886013,2.19258446122347,2.15155944355969,2.28302402457116,-0.123849384892966,0.579881232886029,-1.47791461461759,-0.121312528342174,-0.121312528342174,-0.471889515833149,-0.681981353876781,0.30718533203625,0.390498334967692,0.598059128220442,0.206020270974586,-0.102601441412198,-0.00830124140610957,0,1606.0000000001,0.00100081671842853,0.0677443278871992,0.575492379762674,0.807037044493186,5581.19008321559,0.0156249669969604,1000,2,"SNETWORK (2 35 5581.19008321559 0.575492379762674 100000430 1000)",100
17,100000431,0.115257892697899,226,0.152577399052067,0.406018494492994,0,0,0,-0.475331754228138,-0.52493079188792,-0.149665208156009,0.725228347694752,0.050079886077509,-0.348491497749035,0.198937534698334,0.050079886077509,0.050079886077509,0.384711215356683,0.234476240625446,0.297893652167178,0.00159299519763557,0.267477679397831,-0.443531827515401,0.0161216029479497,0.044324905863371,-0.265923265923267,0.115257892697899,9,-0.71910821519728,0.249043788643984,0.248603268614026,1.20715355856058,0.117448046279961,0.0332635175998031,0.726282622562214,-0.0107627767332626,0.111887294418797,1846.0000000001,0.330224311353678,0.0793792314491742,4825.0000000001,0.61235149367322,0.942575804926898,0.0423274022490513,2.13042998870931,0.796289070842709,-0.0950372171484238,0.361031574691999,0.666464650285297,-0.002335808182981,0.656441047604619,0.530802900229054,0.911530792425677,1.81418808942656,0.61163137128792,0.638270292023697,0.159289302931701,1.31582678959792,0.121428129376515,-0.277526342387341,0.102215627178161,0.139017963839617,0.16719852156484,0.665216220374349,-0.779216658374356,1.41999665196238,0.786518841961203,0.786518841961203,-0.453275619105717,1.06316675953723e-11,-0.523404204348311,-0.443670665470929,-0.136127324134689,-0.526311304553241,-0.0262624839301347,-0.624652127751907,3.68486371580388e-14,4825.0000000001,0.0148290855231478,0.0274983166259035,0.789626417975284,0.918193181336392,2441.81451151769,0.125,645,2,"SNETWORK (2 17 2441.81451151769 0.789626417975284 100000431 645)",100
3,100000432,-0.211611063908564,127,-0.226804037760009,-0.273941878615531,-0.467885001197052,-0.45962963966976,-0.447550990366083,-0.381371822674489,-0.446621932969033,0.553302190705057,0.747177544632024,-0.0515257533805101,-1.24274014911598,-0.162714228078814,-0.0515257533805101,-0.0515257533805101,-4.37557234394132,0.154295861409914,0.223481234228223,1.10990665844581,-0.036499384756928,0.0739219712525668,-0.0898203592814364,1.0005994005994,0.837837837837838,-0.211611063908564,7,0.210875314367461,0.683493029220498,0.685925489846461,-0.200634118406512,-0.212507461059737,-0.176889627322137,0.747457223295378,-0.598336588711253,0.0891839518794667,1458.0000000001,0.207892714894869,0.0864728508487423,3076.0000000001,0.425266469943839,0.633159184738707,0.0263457684127533,-0.155899324471204,-1.15514870770577,-0.0480517311376259,-0.628329577153395,-0.913770343990816,-0.30611816533304,-0.83372337541327,0.378581304495164,-1.1908142802989,-2.39070786250298,0.594003620614589,0.536374899644393,0.161412569250569,0.964110975750431,-0.183656619125852,-0.461007527196321,-0.819458266673913,-0.769514680835134,-0.729924816845926,0.387639816995481,-0.863140277384924,0.913875820663202,0.428411281164348,0.428411281164348,0.100110154779244,-2.7970475816582,0.0332197207589294,-0.045083860947639,0.727720068033999,-0.125361446059597,-0.568605533278373,-0.71791936937722,0,3076.0000000001,0.00865042066951971,0.0176953476432336,0.624788982925937,1.83444412708162,2091.38029272635,0.0624998605480869,128,2,"SNETWORK (2 3 2091.38029272635 0.624788982925937 100000432 128)",100
3,100000433,-0.70210654386939,5,-0.494845044588713,-0.486027089260215,-0.640656641110964,-0.630828421199535,-0.621755757978306,-0.305902199148881,-0.394337164361528,0.673155003096684,1.21358512873118,0.00336107594654787,-1.14234668304007,0.372785230554685,0.00336107594654787,0.00336107594654787,-4.8816231977124,0.270867226663725,0.263490195307693,1.08535392060107,0.114958554028119,0.0221765913757709,0.149700598802395,1.22237762237762,0.834152334152334,-0.70210654386939,7,0.0478960689744677,0.505980375578623,0.506690861895387,-0.0614585581497549,-0.70710302763932,0.0153813569147704,1.21245248080006,0.229860502896564,7.16279687912513,1264.0000000001,14.4752057015071,0.295932700308386,4571.0000000001,2.16271460218355,16.6379203035907,0.71418678549839,-0.536674571959247,-0.586811664710164,-0.243415154447873,0.108811842116727,0.56111036153356,-0.0814010401769255,0.528521047993509,0.688034857520618,0.690099266926365,6.16836532560943,-0.284400722527305,-0.347826499849223,0.304667144142558,-0.251918104600356,-0.471792152073761,-0.752292666128179,-1.48074956831335,-1.423857898781,-1.44749212629168,-0.102223383630338,-0.463711361348373,0.0959591170593171,-0.100632258396121,-0.100632258396121,2.13289315817632,-17.2643160850277,0.667795665588009,0.633555947187217,-0.304600315419565,0.819040090018685,-1.35754971053648,-0.819489487676676,0,4571.0000000001,0.621351733828143,0.0928350515702467,0.12084843074979,2.50269154077681,1364.74804749174,0.0624998605480869,6,2,"SNETWORK (2 3 1364.74804749174 0.12084843074979 100000433 6)",100
16,100000434,0.858298915672892,331,0.288659805977357,0.708741764562854,0.0737102907633875,0.0682577010310203,0.067165878475577,-0.745280188819687,-0.852446548642221,-0.435256367543317,0.358035125064916,-0.456719935739921,-0.496524585175094,0.586899262993033,-0.456719935739921,-0.456719935739921,0.350663582013611,0.59482878893924,0.684228520334507,0.263193586708729,0.673890743951061,-0.443531827515401,0.0161216029479497,0.044324905863371,-0.265923265923267,0.858298915672892,9,-0.812696783098393,-0.238603112429543,-0.236701480170231,1.36393357740565,0.852832376888254,0.555311304410592,0.360148412206535,-1.79294523555144,0.0719155617500751,588.0000000001,0.0676077959406925,0.098028954295689,2075.0000000001,0.325213859329397,0.39282165517009,0.0192217174422586,-0.187359627170452,-0.165851152420856,0.749203967384491,0.528619173372952,-0.349052320923168,0.552642528498667,-0.375232620393849,0.609247880062234,-0.373769234519976,-0.558474439674722,-0.666170509558948,-0.83761245065167,0.118701658613265,-0.317140694766043,0.562105955755758,0.451834062908153,-4.52365144789511e-15,-4.51494518067087e-15,-4.84823954093274e-15,0.76596722703884,0.735070446809412,-1.47025870564172,0.92842388157314,0.92842388157314,4.59044092428756,1.06316675953723e-11,0.237047264582441,0.379553080263138,0.587062034576605,0.131858745525542,0.319464063998448,0.635324164576758,0,2075.0000000001,0.00330821360026867,0.0159135037419899,0.681788831258898,0.768125744840476,3036.31186170072,0.0625,399,2,"SNETWORK (2 16 3036.31186170072 0.681788831258898 100000434 399)",100
28,100000435,0.794196037795829,255,-0.268041164135857,-0.507523118116241,-0.715996162004961,-0.715344983900652,-0.711097017555422,0.682335395227157,0.772786603642646,2.21195379151174,-0.642354179123771,-1.9759164782436,-0.263709606069896,1.04809938198464,-1.9759164782436,-1.9759164782436,-0.560170795273787,-1.16018481907281,-1.15090725962418,0.104115779646477,-1.50955615707576,0.468172484599588,-2.26546906187625,-1.53286713286713,0.194922194922195,0.794196037795829,8,-0.697038440052441,-1.35238470177643,-1.32123483705081,0.958751928304092,0.799029121940777,1.6744753569023,-0.638520070029088,0.415652671678339,0.0771798715270229,4829.0000000001,0.595876175729384,0.0636829503811752,2923.0000000001,0.297609476662191,0.893485652291574,0.0532651882215533,-0.288639435781618,-0.308432043684786,1.74368609146644,1.76871935322324,0.018118651888944,1.56843436324786,0.0218224722077055,-0.293944344883586,-0.861812564224228,-0.192243243935327,-1.86679538329809,-1.90407548157409,-1.65185136742683,-0.475484555283896,0.121428129376515,-0.277526342387342,-0.897784372821835,-0.860982036160374,-0.83280147843515,1.21148474353101,-0.983600492162467,2.29998654072992,1.64255222491229,1.64255222491229,-12.0286502141722,1.06316675953723e-11,-0.680531531575605,-0.83090653959401,-0.124834031515591,-0.701131995588237,0.00650661936161253,0.603459565528343,0,4829.0000000001,0.0355231855309586,0.0177420025905947,0.636746621670992,0.139379397034645,2121.65744034674,0.125,796,2,"SNETWORK (2 28 2121.65744034674 0.636746621670992 100000435 796)",100
3,100000436,0.159415428842002,200,-0.226804037760009,-0.273941878615531,-0.467885001197052,-0.45962963966976,-0.447550990366083,-0.399110657475606,-0.47281585375684,0.532064112085417,0.517013348976054,-0.759873359602608,-1.2135724281574,-0.776393930850537,-0.759873359602608,-0.759873359602608,-4.81778810330288,0.223234115818417,0.317381374707425,1.22909974273585,0.0285927886830573,0.0739219712525668,-0.0898203592814364,1.0005994005994,0.837837837837838,0.159415428842002,7,-0.216948388617076,0.575271072979391,0.576564783348902,0.235957170772205,0.161309249517661,0.0727701944602507,0.518279341268154,0.601641517838025,0.151309400923447,5497.0000000001,1.32980108470812,0.137159320413157,3984.0000000001,0.873654440234374,2.2034555248425,0.0934414620382704,0.383159880279291,1.4298254392659,-0.219334656728321,-0.0313593625762789,0.284923174486778,-0.0468131651613762,0.265282330919851,0.402797105838863,0.439965803641536,0.765200061353471,0.854488545886989,0.622597044651606,0.137574600157522,1.60046872933835,0.0254287423897964,-0.170998160594699,-0.751834212897414,-0.690544926566652,-0.641104661755899,0.812934072668867,0.720173828697463,-2.60429751494128,0.996892971150043,0.996892971150043,0.291704165113229,-0.675843322998671,-0.708200702373462,-0.575385736280382,-1.03659086543343,-0.511174967290945,0.249081061435672,0.697162828175939,0,5497.0000000001,0.0563925870241479,0.0370488749141226,0.910448139839414,1.45214589807327,2503.27243687615,0.0624998605480869,201,2,"SNETWORK (2 3 2503.27243687615 0.910448139839414 100000436 201)",100
34,100000437,1.27120042704769,255,1.95876350285277,1.6240746339498,1.11742223327512,1.09970853501445,1.1005013034785,0.652472830320478,0.49763209215024,-0.307529259616304,-0.656278418260861,-0.641745198060587,0.597218486797,1.62474100402754,-0.641745198060587,-0.641745198060587,-0.878649022852135,-0.653022994180178,-0.737180680141003,-0.693468731198456,-0.724160846069961,-1.3305954825462,1.62674650698603,0.565034965034965,-1.23832923832924,1.27120042704769,12,-0.738166800096128,-0.3957995440256,-0.391833872062908,1.12172457102662,1.2685811286899,0.600884137231463,-0.652409775722948,0.28822866072725,0.0618263691184858,199.0000000001,0.0786835381552934,0.0374096524168864,825.0000000001,0.197376154166124,0.276059692221417,0.0138884013059818,-1.23764629853948,-1.51008248495785,0.957678877325371,0.382038394171059,-0.949332350384141,0.628797444533761,-1.04841021131824,-0.77439444664719,-0.778667404520014,-0.15906871502616,-0.599794531261937,-0.404010330128158,-0.0713865550655089,-0.258828064114071,0.596004386864676,1.11697181886013,2.16389850417941,2.12287531049833,2.25143720462727,-0.107334682114535,0.0423355352936278,0.50611338493542,-0.105538906481578,-0.105538906481578,0.524597009214846,1.06316675953723e-11,-1.3628408506062,-1.25571480445438,-0.944782612872802,-1.2503431146651,0.211415192310852,0.0180423757854937,0.0692503301789902,825.0000000001,0.00395852265291022,0.00992987855307158,0.119587676559085,1.79728612413909,5736.62813487298,0.00781248349848019,970,2,"SNETWORK (2 34 5736.62813487298 0.119587676559085 100000437 970)",100
36,100000438,0.839247327176096,192,1.53264647786662,1.1941726428676,1.45807027539656,1.42805593959054,1.43873085382348,0.446015921664268,0.396179214018688,-0.198574145626647,-0.0648248168947435,-0.35482529012427,0.921280473932211,-1.48408555445073,-0.35482529012427,-0.35482529012427,-0.631377826123389,-0.553264832029331,-0.670640212859303,-0.907456985839612,-0.559220432618557,0,0.0419161676646709,0.81118881118881,0.42997542997543,0.839247327176096,12,0.387006448572912,0.0128091772592262,0.0127484123590484,-0.326451236203218,0.837231862335832,0.610932867446855,-0.0625172471511099,0.222916424024862,0.307027226285728,1351.0000000001,2.65270710107868,0.067218298738499,481.0000000001,0.206771012481205,2.85947811345989,0.133856538186011,-0.198812500031167,-0.169529527217433,-0.466396392464631,-0.0579382903909035,0.642682212003267,0.525768443286151,0.659643154667236,0.274424101721443,0.56671884452101,0.595172777695398,-0.344752729750606,-0.22855849773805,0.0519461128873518,-0.246381133784807,0.596004386864676,1.11697181886013,2.19258446122348,2.1515594435597,2.28302402457116,-0.970318601255852,0.210095049153403,-0.573128391394649,-0.786503931054941,-0.786503931054941,0.848329832586494,-4.26111643616142,0.58320957208183,0.804095629954023,0.984734410917716,0.414920997359895,0.712823438112742,1.01179951056645,0,1351.0000000001,0.124177271172033,0.00967926691397771,0.682920500018998,0.969343789853156,5377.59282787966,0.0156249669969604,1040,2,"SNETWORK (2 36 5377.59282787966 0.682920500018998 100000438 1040)",100
28,100000439,-0.240784414452615,183,-0.790377993358492,-0.853832397374456,-0.715996162004961,-0.715344983900652,-0.711097017555422,0.772521366129581,0.782169889946503,2.04320226189129,-0.437041953384792,0.361335542265024,0.104950371478612,2.69434545419347,0.361335542265024,0.361335542265024,-0.0225222500637988,-0.879012536879563,-0.947571908644675,0.67484652394404,-1.25955852695015,0.468172484599588,-2.26546906187625,-1.53286713286713,0.194922194922195,-0.240784414452615,8,-0.660379076298874,-0.204159806638066,-0.20262368960021,0.966352249031749,-0.230540304157296,1.49160796033264,-0.433873480177274,0.577475894246996,0.110532703737947,3682.0000000001,0.650682824032398,0.0427014914403187,2755.0000000001,0.188087273925266,0.838770097857664,0.0407944406354097,-0.319549027243514,-0.312473760207602,1.34781578853662,2.01233436111957,1.02042244769616,1.13437085934765,1.08814741404177,0.0651552538102616,1.11749385762266,0.618894833924232,-0.67644368173715,-0.556456847346874,0.0546814273920813,-0.253763761538873,-0.471792152073761,-0.752292666128179,-0.897784372821835,-0.860982036160378,-0.83280147843515,0.463872725021874,0.527498246626551,0.00151539418564197,0.522181648034792,0.522181648034792,3.13382498477512,1.06316675953723e-11,-0.0851477754942485,-0.0625269286609916,0.47570130541349,-0.194120259618275,1.11186523217878,0.156283507303151,0,3682.0000000001,0.0316466238356434,0.00914781669976626,0.123980095618026,0.182182887072084,1714.58116049351,0.125,724,2,"SNETWORK (2 28 1714.58116049351 0.123980095618026 100000439 724)",100
41,100000440,-0.435176512746476,113,-0.886598059773572,-0.0928456434617663,0.315622755524543,0.310024668600395,0.31737100022456,0.93544795688187,0.970618970668937,0.264952127472102,-0.259274321873679,0.665430565321847,0.466688997892364,0.449974519676644,0.665430565321847,0.665430565321847,0.51405131057435,-0.667092562978828,-0.7934333143246,-0.123078390275414,-0.846316533530655,-0.720739219712526,0,-0.434965034965035,-0.700859950859951,-0.435176512746476,10,-0.428504513609347,-0.151448316939096,-0.150411774950391,0.497301044706711,-0.433825602075877,-0.184083547166825,-0.2562417722607,-0.323751766455069,0.167104589869144,1372.0000000001,1.46621625287875,0.0687787581010417,292.0000000001,0.128437759267115,1.59465401204586,0.0768400590046958,0.683967473241425,0.0229479670655611,-0.250319923751422,-0.11497190195625,0.211731223762162,-0.116212476568382,0.223330742636001,-0.261618276701292,0.723741506211804,0.525167769766745,0.153171115003797,0.109966730542849,-1.02821740769983,-0.0919592942613011,-0.658232714974315,-1.30374704394875e-15,0.102215627178161,0.139017963839617,0.167198521564845,-1.3708156414756,-0.293455881965516,-0.0688003733645209,-1.02051469069155,-1.02051469069155,0.307132087927974,1.06316675953723e-11,0.401370580259869,0.208531560183397,0.15253711338727,0.41680505117996,0.916521202470299,1.13845020108919,0,1372.0000000001,0.0706511521537289,0.0061889067509669,0.328291679927561,0.333867361989446,2318.17489040559,0.0625,1319,2,"SNETWORK (2 41 2318.17489040559 0.328291679927561 100000440 1319)",100
41,100000441,-0.189284075151382,155,-0.886598059773572,-0.0928456434617663,0.315622755524543,0.310024668600395,0.31737100022456,0.974842459161629,0.983161884759783,0.0640642517076975,-0.305584133926688,0.814413377959666,0.564770946908309,0.404271141067284,0.814413377959666,0.814413377959666,0.502086474305279,-0.792265673233417,-0.91847717880811,-0.284868118291514,-0.974506025952684,-0.720739219712526,0,-0.434965034965035,-0.700859950859951,-0.189284075151382,10,0.352482061779605,1.16503655274127,1.17581537080354,-0.274129910977873,-0.190599890142745,-0.727443508290464,-0.302786084056017,0.613206414962901,0.147431204503917,2011.0000000001,1.89608159829826,0.0870690571638472,151.0000000001,0.084080701866564,1.98016230006482,0.0757390262603096,-0.62299363226462,0.22078350839747,-0.790323211436208,-0.581326281620376,0.338110486032369,-1.04102124436901,0.284430036734977,-0.877352135343365,0.402298745902534,0.271403907308866,-0.578237224513819,-0.710202437429548,-1.36665584923852,-0.333965433321423,-0.658232714974315,-1.30374704394875e-15,0.102215627178156,0.139017963839617,0.167198521564845,-0.0570193743749057,-0.753869611129109,0.876133581510329,-0.0567243119612593,-0.0567243119612593,-0.477827200118818,1.06316675953723e-11,-0.309712468905619,-0.301889653314653,0.786864602602046,-0.515243638519951,0.334294392737862,1.3708514084459,0,2011.0000000001,0.0725230319608502,0.00321599419945937,0.470420596888608,1.08730977016666,2559.7789444305,0.0625,1361,2,"SNETWORK (2 41 2559.7789444305 0.470420596888608 100000441 1361)",100
35,100000442,0.982834381934058,220,1.95876350285277,1.6240746339498,1.45807027539656,1.42805593959054,1.43873085382348,0.638685461541819,0.557404500686228,-0.145081798511193,-0.288498593591373,0.0561019642393829,1.14918001391136,-0.108824611751752,0.0561019642393829,0.0561019642393829,-0.592841008199744,-0.549127506542222,-0.671859247402787,-0.934088382772977,-0.549129050436493,-1.3305954825462,1.62674650698603,0.565034965034965,-1.23832923832924,0.982834381934058,12,-0.205880576807554,-0.573838906680233,-0.566740076033454,0.100756873432196,0.977784854708617,-0.565234465726314,-0.285259208659239,0.215467413807948,0.0420443356822219,104.0000000001,0.0279639100545994,0.0814360564332836,1278.0000000001,0.665586722642216,0.693550632596815,0.0360078654385817,0.162997541208664,0.392083969938423,-1.02648632088704,-0.463972875034515,0.872663304281572,-0.467999881076955,0.99293266870733,-0.493521797353236,0.788161755114042,0.567399574501169,-0.255215820519765,-0.238775789314253,-0.000571225764989918,-0.08527441486204,0.596004386864676,1.11697181886013,2.19258446122347,2.15155944355969,2.28302402457116,0.317535784102975,0.00335638501433682,1.31659866450933,0.34507836725775,0.34507836725775,0.162605225728139,-0.626195625797081,0.352351053591579,0.538969841607617,0.66116523538095,0.240242698923187,-0.45590373344168,-0.572560514348025,0,1278.0000000001,0.00145183445419187,0.0345560308843899,0.40845781019791,1.07555391610367,5539.71887046852,0.0156249669969604,993,2,"SNETWORK (2 35 5539.71887046852 0.40845781019791 100000442 993)",100
17,100000443,0.281864809345046,250,0.152577399052067,0.406018494492994,0,0,0,-0.513020071188259,-0.591614448907119,-0.179272848063575,0.688855997514501,-0.0908286064007947,-0.378645566369504,0.155488349913469,-0.0908286064007947,-0.0908286064007947,0.374002323370312,0.238785151612878,0.30550089333595,0.0178628267058311,0.269931189478221,-0.443531827515401,0.0161216029479497,0.044324905863371,-0.265923265923267,0.281864809345046,9,-0.529769171057833,1.48719967637865,1.50644209378671,0.823686534464284,0.286001123224857,0.829504128415205,0.689663622120385,-0.521554293166579,0.380219134718076,3349.0000000001,2.0358496008969,0.0905811325578092,3359.0000000001,0.486456851398756,2.52230645219566,0.0912028521298623,-0.368556043161737,-0.387287256115627,0.483746117394334,1.21791948358453,1.14378603931437,0.286638319817602,0.908226193812436,0.659303702098249,1.07534509836715,2.08954680413514,-0.263859560035935,-0.123185950707902,0.259889959294543,0.195214796766724,0.121428129376515,-0.277526342387342,0.0240009566442961,0.0326424071837615,0.0392594026750322,0.948475532505762,0.00849311094105058,0.0114940507817587,1.20312437901716,1.20312437901716,-0.125773584965805,-0.289098543359747,-0.164647024584228,0.0964891209759371,0.315550565806232,-0.242501784247354,1.37190377766353,0.331561033189042,0,3359.0000000001,0.0736132953798163,0.0175895566500461,0.872824423804951,0.654618383385241,2580.34968392115,0.125,669,2,"SNETWORK (2 17 2580.34968392115 0.872824423804951 100000443 669)",100
13,100000444,0.636121635732318,281,0,-0.0695595240108285,-0.467885001197052,-0.45962963966976,-0.447550990366083,-0.847305665495579,-1.00377764337201,-0.422940390686148,-0.1824506207323,-1.11840177084611,-1.74854668325553,-0.307488125862568,-1.11840177084611,-1.11840177084611,-2.90714881318437,0.40819791599043,0.631364390532139,1.54016663139443,0.204833190376808,0.184804928131415,-0.778443113772456,0.103496503496504,0.51023751023751,0.636121635732318,7,-0.485482295909927,-0.133959863193547,-0.133073151480156,0.60801525641061,0.635522899099811,0.304060291921543,-0.179990891996266,0.121348996606242,0.0943242934272808,2967.0000000001,0.447441375042244,0.0549764280208215,1097.0000000001,0.0964224540781344,0.543863829020378,0.0261259718216712,-0.0848071096383023,-0.352271271677076,-0.0856601134770601,1.05175012396856,1.77010841635954,0.329056747083626,1.86481840903001,0.0569069578108905,1.84066868301711,1.53217304157332,0.839379775665106,0.346294836184877,0.0265985141493325,0.751140171454777,0.223123099423871,0.103212322371745,0.000480866141918987,0.0349290148369533,0.115671933158067,0.755239877809962,-1.85738401120519,-0.492350877289397,0.912995009054405,0.912995009054405,-0.614719811199798,-1.19337114210052,-0.605351734960217,-0.484928598321468,-0.00908850074973741,-0.646753862651765,-0.175340148594738,-0.620055099592769,0,2967.0000000001,0.0214940580476774,0.00463191367399372,0.0705372784071088,1.02086428345153,2970.77509132761,0.0156249651370217,281,2,"SNETWORK (2 13 2970.77509132761 0.0705372784071088 100000444 281)",100
43,100000445,0.12815599253983,120,0.12371145778112,0.869954874556633,0.965149594579297,0.947078472655203,0.966783102940535,0.0181504382522671,0.0198325988171636,-0.470554445170805,-0.351886386675063,-0.322285850635426,0.794660233903534,-0.873543277726829,-0.322285850635426,-0.322285850635426,0.25091329428202,0.454004321995421,0.263995287975171,-0.420089345921045,0.621435246749014,-1.14579055441478,2.23053892215569,2.01958041958041,-0.227886977886978,0.12815599253983,11,0.97477887763085,-0.519805539241073,-0.513747849754582,-0.684431629677537,0.124940032323665,-0.690715438431859,-0.348986583789864,0.678646875641836,0.038042056163811,3.0000000001,0.112474404136219,0.0376470319684975,6.0000000001,0.222612966446469,0.335087370482688,0.0172316292209325,0.183574569507899,0.202655320436808,-0.884194273190537,-0.656196313278925,0.363041615574842,-0.656946363141166,0.408660281419738,-0.69700935745769,0.386483863829932,0.234207034346415,-0.0710165446135583,0.0325699745425055,0.08451127882483,-0.19752186793987,-0.353148128111646,0.538992472803682,2.19258446122347,2.15155944355969,2.28302402457116,-1.36824184452814,-0.318813207790956,0.191748832196764,-1.0191463073475,-1.0191463073475,0.241222458631056,1.06316675953723e-11,0.413283682642494,0.248085151678756,1.08164428188895,0.205399799598027,0.0584628387776924,-0.0173316877482662,0,6.0000000001,0.00578391603878297,0.0114477130821495,0.472693311574233,1.22421154841901,3487.07696597021,0.0312500660060792,1589,2,"SNETWORK (2 43 3487.07696597021 0.472693311574233 100000445 1589)",100
17,100000446,0.299627556910981,252,0.152577399052067,0.406018494492994,0,0,0,-0.517279527161061,-0.597719909474331,-0.169325558899125,0.680442491456096,-0.123385431244368,-0.381181399052251,0.160615776594447,-0.123385431244368,-0.123385431244368,0.374912328843954,0.245049427494944,0.312738559150639,0.0216434075903398,0.277137490471689,-0.443531827515401,0.0161216029479497,0.044324905863371,-0.265923265923267,0.299627556910981,9,-0.554950583521751,1.98923760827201,2.02602559790145,1.16346462499562,0.303034172789916,0.889764787038163,0.685521289958728,-0.348479655319986,0.321753816429175,3497.0000000001,1.79893683171501,0.423751035672793,2110.0000000001,1.42951857353748,3.22845540515249,0.106970303356402,-0.453112418765839,-0.320042434069141,0.598173386665101,0.489636298213102,-0.174893633662281,0.196280637330858,-0.125746312629208,0.612433529003856,0.0191079723022912,0.0753337339680633,0.111909453460055,0.320750232977346,0.154812789357342,0.898185010227078,0.121428129376515,-0.277526342387342,0.0735459051286045,0.100025820532309,0.12030221742139,0.945197402957383,-0.851381123109269,1.40717673739866,1.19798092951669,1.19798092951669,1.20567916292738,1.06316675953723e-11,-0.417882537418692,-0.281586998459514,0.056796227310201,-0.457346186553917,0.225447441213506,-0.645284070034694,0,3497.0000000001,0.0596052273529361,0.047365075903466,0.879652422088621,1.67428732477129,2591.71916219129,0.125,671,2,"SNETWORK (2 17 2591.71916219129 0.879652422088621 100000446 671)",100
12,100000447,0.460878031268401,258,0,-0.0695595240108285,-0.467885001197052,-0.45962963966976,-0.447550990366083,-0.696639740826516,-0.814933815199748,-0.0643420665636948,0.026576247304163,-1.23594290343951,-1.73232702643791,-0.0757251113098098,-1.23594290343951,-1.23594290343951,-5.4807799136657,0.508533830796213,0.657745846966807,1.73435209250893,0.295780058729511,0.184804928131415,-0.778443113772456,0.103496503496504,0.51023751023751,0.460878031268401,7,-0.29852346179106,1.39293231477281,1.40946629359063,0.535281838558658,0.461056911646904,0.289308905843468,0.0304492326808444,0.653740475144251,0.357204621120598,3267.0000000001,1.86578345421578,0.0718452146938977,2933.0000000001,0.336903050857447,2.20268650497323,0.0809655481136789,0.171285658523769,0.0517570912335181,-0.107415531134257,-0.240492716791269,-0.199298644752437,-0.0664404229860887,-0.159771903644545,0.0632950658940061,0.050355204874424,0.0716659992905566,-1.85956932742721,-1.99098304721969,-1.71280525149081,-0.472254655641492,0.223123099423871,0.103212322371746,-0.751834212897414,-0.690544926566656,-0.641104661755904,0.587153271215788,-1.79263818352463,-0.512764786859647,0.681071287463037,0.681071287463037,-12.6339560188449,1.06316675953723e-11,0.818358551934604,0.808631928364851,0.411913419541501,0.810847796254675,-0.097405819470588,1.27302663962792,0,3267.0000000001,0.0685817884220584,0.0123837595916206,0.758027738899776,0.538825738384931,2845.17073778958,0.0312499302740435,258,2,"SNETWORK (2 12 2845.17073778958 0.758027738899776 100000447 258)",100
3,100000448,-0.448772330987068,75,-0.494845044588713,-0.486027089260215,-0.467885001197052,-0.45962963966976,-0.447550990366083,-0.353335550341304,-0.422906472934749,0.586124879454224,0.892056153538548,0.00740427593351728,-1.19152775412094,0.104504498697595,0.00740427593351728,0.00740427593351728,-4.82352927239073,0.234167209808676,0.286563171471865,1.25552194767337,0.0375393005907584,0.501026694045174,-0.58882235528942,1.04055944055944,1.3033033033033,-0.448772330987068,7,1.28042861798438,0.0337675482558866,0.0336163563798891,-0.741847679233013,-0.444612920260852,0.963940663551466,0.891850749374579,-1.02215117154964,0.0867388334418127,2688.0000000001,0.37276735777612,0.118684235870717,2761.0000000001,0.523907334848139,0.89667469252426,0.0418201169828059,0.201220554134914,0.0920753752643645,0.961856630028981,1.04210554256314,0.112872715522239,0.758415043439044,0.115194981009432,0.975892160365299,0.0866285347364592,0.196436100959436,-0.402858443989568,0.232207725572351,0.278848030170105,0.163416603597343,-0.266060222622268,-0.544312036917652,-0.897784372821839,-0.860982036160383,-0.832801478435155,0.356294444519069,0.583629207065564,-0.0812920374985209,0.390813382553428,0.390813382553428,0.367167014767633,-25.3501342117392,0.980983159755482,0.917351445509002,0.413323275625931,0.988620596947794,-0.23425856964166,-0.656553023893481,0,2761.0000000001,0.0173855408207886,0.0244345760620173,0.41292510197594,0.332244610556685,1785.89361015232,0.0624998605480869,76,2,"SNETWORK (2 3 1785.89361015232 0.41292510197594 100000448 76)",100
29,100000449,-0.458794765067847,155,-0.790377993358492,-0.853832397374456,-0.715996162004961,-0.715344983900652,-0.711097017555422,0.562589791551912,0.544353486946314,1.77139001153864,-0.249172067159886,1.14466519211324,-0.166429256622362,3.4768541969353,1.14466519211324,1.14466519211324,0.105311048252517,-0.794121016951805,-0.872395662947753,0.944454067952647,-1.20189162375354,-0.720739219712526,0,-0.434965034965035,-0.700859950859951,-0.458794765067847,8,0.306022337180497,-1.13493774209023,-1.11224750677221,-0.426885841323586,-0.45351752313819,1.43938784902802,-0.246459715932824,-0.976841766085026,1.71995621000521,7833.0000000001,21.5397313366985,2.03679387029231,65.0000000001,0.211667997797214,21.7513993343957,1.24747082710765,-0.0721927474079805,-0.341701774778026,0.775769195001858,1.70419242826026,1.43318490894308,1.37575205886602,1.80144649475901,0.459631351260805,-0.77565299906048,-0.482556451439163,-0.285995891407951,-0.278011966311578,0.0101279059538615,-0.0384915130729344,-0.471792152073762,-0.752292666128181,-0.897784372821835,-0.860982036160383,-0.83280147843515,0.966977607253358,1.44831576084909,-1.55163071504643,1.232302661921,1.232302661921,2.62521080875245,1.06316675953723e-11,-0.437140344281235,-0.422605431088278,-1.00003200623593,-0.223129680926801,0.604003142646765,0.33218593755029,3.44446173796566e-13,7833.0000000001,1.23533139413346,0.0121394328741906,0.93942941267548,1.1978677738623,1559.96332034864,0.25,950,2,"SNETWORK (2 29 1559.96332034864 0.93942941267548 100000449 950)",100
37,100000450,0.449765809113956,108,1.29896932353205,1.22104076566898,1.45807027539656,1.42805593959054,1.43873085382348,0.163133324455597,0.0842545694846801,-0.489694673941649,0.577874822450832,-0.443895212855147,0.652020500246557,-1.01016616187712,-0.443895212855147,-0.443895212855147,-0.558319234819125,-0.619689806139657,-0.669781099227743,-0.518400503005022,-0.714187483983606,1.28439425051335,-2.76197604790419,-0.927972027972028,1.1480343980344,0.449765809113956,12,0.0133991740743898,1.13758000876117,1.14774226038083,0.0532279392616972,0.448352644305009,0.351152824505739,0.578441928182486,-0.0513423967491499,0.0650014964201777,334.0000000001,0.138843925267772,0.13459932366066,1147.0000000001,0.98733232778647,1.12617625295424,0.0432820490775924,0.847891082746233,0.292366827142649,-0.0966237302149623,-0.117280173162023,-0.0266489540067606,0.0434000597525399,-0.0217452116312525,0.481416821229226,0.459499004119505,0.844174683106169,0.845781221971328,0.561403984429832,-0.73802239801177,0.929763750284867,0.528207847926239,1.07109749798066,2.19258446122347,2.15155944355969,2.28302402457116,0.570432454698062,1.19289642484657,-0.891594196966255,0.658980552156728,0.658980552156728,-0.0533151027637097,-0.301451251520965,-0.744329165024217,-0.667989486621682,-0.662441212357961,-0.641131151522753,-0.157339812411769,-1.06777845881189,0,1147.0000000001,0.00533615369185953,0.0379458952857329,0.633002554243309,0.0793523447355255,4874.28174995347,0.0312499339939208,1156,2,"SNETWORK (2 37 4874.28174995347 0.633002554243309 100000450 1156)",100
13,100000451,0.903449533019635,320,0,-0.0695595240108285,-0.110963835372034,-0.110383201657025,-0.109843962764069,-0.955726454572729,-1.15382154681157,-0.454448989148479,-0.347347780172397,-1.54194118551441,-1.63156926098325,-0.0887157262363495,-1.54194118551441,-1.54194118551441,-2.89789957778394,0.605738477544908,0.844559147165979,1.76316190660181,0.413053833077643,1.07186858316222,-1.64670658682635,0.299300699300701,1.38452088452089,0.903449533019635,7,-0.269181967434895,-1.49509244533272,-1.45763202918031,0.0606743812064793,0.897912853939394,-0.223043697603539,-0.3442531361541,-0.655649569500023,0.116090971607312,788.0000000001,0.146258022692262,0.0468354961903525,38.0000000001,0.00284546842625036,0.149103491018512,0.00911795636839703,0.174838524597646,0.849753017836929,-0.0754895811122882,-0.419533096688063,-0.51438682195738,0.177343975491136,-0.692076767049659,-0.233871585605118,-1.0176286024697,-0.618508598814744,1.23407186048342,0.983357524098062,-0.585161760069744,1.82980285795475,0.223123099423871,0.103212322371743,0.000249232758283398,0.0181036965450472,0.0599527237297708,-0.0273997979635637,-1.2663200245499,-0.823548262992736,-0.0274469911757967,-0.0274469911757967,-0.172012231145044,-0.979396335402056,-0.671327488808785,-0.51266210083139,-0.0195471550339509,-0.716486878639197,-0.873734339728926,-1.27786506281623,0,788.0000000001,0.00894395057877814,0.00017400568961889,0.340351626949886,0.46357647706548,3191.42521977485,0.0156249651370217,320,2,"SNETWORK (2 13 3191.42521977485 0.340351626949886 100000451 320)",100
41,100000452,0.511089529638772,253,0.680412427894334,0.334368660703197,0.315622755524543,0.310024668600395,0.31737100022456,0.953444823772795,0.831337912919325,-0.628654401216116,-0.657398707207721,0.300784271858185,0.552633395580801,1.98957358479088,0.300784271858185,0.300784271858185,0.270374542090633,-0.495425136849221,-0.622745216302949,-0.0418917488393413,-0.64475609275834,-0.720739219712526,0,-0.434965034965035,-0.700859950859951,0.511089529638772,10,-0.169699904231878,-1.03770640203921,-1.01835461614692,-0.00293314564240744,0.511400752830537,0.606179294401055,-0.627014429550948,-0.12136965354978,0.0601905577473357,1553.0000000001,0.597799244830646,0.0700850556009243,216.0000000001,0.0968132306029813,0.694612475333628,0.0391543009143418,1.54221008971521,0.570957924638762,0.562321382062572,1.00271418120676,0.645369608294094,0.809767003333433,0.796530720164991,-0.587154348186442,1.0374589980653,0.365451609698337,-0.466197059534864,-0.503822723777197,-1.27016545689302,-0.24707325513675,0.562105955755759,0.451834062908154,0.102215627178161,0.139017963839617,0.167198521564845,0.199066203809606,-0.762833478079568,0.797089376085794,0.210310775372159,0.210310775372159,0.554332246619091,1.06316675953723e-11,0.136148454435468,0.194464793627919,0.883518953814418,-0.0502678307681933,0.241747291477305,0.830448392401226,0,1553.0000000001,0.0336970790035084,0.00545722181083342,0.791780732099183,0.540114068426192,3106.05702160848,0.0625,1459,2,"SNETWORK (2 41 3106.05702160848 0.791780732099183 100000452 1459)",100
35,100000453,0.969337891659941,218,1.95876350285277,1.6240746339498,1.45807027539656,1.42805593959054,1.43873085382348,0.655290278456528,0.582988760359627,-0.112445647387619,-0.274572842593356,0.0359539461542581,1.15011227303983,-0.215535712872871,0.0359539461542581,0.0359539461542581,-0.58738216749626,-0.520701376295861,-0.636686732613347,-0.869318341987727,-0.525149434426349,-1.3305954825462,1.62674650698603,0.565034965034965,-1.23832923832924,0.969337891659941,12,-0.187377550157886,-0.0141092355236767,-0.0140374845204955,0.152142771881195,0.967178552688714,-0.110705449813803,-0.271669584545346,0.467326779663421,0.0633740405248238,25.0000000001,0.0101323100642571,0.114049574739465,1521.0000000001,1.10937901333516,1.11951132329942,0.0526550318509994,0.607619455369088,-0.206546350444006,-0.461539295852981,-0.417495065500061,0.0765105195544966,-0.0749424849277301,0.0786077800994548,-0.260038305098206,0.103356957045805,0.0784430167573397,1.30252073221131,1.08972041371156,0.10749811031576,1.69427086703674,0.596004386864676,1.11697181886013,1.75113853270921,1.71014158417124,1.79693798681311,-0.364247026169894,0.635778440022847,-0.952332268544154,-0.337661098552374,-0.337661098552374,-0.117859177249448,-0.682544406259948,-0.329236491685432,-0.245850456880483,0.118862234439369,-0.375251080903677,0.37494961481166,-0.0127355697174412,0.000330226931956485,1521.0000000001,0.000476562489206631,0.0521784692617928,0.358727191241344,2.7921010965365,5527.37179115335,0.0156249669969604,991,2,"SNETWORK (2 35 5527.37179115335 0.358727191241344 100000453 991)",100
36,100000454,0.731084016950199,173,1.29896932353205,1.22104076566898,1.45807027539656,1.42805593959054,1.43873085382348,0.411716125511318,0.356175528143271,-0.184689840168728,-0.0176502203915266,-0.332247005679152,0.818546354063465,-1.80056950764192,-0.332247005679152,-0.332247005679152,-0.692728378709205,-0.541719179422553,-0.644735116124648,-0.86653651524579,-0.552155209140529,0,0.0419161676646709,0.81118881118881,0.42997542997543,0.731084016950199,12,0.0358729131166929,0.0760092965985116,0.075709647477412,-0.0975975333898926,0.725348012014043,-0.418578668671401,-0.0149746740194194,-0.122189312341078,0.102808913083164,40.0000000001,0.0262995200031235,0.449360495240368,935.0000000001,2.68697460702577,2.7132741269289,0.125607331395238,0.0880976883831765,-0.897531944529192,-0.029179881033327,-0.372968101749419,-0.534435670184104,-0.428913741852895,-0.542962188287064,-0.173972608170503,-1.04488424996303,-1.07672126817658,-0.0246251852135302,-0.02850637505136,0.165179359701397,0.117314569154458,0.546248208904555,1.08330451131106,2.19258446122347,2.15155944355969,2.28302402457116,0.109865233053015,0.144489200808993,-1.5618039289254,0.113648765821064,0.113648765821064,-1.21472593999034,-0.191412947070276,0.190769000555235,0.305914879151417,0.289913653018055,0.152958229570135,-0.51894098179142,0.0827943591898987,0.00493337642093103,935.0000000001,0.00121750046437002,0.124389830830868,0.110414195460206,1.26407953411243,5267.96918858243,0.0156249669969604,1021,2,"SNETWORK (2 36 5267.96918858243 0.110414195460206 100000454 1021)",100
41,100000455,-0.0718929545765156,177,-0.886598059773572,-0.0928456434617663,0.315622755524543,0.310024668600395,0.31737100022456,0.913224912805475,0.878959908284711,-0.229284854346592,-0.382900701730249,0.854011604597126,0.52258199493765,0.81513151698221,0.854011604597126,0.854011604597126,0.481679379716434,-0.646879319810526,-0.771163742746567,-0.169702924956784,-0.812299360179937,-0.720739219712526,0,-0.434965034965035,-0.700859950859951,-0.0718929545765156,10,-0.587171941710079,-0.752931491537189,-0.741811820749496,0.698513166887113,-0.0675358025682406,0.98963119839481,-0.37988593884066,-0.304721339013629,0.131128890826429,1170.0000000001,0.981159895897956,0.0473559340634246,90.0000000001,0.0272566486924172,1.00841654449037,0.0540420039291889,0.56073555853549,1.60318191056182,1.13360725733031,0.464688767935061,-0.997164052418514,0.994845483352743,-1.17337893081703,0.0975579958377149,-2.01123633912318,-1.0747931063637,1.20573584087232,0.673801376889306,-0.0296895171917069,1.04315911194641,-0.353148128111646,0.538992472803681,0.102215627178161,0.139017963839622,0.16719852156485,-0.301423032599766,-0.516866307752149,0.650957614630708,-0.283445818773233,-0.283445818773233,0.127855172030696,-0.190974326103341,-0.749814892767084,-0.705241808275128,0.397907762013849,-0.903298055050884,0.249700958698776,-0.332577712657395,0,1170.0000000001,0.0525812940502823,0.00146070977890664,0.540279320156008,0.169286368121788,2678.53134972065,0.0625,1383,2,"SNETWORK (2 41 2678.53134972065 0.540279320156008 100000455 1383)",100
43,100000456,0.251700601769562,145,0.12371145778112,0.869954874556633,0.965149594579297,0.947078472655203,0.966783102940535,0.148564538762055,0.0773414366624693,-0.381995749151175,-0.49909779699185,-0.160797652372227,0.769789340203138,-0.201030211451438,-0.160797652372227,-0.160797652372227,0.0831188290678507,0.610285727760415,0.460681088149065,-0.358371240227261,0.807164684846239,0.147843942505134,-0.958083832335329,-0.581818181818182,-0.163390663390663,0.251700601769562,11,-0.576882249412113,-0.328276281055685,-0.325277155947522,0.755466319713424,0.247609004737184,0.0654569697937259,-0.495732508184386,-1.20822266366741,0.0370121279489629,1e-10,1e-10,0.114819702925376,14.0000000001,1.58421061473598,1.58421061473598,0.0787559046276271,-0.290244984733667,-0.312122942557581,0.395714555390846,-0.28589466075369,-1.06425843861086,0.171963042570353,-1.16124589090334,-0.515357105829215,-1.073898154433,-0.44525113017869,-0.330728934247454,-0.258493466529915,0.0892972918442402,-0.238542718798973,-0.353148128111646,0.538992472803681,2.19258446122347,2.15155944355969,2.28302402457116,-0.829659079309516,-0.0393760915234397,-0.0662386848751091,-0.693360703698207,-0.693360703698207,0.885859805712135,-1.01171293507462,0.630836032609454,0.442064792146778,0.814486209181233,0.50821195085673,0.205979975365682,0.242074474679685,0.0266021562184477,14.0000000001,0,0.0787559045276271,0.567348359187486,1.16373800536183,3625.14733636153,0.0312500660060792,1614,2,"SNETWORK (2 43 3625.14733636153 0.567348359187486 100000456 1614)",100
17,100000457,-0.449268970819449,142,0.152577399052067,0.406018494492994,-0.358045591966192,-0.357303355798844,-0.355675841278248,-0.169040173032392,-0.159157765459242,0.163999088060569,1.08655857364993,0.644999848798277,-0.0529393331428547,-0.0941457034414536,0.644999848798277,0.644999848798277,0.473870093146759,-0.0270486341408442,-0.00120320360124467,-0.358576428871626,0.00370488727694929,-0.33264887063655,-0.333618477331052,-0.204195804195803,-0.181818181818182,-0.449268970819449,9,0.561537709062092,1.20194806292544,1.21358200518939,-0.418301592101533,-0.449614588979118,-0.08682264737687,1.08573813282908,-0.0922332528967226,1.33298208595349,2790.0000000001,5.94600254512847,0.134434009956948,3315.0000000001,0.712507204746057,6.65850974977453,0.253044494269125,0.357622201231685,0.381181394845215,0.179093142451353,0.514615321757995,0.509288554233077,-0.338804723052445,0.425338991323761,0.502356897520229,0.154327586124372,0.381951810014841,0.924504473609457,0.481025433037686,-0.779085478436756,1.30844416184386,0.121428129376515,-0.277526342387342,-1.4058558810172,-1.37829262321507,-1.40813399619979,0.782394704516433,1.38759224343653,-0.743172869888162,0.952201488637941,0.952201488637941,0.0286978433823025,1.06316675953723e-11,-0.291031349251157,-0.347923272408758,-1.20017654335062,-0.0147539552036342,0.946914190793027,0.265216466386636,0,3315.0000000001,0.225966960010625,0.0270775341585002,0.494082180459503,0.274032034940911,1949.69608285098,0.125,561,2,"SNETWORK (2 17 1949.69608285098 0.494082180459503 100000457 561)",100
16,100000458,0.758173902831579,309,0.288659805977357,0.708741764562854,0.0737102907633875,0.0682577010310203,0.067165878475577,-0.722265458660485,-0.81292464037052,-0.384419708071783,0.39599039363567,-0.28683799612739,-0.492467489922648,0.505429083159418,-0.28683799612739,-0.28683799612739,0.365436996288307,0.573327869137586,0.666457670586972,0.270628858221935,0.645422133284045,-0.443531827515401,0.0161216029479497,0.044324905863371,-0.265923265923267,0.758173902831579,9,-0.697234334457696,0.237293578330349,0.236839042498231,1.14766169173208,0.755489517968106,-0.453520844193104,0.396955906103116,0.69293536849687,0.184829712014063,720.0000000001,0.212765328277776,0.10972157312412,2575.0000000001,0.451716373963471,0.664481702141247,0.0299009685926393,0.0779810179416317,0.212436055543609,-0.301448730438053,0.702142442367105,1.54223411166862,-0.506258043473091,1.5222614761356,0.0817750579589497,1.1107834807191,1.74323981475221,-0.734692296289474,-0.727326871582399,0.123360174200263,-0.347796606354574,0.562105955755759,0.451834062908155,-9.04730289579023e-15,-4.51494518067087e-15,-4.84823954093274e-15,-0.237192035580927,0.574762288575474,-0.993290861016644,-0.226346440308878,-0.226346440308878,-2.70674296976016,1.06316675953723e-11,0.38151073527008,0.58856013030141,1.12158337890285,0.160951886269622,0.53497555903072,0.403363133546601,0,2575.0000000001,0.00957421303645593,0.0203267554561833,0.328311174761299,0.248537544735654,2909.70547400695,0.0625,377,2,"SNETWORK (2 16 2909.70547400695 0.328311174761299 100000458 377)",100
41,100000459,0.409477019933645,240,0.680412427894334,0.334368660703197,0.315622755524543,0.310024668600395,0.31737100022456,1.05121555778024,0.912552311339387,-0.517471391657536,-0.54537737182632,0.636733919316339,0.960327392170619,0.569368697676829,0.636733919316339,0.636733919316339,0.366192508175461,-0.779339360280553,-0.8969961506647,-0.416582460349163,-0.934098049195625,-0.720739219712526,0,-0.434965034965035,-0.700859950859951,0.409477019933645,10,-0.199966658294483,-0.806221097380527,-0.793734130486277,0.0628167136293662,0.407939587910392,-0.343959134535467,-0.540343631107753,0.719592990477167,0.170642941086804,1140.0000000001,1.2440811739057,0.120868830488597,613.0000000001,0.47383848768606,1.71791966149176,0.0929386976658314,-0.461173721965566,-0.00811245970547393,-0.422965439454679,0.044380554794999,0.734920506724953,-0.134741472616539,0.870959778004769,-0.781324366429361,0.365729358970007,0.135011370089546,0.368040595577093,0.873080376938486,0.0052029542588574,1.4495018695717,0.562105955755759,0.451834062908154,0.102215627178161,0.139017963839613,0.167198521564845,-0.262810539469748,0.00802183296441545,-0.0540670112605573,-0.24932612428013,-0.24932612428013,-0.0730976501447134,-0.123636475823202,-0.504187666245285,-0.465830926433088,0.0742325764638584,-0.556083278418108,0.264928050917795,-0.293240524594136,0.00633092139618399,1140.0000000001,0.0673042439400228,0.0256344536258085,0.748148686868387,0.0598721736459993,3031.8871817296,0.0625,1446,2,"SNETWORK (2 41 3031.8871817296 0.748148686868387 100000459 1446)",100
17,100000460,-0.869908373046078,51,-0.711340194022643,-0.147031598306002,-0.358045591966192,-0.357303355798844,-0.355675841278248,-0.0330834296314734,-0.0283236588859357,0.345571609389435,1.33039906325097,0.678203144023948,0.0539056590051487,-0.08738116565245,0.678203144023948,0.678203144023948,0.508755805744956,-0.00184778026623289,-0.00640784745642646,-0.464465517637089,0.0548621614522557,-0.596303901437372,0.141716566866268,0,-0.395577395577396,-0.869908373046078,9,0.891010715983922,-0.0555898806022447,-0.0552777528160864,-0.64128561666732,-0.865257963956218,1.91705952922697,1.32898818221436,-0.844293432973992,0.717640969475532,1174.0000000001,1.34701333675618,0.446612864738332,947.0000000001,0.676204073053741,2.02321740970992,0.0958577033723196,-0.295024320645554,-0.301496345570532,1.52877468779978,1.42008564721283,-0.187232980821975,1.30880654363339,-0.19496655874588,1.38947861362245,-0.156000699186001,-0.385389331525926,1.0364056647729,0.716086692286985,-0.656817756725438,1.18329399120499,-0.34184854331554,-0.538992006174441,-1.4058558810172,-1.37829262321507,-1.40813399619979,-0.0974692129346871,0.680608271563346,-0.0806517556131314,-0.096057909507876,-0.096057909507876,-0.522410002413723,-0.0945598503329398,-0.521226682378462,-0.589658426703259,-0.848827360809418,-0.351752629497201,0.663752794975281,0.782043846698782,0,1174.0000000001,0.063819935571798,0.0320377677005215,0.172339359145172,0.255344109609723,1413.95370806842,0.125,470,2,"SNETWORK (2 17 1413.95370806842 0.172339359145172 100000460 470)",100
3,100000461,-0.237906326058134,121,-0.226804037760009,-0.273941878615531,-0.467885001197052,-0.45962963966976,-0.447550990366083,-0.379196239204114,-0.441471066572974,0.548985549427124,0.753557597743699,-0.0428376257028888,-1.24446699473307,-0.146579387928625,-0.0428376257028888,-0.0428376257028888,-4.38101467128066,0.160166227746333,0.228650661287024,1.1183924729912,-0.0306532049674798,0.0739219712525668,-0.0898203592814364,1.0005994005994,0.837837837837838,-0.237906326058134,7,0.301570376466234,2.27966178070273,2.3289099032614,-0.119688949748518,-0.231804233863408,1.22825509428285,0.753733301364843,0.535011328133275,1.73297968376408,2044.0000000001,5.66329777319925,0.184284965774333,5495.0000000001,1.61902157894952,7.28231935204876,0.229423567571098,-0.306787633674774,0.354960979048383,0.859293948889614,0.377853726338042,-0.748631147289108,0.316233363440916,-0.515794346850629,0.704042259622054,-0.124984965817873,-0.240494864163014,0.700150214601276,0.707315234821095,0.162002279457054,1.4126281198214,-0.183656619125852,-0.461007527196321,-0.821149641903404,-0.771489828416355,-0.732146337175012,0.415762557577688,-0.777148042614348,1.14790656203114,0.462615534720217,0.462615534720217,-0.241020815638271,-4.41222686274758,0.00154119093261557,-0.0300848012424155,0.540067771087786,-0.114724593445357,-0.212273939738442,-1.02551427733763,0,5495.0000000001,0.178417605155953,0.0510059623151443,0.602406599159026,1.90031005268867,2059.10711744799,0.0624998605480869,122,2,"SNETWORK (2 3 2059.10711744799 0.602406599159026 100000461 122)",100
43,100000462,-0.256265041422926,55,0.12371145778112,0.869954874556633,0.532114998802948,0.540517197237357,0.552449009633917,-0.361611949757022,-0.340124889908378,-0.819232855552208,-0.094283427056112,-0.47237020517866,0.560816261691929,-1.15052641302902,-0.47237020517866,-0.47237020517866,0.39755500746698,0.679731334999358,0.471551546522077,0.05847319833148,0.818405155147245,0,0.0419161676646709,0.81118881118881,0.429975429975429,-0.256265041422926,11,0.849802012113612,-0.124228151892593,-0.123421391615363,-0.629846076187726,-0.259362199679434,-0.88980340594003,-0.0919976234745225,0.615219457749777,0.161432191829546,1e-10,1e-10,0.045905327151878,5.0000000001,0.226204663941298,0.226204663941298,0.010847729391738,-0.780367757233616,-0.728731816530363,-0.875293708783607,-0.594334390239264,0.461318488815352,-1.05037817005164,0.484842412324071,-0.635464360437083,0.412931543574533,0.392775141888987,0.297757129043855,0.425533556351682,-0.970731823128267,0.389751539688658,-0.353148128111646,0.538992472803682,0.617711417170795,0.663067111702546,0.703766365600346,-0.20474416687734,-1.29097970113001,-0.408868207160647,-0.196843254216765,-0.196843254216765,0.430664633388596,1.06316675953723e-11,-0.902692943953434,-0.880555818925675,-0.402885522778147,-0.877281121653792,-0.778032293821501,-1.05415324874826,0,5.0000000001,0,0.010847729291738,0.217443074697063,0.0937374737113714,3114.7513939405,0.0312500660060792,1526,2,"SNETWORK (2 43 3114.7513939405 0.217443074697063 100000462 1526)",100
35,100000463,1.06142460711667,231,1.95876350285277,1.6240746339498,1.11742223327512,1.09970853501445,1.1005013034785,0.670551475031137,0.638364443970597,-0.133336050124479,-0.446423050436436,-0.157660052510388,1.12141347681862,-0.764792709146844,-0.157660052510388,-0.157660052510388,-0.7700353817353,-0.542558882948493,-0.655333517385793,-0.950560728807626,-0.537832841983035,-1.3305954825462,1.62674650698603,0.565034965034965,-1.23832923832924,1.06142460711667,12,-0.043937038738807,-0.435055612881654,-0.430472258764471,-0.0719722337808146,1.05688982645139,0.120778316842861,-0.443280057543282,0.314512984825602,0.0260685652252667,3.0000000001,0.000500144538452113,0.0969006973218102,1540.0000000001,0.954343422656287,0.954843567094739,0.0483719716460131,0.649415990189917,0.618806514388322,0.331128564514702,-0.0861307849954382,-0.62701684992075,0.249806213687997,-0.697563800181106,-0.367434145971179,-0.927522038829076,-0.432268432455337,0.966970691882043,0.689119727781063,0.0503705186324616,0.909945446207259,0.596004386864676,1.11697181886013,1.75323031652384,1.71223323498081,1.79924129700496,-0.290169443795411,0.604179125410679,-1.24796651236572,-0.273565126880231,-0.273565126880231,-0.284894086316467,-0.83899878759811,0.0679025224167251,0.10049777511177,0.358953677660365,0.00171128024662842,0.643922308309413,0.517083498866865,2.65088134334458e-05,1540.0000000001,2.5337105869443e-05,0.0483466344401437,0.675672294319686,2.31337465520483,5606.06267432293,0.0156249669969604,1004,2,"SNETWORK (2 35 5606.06267432293 0.675672294319686 100000463 1004)",100
13,100000464,0.654179944564352,283,0,-0.0695595240108285,-0.467885001197052,-0.45962963966976,-0.447550990366083,-0.846615426659436,-1.00232427632636,-0.422024921871586,-0.18688339697008,-1.15577945567718,-1.72424936418295,-0.290705619863068,-1.15577945567718,-1.15577945567718,-2.91840151222647,0.412665408204723,0.636386784161471,1.54368686426692,0.209820980628636,0.184804928131415,-0.778443113772456,0.103496503496504,0.51023751023751,0.654179944564352,7,-0.53024665895553,-0.470755099112166,-0.465574236020493,0.920781972639885,0.653250207784165,0.685644121474721,-0.184407670628045,-0.456541727616924,0.0630138734951336,3199.0000000001,0.322288976047264,0.0774660762811608,911.0000000001,0.112830099293421,0.435119075240685,0.0221824726938095,0.222277796149858,-0.0830495133689138,0.274512784654954,-0.08478386891715,-0.551892147089521,0.710474069487229,-0.618000814168998,0.234062836400149,-0.540124329365849,-0.435847525862181,0.374110454547146,0.0269011235838593,0.0255942868315693,0.308621412433988,0.223123099423871,0.103212322371743,0.000480866141918987,0.0349290148369443,0.115671933158063,0.754877460824269,1.15106125986731,0.229583771132509,0.912475103096749,0.912475103096749,0.0827347557828908,-3.67842554283409,-0.390191812843468,-0.269175940896982,-0.189302805540944,-0.367565725710656,0.721035027707215,0.70587347133617,0,3199.0000000001,0.0164303676503394,0.0057521049434701,0.0852003802681192,2.20101818908006,2982.76635616041,0.0156249651370217,283,2,"SNETWORK (2 13 2982.76635616041 0.0852003802681192 100000464 283)",100
29,100000465,-0.972514162415967,50,-0.790377993358492,-0.853832397374456,-0.959757100198023,-0.960709455694412,-0.961711264614227,0.434431200389076,0.361063185526549,1.59554955369162,0.118439940946712,0.885448655497312,-0.20876060941616,2.93037117707133,0.885448655497312,0.885448655497312,-0.0849395306512164,-0.354675986020932,-0.455214414001457,0.489503356651976,-0.564591383965011,0.388090349075976,-1.93862275449102,-1.29510489510489,0.10534398034398,-0.972514162415967,8,0.719130698685528,-0.402747659526755,-0.398675655667881,-0.580793761376249,-0.971448680098491,-0.112834201841978,0.120147989981196,-0.440091454253371,0.962047605458031,4022.0000000001,6.18633444112896,0.0750099693757674,762.0000000001,0.0913836972545669,6.27771813828353,0.316216229971676,-0.290747494249254,-0.137643692765443,0.0968970057420858,-0.283486583680172,-0.588745025729723,0.0185426740090617,-0.651273688642692,0.180291980208687,-0.664835895860896,-0.802299247111561,-1.35211171182932,-1.49196973609733,-1.52447642315439,-0.449206451921481,-0.471792152073761,-0.752292666128177,-1.4058558810172,-1.37829262321507,-1.40813399619979,-0.119659028592859,-0.394353899372412,0.993493683895662,-0.117321725333637,-0.117321725333637,-3.95470117778264,1.06316675953723e-11,0.943265112108225,0.843787844995115,-0.248965233169002,1.10730548397374,-1.58854931671266,-0.815673870253805,0,4022.0000000001,0.311613122890783,0.00460310698089315,0.303779439559851,0.685736992187332,970.261393131758,0.25,845,2,"SNETWORK (2 29 970.261393131758 0.303779439559851 100000465 845)",100
41,100000466,-0.638600188089682,65,-0.886598059773572,-0.0928456434617663,0.315622755524543,0.310024668600395,0.31737100022456,0.986163668587852,1.1629330982947,0.853170236271544,-0.114178004993677,0.448968435083436,0.481305104876636,0.391970893321392,0.448968435083436,0.448968435083436,0.558809333022978,-0.404148389441497,-0.543858567499729,0.0978645606190847,-0.555267825520858,-0.720739219712526,0,-0.434965034965035,-0.700859950859951,-0.638600188089682,10,-0.0391433851022715,1.56403775660742,1.58562740835577,0.174544987138506,-0.637968020700854,-0.478679219763706,-0.111717054736991,-0.00272751663988629,0.0635921146015854,118.0000000001,0.0479889020253282,0.0718343214036753,614.0000000001,0.28206935373042,0.330058255655749,0.0117757011603568,2.355180950371,-0.229994919528151,-0.874223733520437,-0.271434619905649,0.903252972785631,-0.813037414787493,0.707971598104926,-0.497368933062447,0.911060759080451,0.832758931087507,0.482231530355702,0.235162282432257,0.146057509785768,-0.0368709362488711,-0.658232714974315,-1.30374704394875e-15,0.102215627178161,0.139017963839617,0.167198521564845,-1.38581647710545,0.247235204561424,-0.318131388064468,-1.02845736674293,-1.02845736674293,0.135110571395627,-0.0594137019095713,0.201360159349696,-0.0113025687137394,-0.331738306454776,0.314736833678339,0.182923496632642,0.520685839099042,0.00380081464562278,614.0000000001,0.00171213097619973,0.010063570084157,0.170049278370372,2.32342252507806,2049.17962503441,0.0625,1271,2,"SNETWORK (2 41 2049.17962503441 0.170049278370372 100000466 1271)",100
13,100000467,0.675615404256577,287,0,-0.0695595240108285,-0.467885001197052,-0.45962963966976,-0.447550990366083,-0.855223727064647,-1.00928191095207,-0.444582124996811,-0.190189836817291,-1.18540099195665,-1.74541383622803,-0.298061304279112,-1.18540099195665,-1.18540099195665,-2.90151780643232,0.412513688039352,0.636182101998143,1.55166086232704,0.208170320376318,0.184804928131415,-0.778443113772456,0.103496503496504,0.51023751023751,0.675615404256577,7,-0.679285671949169,-0.0879136638676097,-0.0873836877260308,1.03549153693354,0.672148915357343,0.669825083672132,-0.1876814249502,-0.622442805405682,0.105077106841361,2410.0000000001,0.404874274873034,0.0831910184895971,1857.0000000001,0.246992279957215,0.65186655473025,0.0310610772029842,-0.519334003280888,-0.378897139802175,0.641013486078399,0.45532646809062,-0.296889316081246,0.594867432656917,-0.310728786070907,0.176022246790126,-0.401442078916502,-0.300968281816847,0.9037899975832,0.523567359204829,0.0259193210723416,0.663786579035475,0.223123099423871,0.103212322371745,0.000480866141918987,0.0349290148369488,0.115671933158067,0.016047288039017,0.656726033142296,0.291476102547314,0.0162377546916695,0.0162377546916695,-0.0128042535491147,-2.06163782622847,-0.407844064462881,-0.217864970647891,0.421458205496949,-0.534446339754897,0.503491090886511,0.738371423696943,0,2410.0000000001,0.0192920329727198,0.0117690441302644,0.112636815027993,1.23964048494204,3005.20346110533,0.0156249651370217,287,2,"SNETWORK (2 13 3005.20346110533 0.112636815027993 100000467 287)",100
37,100000468,0.319672425072539,79,1.29896932353205,1.22104076566898,1.45807027539656,1.42805593959054,1.43873085382348,0.111624655730622,0.0447613355465339,-0.508477036863209,0.641247496925253,-0.382427567405487,0.625559026879713,-1.11666258217185,-0.382427567405487,-0.382427567405487,-0.536563756179279,-0.573554981174508,-0.621701505466549,-0.500424938649372,-0.659314383939579,0.665297741273101,-1.69993346640053,-0.507226107226108,0.644007644007643,0.319672425072539,12,-0.423086999552772,0.0393253326797653,0.0391520296289013,0.52065986672297,0.317555446496054,-0.222094890952031,0.641581203734282,-0.3799096313272,0.0486678491787745,50.0000000001,0.0155621365474868,0.0909931366464878,1332.0000000001,0.77512174797084,0.790683884418327,0.0368407372632806,-0.688939508803329,-0.821663260174965,0.00582016042857315,0.0163063915092995,0.0195606382816545,-0.201672772076752,0.0197150703936815,0.38470388065973,-0.00935504845244947,-0.00962527638425771,0.389456520304951,-0.0490347556488376,0.255097758960201,0.169640068761975,0.528207847926239,1.07109749798066,2.19258446122347,2.15155944355969,2.28302402457116,0.779825465078172,0.0680628819749928,-3.06673422904402,0.948470647672523,0.948470647672523,-1.19675700300585,-1.62879919928003,-0.393194375210703,-0.298343632643755,-0.878234311820626,-0.204422143533837,-0.632912515143253,-0.692790325903025,0.006566170574083,1332.0000000001,0.000725094554134297,0.0361156426091463,0.458394123517827,2.09340243693441,4697.03378410518,0.0312499339939208,1127,2,"SNETWORK (2 37 4697.03378410518 0.458394123517827 100000468 1127)",100
37,100000469,0.617166952568669,144,1.29896932353205,1.22104076566898,1.45807027539656,1.42805593959054,1.43873085382348,0.235666437463812,0.161899288949791,-0.437334148621162,0.486088233715557,-0.508982557469788,0.695206417079785,-1.00565831360308,-0.508982557469788,-0.508982557469788,-0.585903642074024,-0.716176745990291,-0.777379971253093,-0.67095631001461,-0.80789989407793,1.28439425051335,-2.76197604790419,-0.927972027972028,1.1480343980344,0.617166952568669,12,1.41310994797106,1.71744520873926,1.74409094448038,-0.726864564832264,0.611787698813657,-0.691340179625593,0.498277923797374,0.318156062299232,7.79072026374906,353.0000000001,17.5877133196329,0.12878263468915,1171.0000000001,0.964431224105172,18.552144543638,0.644450867948268,-1.9287645018014,-1.13310055835566,-0.602908479124995,-0.451809758553454,0.259669800672653,-1.09337141360126,0.199042861329734,-0.234538603335748,-0.0506360229499452,-0.0684796331230533,-2.35338664977271,-1.7880288640887,0.238258366347735,-0.484240171736127,0.528207847926239,1.07109749798066,2.19258446122347,2.15155944355969,2.28302402457116,-1.63828207758651,0.0500590837845784,-0.353604075541624,-1.15410945971537,-1.15410945971537,-1.81717261958421,1.06316675953723e-11,0.870053926467361,0.646241553461799,-0.748482545000539,1.14779502534669,-0.965074683719462,-0.0709388997668885,0,1171.0000000001,0.610949159308239,0.033501708540029,0.85560914709066,1.23311885556309,5100.25346049845,0.0312499339939208,1192,2,"SNETWORK (2 37 5100.25346049845 0.85560914709066 100000469 1192)",100
41,100000470,-0.830017292655915,17,-0.886598059773572,-0.0928456434617663,-0.0369605603324269,-0.0422694509956289,-0.0386919408759992,0.925222676367377,1.10287661799446,0.904828320016868,-0.0700467845363841,0.323615099650853,0.411262664911664,0.349659954522288,0.323615099650853,0.323615099650853,0.555759901679564,-0.27751915717414,-0.431672789477299,0.0349270724443112,-0.384104005550783,-0.720739219712526,0,-0.434965034965035,-0.700859950859951,-0.830017292655915,10,0.443219989791479,-0.44838699281562,-0.443584505111386,-0.461722218538296,-0.830339475594974,-0.771488538274852,-0.0677045870259201,0.164161130342132,0.0419117821047594,436.0000000001,0.116863302614871,0.0480725977809555,980.0000000001,0.301286176322611,0.418149478837482,0.0212332431973672,-0.102800280163926,0.348394527058504,-0.696390286805305,-0.309586860152267,0.60467410519999,-0.794741849240863,0.672754631030056,-0.441960976919778,0.22766724331312,0.220871770251552,-0.326825757190419,-0.563794931559015,0.0508930259766303,-0.288330440116029,-0.658232714974315,0,-1.4058558810172,-1.37829262321507,-1.40813399619979,0.353323117914227,-1.53791718742478,0.0685463523713946,0.387277846895132,0.387277846895132,-0.225710192177412,1.06316675953723e-11,-0.768486228353885,-0.620993923097518,-0.208267713768579,-0.777307750080044,-0.175340148594542,-0.310210461093824,3.81456855414658e-13,980.0000000001,0.00593421022298403,0.0152990328743831,0.0131923070202407,0.586169167699853,1782.53944377806,0.0625,1223,2,"SNETWORK (2 41 1782.53944377806 0.0131923070202407 100000470 1223)",100
29,100000471,-0.657554871253331,118,-0.790377993358492,-0.853832397374456,-0.715996162004961,-0.715344983900652,-0.711097017555422,0.635948877738782,0.593506358944122,1.84324398595261,-0.0838682171304426,0.971996238965786,-0.129835670921205,3.02962495177157,0.971996238965786,0.971996238965786,0.0654856035184119,-0.687508171927534,-0.80954010934476,0.39342195346918,-0.966606940319228,1.05602816075095,-3.18648417450813,-1.88851148851148,0.604422604422604,-0.657554871253331,8,0.0203032052045857,-0.194460537730421,-0.193021767404888,-0.111689383736918,-0.658575803823616,-0.460872687761495,-0.0815777052957613,-0.475294959242087,3.42445744469009,5245.0000000001,28.7165347347838,0.033549056902705,299.0000000001,0.0160378545913755,28.7325725892752,1.39504951317709,0.201359607076292,0.478438682411393,0.399838594131124,-0.892387536111242,-1.96329008313018,-0.418883593384072,-2.09154504729821,-0.231017762594608,-1.96520473804021,-1.86252514652589,-0.36093867631297,-0.597787366479441,0.152325348444137,-0.323133452813361,-0.471792152073762,-0.75229266612818,-0.897784372821835,-0.860982036160378,-0.83280147843515,-0.430869861212802,-0.546933628305135,0.673429866129629,-0.393442409001544,-0.393442409001544,3.26805117881556,1.06316675953723e-11,1.03903783709409,0.884987592443415,-1.23261371849579,1.44982981338331,-0.923509708186582,-0.553484267119084,0,5245.0000000001,1.3942708288493,0.000778684227789048,0.722061831774581,1.06535737478493,1358.30818498625,0.25,913,2,"SNETWORK (2 29 1358.30818498625 0.722061831774581 100000471 913)",100
3,100000472,0.153559725624444,198,-0.226804037760009,-0.273941878615531,-0.467885001197052,-0.45962963966976,-0.447550990366083,-0.399110657475606,-0.47281585375684,0.532064112085417,0.518392166141421,-0.754252878116309,-1.21315036414993,-0.777174079881413,-0.754252878116309,-0.754252878116309,-4.82547567134311,0.223993875629408,0.318128066297947,1.22752351050761,0.0298388237158428,0.0739219712525668,-0.0898203592814364,1.0005994005994,0.837837837837838,0.153559725624444,7,-0.218173204933664,0.18261092485488,0.182136176278173,0.247337371104338,0.150412946955367,-0.376416137747186,0.519051410458823,-0.463940622925043,0.100516637041408,4422.0000000001,0.710643392459215,0.10417290832467,1440.0000000001,0.239834864001076,0.950478256360291,0.0431836588439282,0.962498526095013,0.197867220731357,-0.0327019331546368,-0.102390110280563,-0.101172550150968,-0.404026057589347,-0.100967902947518,0.209643039302251,-0.0374829461865547,-0.0544717555398784,-0.385086543865826,-0.71967128062355,0.24191867274694,-0.321985544229649,0.0197333209688588,-0.17889795238422,-0.751834212897409,-0.690544926566656,-0.641104661755904,0.0579725120415842,-0.805370035773757,0.868676419411482,0.0592413869648961,0.0592413869648961,4.1335179429933,-32.5143862150647,0.902357633734519,0.847101854299319,0.71701103188659,0.829141452643115,0.0558650278071266,0.852093076027929,0,4422.0000000001,0.0322870949883821,0.0108965637555461,0.902562269617502,0.865051544120825,2491.90179492199,0.0624998605480869,199,2,"SNETWORK (2 3 2491.90179492199 0.902562269617502 100000472 199)",100
16,100000473,0.865741245258619,333,0.288659805977357,0.708741764562854,0.0737102907633875,0.0682577010310203,0.067165878475577,-0.742783338552691,-0.847375065649189,-0.425470236375668,0.351062422469882,-0.488541386878685,-0.484350413986307,0.592330018065908,-0.488541386878685,-0.488541386878685,0.347698827012914,0.603229350390755,0.69271202562082,0.274408146881662,0.682427429352736,-0.443531827515401,0.0161216029479497,0.044324905863371,-0.265923265923267,0.865741245258619,9,-0.881255327530376,-0.277843939202094,-0.275488057071597,1.57057399032851,0.86385383497588,0.810935332849965,0.352151765882082,-0.546290692110348,0.061775941697788,76.0000000001,0.00750636271878174,0.0894174933199038,2221.0000000001,0.317517468747172,0.325023831365954,0.0160147126294495,-0.091944010108082,-0.198617789424019,1.21268660688521,0.75743165114422,-0.718150684845631,0.744157240609852,-0.776816342455279,0.694298864430516,-0.69145873435632,-1.00294389171974,0.777520742472354,0.994466320386621,0.221807154766965,2.9557042334756,0.562105955755759,0.451834062908154,-9.04730289579023e-15,-9.02989036134174e-15,-4.84823954093274e-15,0.660068068426765,-0.556311185021032,-0.376845270096255,0.779445637300942,0.779445637300942,0.114615650530859,-0.107653623529758,-0.720234643109988,-0.607707749825214,-0.548562275594478,-0.642252435037818,-0.499815485142408,-1.3556618834207,0,2221.0000000001,0.000369856693318069,0.0156448558361315,0.70984094944026,1.02162391112529,3046.3593916784,0.0625,401,2,"SNETWORK (2 16 3046.3593916784 0.70984094944026 100000473 401)",100
41,100000474,0.305582389632894,227,0.680412427894334,0.334368660703197,0.315622755524543,0.310024668600395,0.31737100022456,1.06178417172315,0.940643610337073,-0.398569854044832,-0.516062388453011,0.661067152974399,0.908348176232992,0.305235645317022,0.661067152974399,0.661067152974399,0.402036284276187,-0.717805439723952,-0.838568000525521,-0.379464156494118,-0.863317443276613,-0.720739219712526,0,-0.434965034965035,-0.700859950859951,0.305582389632894,10,-0.35882706414608,-0.0968818530034253,-0.0962866800586434,0.39190048898061,0.307164839327485,1.07870707479605,-0.512718030379113,0.4360210362603,0.138443607721449,847.0000000001,0.749914683926768,0.0891183227873788,576.0000000001,0.328280455125432,1.0781951389522,0.0514566516538833,-0.181329747500556,0.105800036578565,-0.115296907518988,1.15017538247169,1.95482927203819,0.866168647215126,2.04609074656339,-0.222407821047643,1.8707850797057,0.881752189933878,0.517818160582239,0.681193332047568,-0.0842770822407881,1.07496855912151,0.562105955755759,0.451834062908154,0.102215627178161,0.139017963839617,0.16719852156485,-0.0310648778837697,0.454756813906179,-0.937143375651954,-0.0310917234537503,-0.0310917234537503,0.0179961788496589,1.06316675953723e-11,-0.663431339551971,-0.661065746608162,-0.942289002171144,-0.484922743022771,0.270408717782302,-0.399857271941014,7.58657543263759e-05,847.0000000001,0.0357895312177847,0.0156671203360985,0.705100450095442,0.650322797326038,2958.70975418459,0.0625,1433,2,"SNETWORK (2 41 2958.70975418459 0.705100450095442 100000474 1433)",100
17,100000475,-0.366410065711689,156,0.152577399052067,0.406018494492994,-0.241215637293384,-0.241906399880321,-0.243823950879704,-0.240765784878326,-0.237418989384331,0.096895625716638,1.00800681546906,0.497450689689306,-0.16321411993607,0.00409544530746398,0.497450689689306,0.497450689689306,0.456653295101928,0.0124096318769594,0.0476209800547631,-0.241427324529423,0.0320065841768422,-0.443531827515401,0.0161216029479497,0.044324905863371,-0.265923265923267,-0.366410065711689,9,-0.456422773052297,-0.376780812692348,-0.373099624267811,0.512582096012301,-0.360643871221225,0.81040225407956,1.00748922194426,0.130707137546786,0.411147014822348,2484.0000000001,1.63284630336635,0.106118906211944,672.0000000001,0.114014112915301,1.74686041618165,0.0875887684598697,-0.166249535926007,-0.0874962765427525,1.0803675377941,1.02222217590859,-0.101589601979321,0.771114005568575,-0.112449464423056,1.02923215005777,0.0648170084993636,0.162921398775606,0.472891097296325,0.252903063102814,0.184360712727776,0.441835078173137,0.121428129376515,-0.277526342387344,-0.675172162164508,-0.643133613208446,-0.644863779447816,0.153133629757431,-1.14611884273726,0.391427141635402,0.160033290027157,0.160033290027157,-0.302744670937735,1.06316675953723e-11,-0.63724512387306,-0.601607929709929,-0.28591467277413,-0.614809224873117,0.571861006419932,0.140218436731623,0,2484.0000000001,0.0818720232638101,0.00571674509605962,0.543660097577858,2.69923933308198,2032.24956747965,0.125,575,2,"SNETWORK (2 17 2032.24956747965 0.543660097577858 100000475 575)",100
29,100000476,-0.695956032146352,110,-0.790377993358492,-0.853832397374456,-0.715996162004961,-0.715344983900652,-0.711097017555422,0.607901146268527,0.569264622668726,1.84800003612345,-0.0691185019272447,0.958651022553747,-0.111588949793802,2.83256244949343,0.958651022553747,0.958651022553747,0.0597848630788657,-0.677942307493699,-0.801858327351086,0.253456967197142,-0.92892543919883,1.05602816075095,-3.18648417450813,-1.88851148851148,0.604422604422604,-0.695956032146352,8,0.392521895589941,-0.0407477887260327,-0.0405267208414912,-0.401973211899172,-0.695491626366927,-0.471586904410833,-0.0668133899718466,0.581792304433887,9.79182383961643,5418.0000000001,84.8198222458666,0.104410781516782,86.0000000001,0.0143561691247023,84.8341784148913,4.00885042553965,-0.740390119787996,-0.402422600601264,-0.829632019467409,-0.202695702069296,1.00230096987807,-0.466546980809077,1.03862186289562,-0.243796164900039,0.927876032376025,0.899809314622885,-0.538391069831455,-0.41081107931054,0.15532481729906,-0.260212306817958,-0.471792152073761,-0.75229266612818,-0.89778437282183,-0.860982036160378,-0.832801478435155,-0.572625149944612,0.152502450012695,0.110133379372494,-0.506506983601356,-0.506506983601356,1.15839138992013,-1.08302495085258,1.08109653902708,1.17618750747479,-0.606306153736748,1.34459083111867,-0.959744804798966,-0.507428275116746,0,5418.0000000001,4.00817202275599,0.000678402683656176,0.673992805192039,0.510844508426072,1313.7138346141,0.25,905,2,"SNETWORK (2 29 1313.7138346141 0.673992805192039 100000476 905)",100
17,100000477,0.161002253672293,232,0.152577399052067,0.406018494492994,0,0,0,-0.475781299844311,-0.525053514637135,-0.150093244954169,0.714899313841918,0.0231815610386688,-0.336850000839093,0.162260598130169,0.0231815610386688,0.0231815610386688,0.381521711476367,0.234496459141585,0.298750985337942,-0.00101039431751696,0.267979125898299,-0.443531827515401,0.0161216029479497,0.044324905863371,-0.265923265923267,0.161002253672293,9,-0.107025505029647,0.0192879116211674,0.019198003282569,0.0547443471285215,0.16035998721754,-0.358021472051969,0.71592603818425,-0.0131390525972879,0.154571909676134,973.0000000001,0.240458418958853,0.855303054364814,2717.0000000001,3.71540563890502,3.95586405776387,0.184968926955186,0.201739062904101,0.843226822787183,-0.430528434355899,-0.455160781087436,-0.0282725255328765,-0.345824035990842,-0.0292966049069751,0.341841810768195,-0.0460460606062294,-0.0889283509829759,0.313962149033748,0.100882611594111,0.158272849059997,0.611005292196191,0.121428129376515,-0.277526342387341,0.0511078135890781,0.0695089819198063,0.083599260782425,1.09722196900411,1.68522447755948,-0.982380484151422,1.44499622468102,1.44499622468102,0.0896955094831779,1.06316675953723e-11,-0.472037920302556,-0.511151166036388,-0.701938453380929,-0.333364423306707,1.32099897058895,0.47879500716542,0,2717.0000000001,0.0112433933626836,0.173725533492502,0.811780403502657,1.26656466483837,2478.70369141873,0.125,651,2,"SNETWORK (2 17 2478.70369141873 0.811780403502657 100000477 651)",100
43,100000478,-0.383179533612862,31,0.12371145778112,0.869954874556633,0.532114998802948,0.540517197237357,0.552449009633917,-0.3210542264757,-0.262569715565815,-0.69048742844691,-0.00644128347921531,-0.369554292772339,0.549271388523075,-1.25409636783845,-0.369554292772339,-0.369554292772339,0.38877019942243,0.632232928379373,0.433176058196665,0.0416519006235521,0.761604164595065,0,0.0419161676646709,0.81118881118881,0.429975429975429,-0.383179533612862,11,0.442036108620634,-0.0199777166124276,-0.0198746261429407,-0.43164560370276,-0.384624783453808,-0.732944632936676,-0.00443562797725412,0.616611228412608,1.35460803774207,7.0000000001,9.34501822910341,0.165521955838465,3.0000000001,0.489378999367694,9.83439722837111,0.463028776910054,0.382359796978483,-0.254664806316894,-0.644171821212958,-0.818847284488724,-0.256276919006115,-0.822341765362225,-0.265022740351599,-0.400847001080068,-0.233373575002088,-0.243734286874861,0.788713867725499,0.50289072932694,-0.872307843949752,0.816137681506011,-0.353148128111646,0.538992472803681,0.102215627178161,0.139017963839617,0.167198521564845,0.240084963879851,1.02763661621404,-0.728686865182448,0.256130755803399,0.256130755803399,-0.0405655470359295,1.06316675953723e-11,-0.847720413231763,-0.740459113297527,-0.68039600014936,-0.750031891401915,1.26644494020204,0.36148770982085,0,7.0000000001,0.439987551794651,0.0230412250154028,0.118456246829678,1.47352882541023,2970.3623905843,0.0312500660060792,1502,2,"SNETWORK (2 43 2970.3623905843 0.118456246829678 100000478 1502)",100
37,100000479,0.0268414667341312,22,1.29896932353205,1.22104076566898,1.50580654500643,1.48232234240258,1.49987706507974,0.0887677708524358,0.020021107653033,-0.472247866584732,0.723208501496364,-0.27229546182336,0.619379399919275,-1.12631798935073,-0.27229546182336,-0.27229546182336,-0.495987934002302,-0.509126618231806,-0.544603355807514,-0.411272251618433,-0.594408824185141,0.170020533880904,-0.850299401197607,-0.17062937062937,0.240786240786241,0.0268414667341312,12,0.336347337228871,-0.300059567950066,-0.297428593424728,-0.384483267629324,0.0246050069102871,-0.666641840229753,0.72340545846886,0.61084900492539,0.167833386872141,490.0000000001,0.525934306327718,1.72170565007941,16.0000000001,0.176171620614532,0.70210592684225,0.0347303760036862,0.39217521200738,-0.175534251955936,-0.804685384089126,-0.398907322581104,0.635526402390286,-0.668429405001442,0.688976196086843,0.158160820814458,0.459343821043755,0.911426738344701,-0.465223313946304,-0.489134481342247,0.263275112588423,-0.199136817761072,0.528207847926239,1.07109749798066,2.45049143062556,2.41514382464251,2.55283323355654,0.60049797751581,0.830147305539965,-2.15827350774988,0.698825911700184,0.698825911700184,0.284905615313583,1.06316675953723e-11,0.125132752235636,0.29910331652823,-0.0115623661481347,0.153901067338449,-0.227296368010326,-0.205353099867608,0,490.0000000001,0.0260158694866546,0.00871450641703157,0.122315416821653,1.10965515371222,4355.87461510448,0.0312499339939208,1070,2,"SNETWORK (2 37 4355.87461510448 0.122315416821653 100000479 1070)",100
13,100000480,0.880327920530645,315,0,-0.0695595240108285,-0.110963835372034,-0.110383201657025,-0.109843962764069,-0.957026452710533,-1.15218829859635,-0.449593408323027,-0.345370266079964,-1.53510794601383,-1.62493045765168,-0.075221538239647,-1.53510794601383,-1.53510794601383,-2.96411413498427,0.609198614639872,0.849335051243748,1.77283676436053,0.415644940603258,1.07186858316222,-1.64670658682635,0.299300699300701,1.38452088452089,0.880327920530645,7,0.17696258750275,0.308109431546684,0.307790938064835,-0.207661234313371,0.874188736316684,-0.621259515831034,-0.342485821522333,0.725267360583588,0.036774093066306,2501.0000000001,0.147045147066389,0.0245048428182528,1547.0000000001,0.0606090208802461,0.207654167846635,0.00922866032052769,0.158465776945953,0.629545714486669,-0.652253018132221,-0.516174122683121,0.217871210155011,-0.732550649876791,0.212387580989097,-0.733332945534804,0.291722344661091,0.20480321011039,-0.0806663391784705,-0.18189994870348,-0.0174769603952514,-0.132062943654007,0.223123099423871,0.103212322371745,0.000480866141918987,0.0349290148369488,0.115671933158067,-0.115176186365342,0.360434328932646,0.695429911507311,-0.113043706350419,-0.113043706350419,0.12980043148792,-6.33303040359987,-0.370680897614376,-0.103165762643973,0.40182446043904,-0.489000566861534,-0.48188184314973,-0.783271859295759,0,2501.0000000001,0.00653504677106271,0.00269361344946498,0.304393807837058,1.13730662502348,3162.01945448186,0.0156249651370217,315,2,"SNETWORK (2 13 3162.01945448186 0.304393807837058 100000480 315)",100
41,100000481,0.180649611505824,211,-0.419244275461604,0,0.315622755524543,0.310024668600395,0.31737100022456,1.01728387277676,0.92478059883887,-0.36340863344113,-0.468676131420023,0.690581293023541,0.753328844122124,0.148495624469051,0.690581293023541,0.690581293023541,0.427284889697992,-0.703597483548493,-0.831426282630072,-0.39048071092328,-0.843387199555047,-0.720739219712526,0,-0.434965034965035,-0.700859950859951,0.180649611505824,10,-0.686343199983131,-0.313749113777185,-0.310942151907217,1.00701844981319,0.180736634562986,0.40048766707955,-0.465395617602574,0.202185726470246,0.0613188614740428,889.0000000001,0.348619264496237,0.0664925416454732,391.0000000001,0.166266682062106,0.514885946458343,0.0255309744553022,-0.790541515595324,0.505641570831923,0.727830860009045,0.80774168180471,0.116823568685555,0.454116119941205,0.126427334268302,-0.311626935533679,0.0851248677136452,0.0439308906274252,0.497362130277232,0.0828066753887299,0.0417217846319544,0.280497652133056,0.101848197857048,0.495663787383159,0.102215627178161,0.139017963839617,0.167198521564845,0.452708246691395,0.679877430210124,-2.14924182847518,0.508239157605338,0.508239157605338,-0.248980801500294,1.06316675953723e-11,-1.12668361088108,-1.01594681943949,-1.39256044551746,-0.883519424772399,1.16733917774528,0.350488242650342,0.000649652671326045,889.0000000001,0.0172865263890309,0.00824444796627129,0.653710237265055,1.57221745889988,2871.35185388885,0.0625,1417,2,"SNETWORK (2 41 2871.35185388885 0.653710237265055 100000481 1417)",100
29,100000482,-0.876754734832949,72,-0.790377993358492,-0.853832397374456,-0.959757100198023,-0.960709455694412,-0.961711264614227,0.49990782816557,0.449922686987771,1.69145593160737,-0.00955420512777871,0.98954054090549,-0.152709091779676,2.76671844736992,0.98954054090549,0.98954054090549,-0.0553309680350606,-0.529263169372348,-0.610422677608945,0.258811560625846,-0.742464920824309,1.05602816075095,-3.18648417450813,-1.88851148851148,0.604422604422604,-0.876754734832949,8,0.802075373518516,1.73984014988921,1.76726477057163,-0.516956329231386,-0.877126884124725,-0.915508767683197,-0.00753898421631207,0.680667367020699,1.47968388467333,1229.0000000001,2.90747234404889,0.701045346050436,154.0000000001,0.172608268976807,3.08008061292569,0.106577413448958,1.15692710829092,1.59706689749372,-0.89395288372967,-0.940489101433705,-0.0531119268035594,-1.40188718311296,-0.039123351496458,-0.823623873300721,0.142958953741602,0.149124392853544,-1.73092656690495,-1.62233658723994,0.0625463963371133,-0.470408998702976,-0.471792152073761,-0.752292666128179,-1.4058558810172,-1.37829262321507,-1.40813399619979,0.158691859659684,0.958837997900896,-0.766029148415829,0.166060065943599,0.166060065943599,-21.4314392857098,1.06316675953723e-11,0.41437564182587,0.946019757719198,1.90891764937821,0.0067428605052987,-2.13928524252333,-1.87186817437668,0,1229.0000000001,0.100604796027538,0.00597261732141962,0.436261266013408,0.435060221799575,1093.16675250423,0.25,867,2,"SNETWORK (2 29 1093.16675250423 0.436261266013408 100000482 867)",100
35,100000483,0.899677492926869,205,1.95876350285277,1.6240746339498,1.45807027539656,1.42805593959054,1.43873085382348,0.622397853864253,0.541364967949893,-0.11904182846489,-0.260647091595338,0.0106197953841921,1.13510954053635,-0.289774603370879,0.0106197953841921,0.0106197953841921,-0.575457174988059,-0.457751432683026,-0.560562415065949,-0.780900523178909,-0.461974056080332,-1.14579055441478,2.23053892215569,2.01958041958041,-0.227886977886978,0.899677492926869,12,-0.0924716836607223,-0.282967393882762,-0.280549220577984,-0.000168746978618923,0.895564296293369,0.244816023028359,-0.257800990118419,-0.46491928199301,0.21221086528632,225.0000000001,0.305356519030086,0.117649729844938,1314.0000000001,0.988651799220632,1.29400831815072,0.063816607443717,-0.023397396923399,-0.129865109279795,-0.26596170532996,-0.09096453832101,0.276789778385957,0.318604628707423,0.298827045951795,-0.0424171262240532,0.146863553595019,0.10834937325707,0.0617561792237222,0.130721746717351,-0.911315169409621,-0.144746208103447,0.596004386864676,1.11697181886013,2.19258446122347,2.15155944355969,2.28302402457116,-1.4180478155909,0.105682516859228,-0.913801381976503,-1.04533615265086,-1.04533615265086,0.39677824469965,-0.120192617894663,0.772917633092605,0.920350570711652,0.602790980188653,0.714967084871519,-1.43081009825292,-1.38214582129847,0,1314.0000000001,0.0150592672369837,0.0487573401067333,0.050742876312238,1.17950366995437,5450.90568548155,0.0156249669969604,978,2,"SNETWORK (2 35 5450.90568548155 0.050742876312238 100000483 978)",100
36,100000484,0.722849486265991,171,1.29896932353205,1.22104076566898,1.45807027539656,1.42805593959054,1.43873085382348,0.413582991976015,0.356917873285665,-0.184689840168728,-0.0167098428949718,-0.329120281961478,0.815463963165455,-1.812967037168,-0.329120281961478,-0.329120281961478,-0.691781000525278,-0.541625210466627,-0.644445515265257,-0.867930202677256,-0.551781903007107,0,0.0419161676646709,0.81118881118881,0.42997542997543,0.722849486265991,12,-0.00294544342473409,0.709089800060007,0.71183189072169,0.0187260334109105,0.719057583502858,-0.373818556847842,-0.0143910982835032,0.133363591391473,0.0914675831142518,478.0000000001,0.279609653869958,0.122882611889771,1821.0000000001,1.43105867656701,1.71066833033697,0.070862484703822,-0.495362439795401,-0.508447126655296,-0.371328875131763,-0.708848192525287,-0.522073284111588,-0.518176875907052,-0.474041900403656,-0.224724137278263,-0.200464100399566,-0.206871740892909,-2.17608038275808,-2.28190258505454,-1.81700660454991,-0.491155758252703,0.528207847926239,1.07109749798066,2.19258446122347,2.15155944355969,2.28302402457116,-1.53493593755416,0.196398275321793,-0.225309222598577,-1.10445892575769,-1.10445892575769,4.64250519537748,1.06316675953723e-11,0.821727231267554,1.09837679986891,2.36198336617395,0.34343990878149,0.370159033672331,-0.281485043581231,0,1821.0000000001,0.0115825110193096,0.0592799735845124,0.0537455452312134,0.0185018910107006,5257.11826236084,0.0156249669969604,1019,2,"SNETWORK (2 36 5257.11826236084 0.0537455452312134 100000484 1019)",100
43,100000485,0.377624236928065,169,-0.0343645341584618,0.726058121384469,0.965149594579297,0.947078472655203,0.966783102940535,0.355666539199679,0.290692146344569,-0.0925519626328042,-0.60328618091079,0.155665576258232,1.13355807019492,-1.39009907508408,0.155665576258232,0.155665576258232,-0.167341480114631,0.764813922845996,0.64852826570646,-0.701295265909288,1.06475621304321,0.147843942505134,-0.958083832335329,-0.581818181818182,-0.163390663390663,0.377624236928065,11,-0.46548659382773,0.125836151533075,0.125419210019909,0.615897554520215,0.375682512133529,-0.399285194010128,-0.599734148831416,0.704088613287197,0.0554047187548511,6.0000000001,0.327617030107316,0.0514055874370833,9.0000000001,0.455954283183856,0.783571313191172,0.0359577392004964,0.75297325107076,0.813261682599519,-0.177332747644541,-0.0446843721928695,0.203240930928708,-0.417550913459229,0.204399069756697,-1.11011704745354,0.1923473446394,0.105586621289628,-1.11364623391277,-0.86154361833181,-1.27621986337528,-0.44252157252222,-0.353148128111646,0.538992472803679,2.19258446122347,2.15155944355969,2.28302402457116,0.367811291908501,0.442655051747328,1.04271198664841,0.40456357479453,0.40456357479453,-1.13564032273925,1.06316675953723e-11,0.87468106522152,0.75193961296298,0.42568388085803,0.869208112481094,-0.322941179863417,0.0590167527934347,0,9.0000000001,0.0150341998144486,0.0209235392860477,0.660279827035296,0.544320039711234,3760.70357462135,0.0312500660060792,1638,2,"SNETWORK (2 43 3760.70357462135 0.660279827035296 100000485 1638)",100
35,100000486,0.949293023498383,214,1.95876350285277,1.6240746339498,1.45807027539656,1.42805593959054,1.43873085382348,0.639260714716776,0.559071947205128,-0.118640436710702,-0.271137894567355,0.0311251661511267,1.14468954413073,-0.233612832962059,0.0311251661511267,0.0311251661511267,-0.589227517554039,-0.500314880072226,-0.612234349853276,-0.838991781597466,-0.505000513214517,-1.3305954825462,1.62674650698603,0.565034965034965,-1.23832923832924,0.949293023498383,12,0.0904679260552242,-0.182568922176435,-0.181246161453074,-0.178492893796677,0.945085028561016,-0.120906012080878,-0.268392814327915,0.396120022297134,0.177304615800588,191.0000000001,0.216576071093647,0.103187328704228,1384.0000000001,0.913312751666799,1.12988882266045,0.0547444432429696,-0.237355410411608,0.0419100769193187,-0.362808555084918,-0.0536944568984684,0.485541782985859,-0.04397769154469,0.515544296101727,-0.239506592851687,0.610373107583908,0.434435129001144,-0.0134695751310753,-0.111877838729796,-1.15638565605761,-0.0986441736605623,0.596004386864676,1.11697181886013,2.19258446122347,2.1515594435597,2.28302402457116,-0.034468782340117,0.386844868452265,0.208898081335426,-0.0344711451092896,-0.0344711451092896,-0.699833343071645,-2.83150656539667,0.623786485505935,0.804870559826792,0.260566781871597,0.634306449728449,-0.935778554550902,-0.951877783812894,0,1384.0000000001,0.0104933655134067,0.0442510776295629,0.262815590523161,1.15163165412378,5503.55893367924,0.0156249669969604,987,2,"SNETWORK (2 35 5503.55893367924 0.262815590523161 100000486 987)",100
43,100000487,0.483900315790915,183,-0.0343645341584618,0.726058121384469,0.965149594579297,0.947078472655203,0.966783102940535,0.43710172524241,0.347244927779428,-0.109328778146052,-0.613489730306689,0.146098982498976,1.16599631162087,-1.58961788517027,0.146098982498976,0.146098982498976,-0.215023033285602,0.679923059254231,0.567655505367242,-0.849273144944115,0.984823037943207,0.147843942505134,-0.958083832335329,-0.581818181818182,-0.163390663390663,0.483900315790915,11,-0.587046429849985,-2.02526494161218,-1.95892754748203,0.474461994062918,0.483934031445735,0.622035571859015,-0.609813270843983,-1.23507421725231,0.0640458993371956,9.0000000001,0.568070585106048,0.0422692526215329,1e-10,1e-10,0.568070585106048,0.0381965127914508,1.20902223544378,4.86854394118674,0.421400274245363,0.965705192860511,0.743220509877789,1.1031949178146,1.0934188445486,-0.391535555510188,1.20352634334576,0.325856355636709,0.557149862993828,0.452193417126769,-0.0370750339426125,0.522959578424946,0.105868714041518,0.497945541003305,2.19258446122347,2.15155944355969,2.28302402457116,-0.146729208062067,0.259431351802175,0.740194481555305,-0.142965509887471,-0.142965509887471,-0.0321961056023774,1.06316675953723e-11,0.516617875779453,0.410708909269648,0.426478416804564,0.476850423724093,-0.41204517851381,-0.699793303063914,0.00398818955644751,9.0000000001,0.0381965126914508,0,0.718892006682147,0.492429587560751,3846.19933588649,0.0312500660060792,1652,2,"SNETWORK (2 43 3846.19933588649 0.718892006682147 100000487 1652)",100
43,100000488,0.168941024628279,130,0.12371145778112,0.869954874556633,0.965149594579297,0.947078472655203,0.966783102940535,0.0442697704682297,0.0296335521731401,-0.488420104868099,-0.370045348268503,-0.216074698317521,0.855158780814509,-0.982236646719716,-0.216074698317521,-0.216074698317521,0.263165475474303,0.455126433560506,0.267507197945959,-0.544529015003358,0.645631969880182,-1.14579055441478,2.23053892215569,2.01958041958041,-0.227886977886978,0.168941024628279,11,-0.309825218890901,-0.188047167353282,-0.186671420020054,0.273362525429903,0.171355923442281,0.796204060783278,-0.367086479289093,-0.148318891202188,0.065761077783419,14.0000000001,0.907330316521525,0.0619519864277674,10.0000000001,0.610553464874848,1.51788378129637,0.0736143394008651,-0.187756338710818,-0.188298024447963,0.46334904323294,0.84040969382437,0.581402534861612,0.709511921395933,0.618019682739706,-0.0126752118779495,0.569153829756706,0.332337318653958,-0.413744683815031,-0.67214385834272,0.078739970907534,-0.283952631889913,-0.353148128111646,0.538992472803681,2.19258446122347,2.1515594435597,2.28302402457116,0.411188924482657,-0.629835109920218,0.076308870890402,0.457022212535998,0.457022212535998,7.30127205483968,1.06316675953723e-11,0.533022253175846,0.201596613792564,0.5169072105438,0.47297111866657,-0.701897714502113,-0.402881024175367,0.0356489240442298,14.0000000001,0.0440037126678899,0.0296106266329752,0.510658487960429,1.9235305339098,3542.45558652758,0.0312500660060792,1599,2,"SNETWORK (2 43 3542.45558652758 0.510658487960429 100000488 1599)",100
36,100000489,0.747657251551748,176,1.29896932353205,1.22104076566898,1.45807027539656,1.42805593959054,1.43873085382348,0.425732539913739,0.36878691030038,-0.177720219805209,-0.0201478146428266,-0.341080941857645,0.826744815596939,-1.77056861858742,-0.341080941857645,-0.341080941857645,-0.696936942237322,-0.543046950176312,-0.646377826544521,-0.864784063393223,-0.554150253230501,0,0.0419161676646709,0.81118881118881,0.42997542997543,0.747657251551748,12,-0.791391968494696,-0.292539819733913,-0.290003414899822,1.28991130045908,0.746500784412498,0.293931220597805,-0.0168988152055408,-0.23916398294602,0.177078571797732,106.0000000001,0.12004081569632,0.380006648438519,413.0000000001,1.00368702151177,1.12372783710809,0.0555125958087193,0.90617750550749,1.22325477192561,1.32703261657042,0.478746343358179,-1.26478551714189,0.362223492708083,-1.37121088172043,0.238036788089099,0.170485753054436,0.183420458176591,0.14322947236374,0.302686578944873,0.16512021323088,0.198444696409128,0.550273088231514,1.08602794659357,2.19258446122347,2.15155944355969,2.28302402457116,-0.202979458712065,-0.44351930214664,-1.69027787053786,-0.195225835779049,-0.195225835779049,0.00252585992688489,-0.361930976754953,-0.733820366113946,-0.642327375864157,-0.711824301616693,-0.617691422314286,-0.488517344047569,-0.543247726616403,0.00726262213354955,413.0000000001,0.00593006335278274,0.0495825323559366,0.199131374209013,1.5391728837858,5284.95677443989,0.0156249669969604,1024,2,"SNETWORK (2 36 5284.95677443989 0.199131374209013 100000489 1024)",100
29,100000490,-0.605061252287337,126,-0.790377993358492,-0.853832397374456,-0.715996162004961,-0.715344983900652,-0.711097017555422,0.636916322269326,0.599618458671839,1.84352338844902,-0.095508034406931,1.00103672380376,-0.108680828110397,3.01458203931556,1.00103672380376,1.00103672380376,0.0650576357668154,-0.732150260245211,-0.85329324865773,0.477080535905299,-1.03820369218237,1.05602816075095,-3.18648417450813,-1.88851148851148,0.604422604422604,-0.605061252287337,8,0.319466312153469,0.0470158592495307,0.0468132501269184,-0.34518158687102,-0.602616744447551,-0.312152560983456,-0.0932703312810166,0.778367893254517,5.18115905715775,2182.0000000001,18.0749222081972,0.0368922634283279,68.0000000001,0.00401087372310256,18.0789330818203,0.841221364610179,-0.429150361443816,-0.419044639261058,-0.564822122853303,0.336926489302261,1.42283652019459,-0.300692280927349,1.45201803998017,-0.176630402392083,1.36566625905329,1.29556512426108,-1.96489858254689,-1.13614521585268,0.149949347274289,-0.454732168731308,-0.471792152073761,-0.752292666128177,-0.897784372821835,-0.860982036160378,-0.83280147843515,-1.41492350608898,0.245478306175693,-0.735630958977276,-1.04371112815114,-1.04371112815114,0.792579762544788,-11.7860367313933,0.689762909627641,0.543648401534922,-1.9391145050311,1.2379652367949,-0.95987906181243,0.93188920416871,0,2182.0000000001,0.841034736650734,0.000186627859445739,0.768661430258289,1.13550886546727,1401.53932507218,0.25,921,2,"SNETWORK (2 29 1401.53932507218 0.768661430258289 100000490 921)",100
35,100000491,0.995337592543412,223,1.95876350285277,1.6240746339498,1.45807027539656,1.42805593959054,1.43873085382348,0.642815974915591,0.561194560608831,-0.15681113023227,-0.292914739358956,0.0575020541519374,1.15078067423758,-0.0795578228219235,0.0575020541519374,0.0575020541519374,-0.595322059290202,-0.562377011751773,-0.687783457633079,-0.957283739825025,-0.561587508357464,-1.3305954825462,1.62674650698603,0.565034965034965,-1.23832923832924,0.995337592543412,12,-0.239519574294835,-1.39598589630062,-1.36297235310574,0.0362514796995776,0.988563089798899,-0.0617615086841813,-0.29006352983399,-0.59108381945795,0.0724954097371847,1e-10,1e-10,0.0891165845740706,1153.0000000001,0.65712032821277,0.65712032821277,0.0394799266032788,-0.108200041277201,-0.125209888675354,0.646599279171237,-0.408042685649696,-1.63628735869267,0.325199132630833,-2.15843731964903,-0.082134725686669,-1.6880221059662,-0.429724248277615,2.27851137760328,1.56569305122154,-0.00102845618544635,4.76913532660531,1.08498591158492,1.276691248025,2.3950251297232,2.32843549617119,2.41865981172031,-0.0880653097793992,0.6314648164494,0.202842157101013,-0.0869797194123523,-0.0869797194123523,0.027778708957571,-0.653260971223749,-0.811384204277205,-0.778055204390744,-0.571322708622133,-0.736584853585765,0.22044437636409,-0.544826393680626,0,1153.0000000001,0,0.0394799265032788,0.477561280408012,0.42234873903895,5556.87582619398,0.0156249669969604,996,2,"SNETWORK (2 35 5556.87582619398 0.477561280408012 100000491 996)",100
37,100000492,0.370480089703889,91,1.29896932353205,1.22104076566898,1.45807027539656,1.42805593959054,1.43873085382348,0.121166801738364,0.0547235106846425,-0.521471953210932,0.624373617119708,-0.402832670037622,0.642796631944991,-1.08801904703362,-0.402832670037622,-0.402832670037622,-0.543103240683207,-0.591884396377467,-0.639816185459884,-0.505816882912104,-0.681434775069394,0.665297741273101,-1.69993346640053,-0.507226107226108,0.644007644007643,0.370480089703889,12,-0.162114025879416,0.692623391067633,0.69516453658451,0.216824130048886,0.36811752624993,0.303459285261248,0.625556244184977,-0.292200249065278,0.232779108929075,496.0000000001,0.738384785890736,0.09617881947923,1069.0000000001,0.657527935544631,1.39591272133537,0.0579911267515727,1.28743472896125,1.13191161791815,-0.0211422980159147,0.529712869691659,0.811047784708463,0.117037149969163,0.739452199484331,0.543030188440863,0.562941432315335,1.05141482321888,0.685388500398847,0.586999968696848,0.149234842623865,0.93298802292441,0.528207847926239,1.07109749798066,2.19258446122347,2.15155944355969,2.28302402457116,0.0446070739277602,-0.0323730324232982,-1.11627045978559,0.0454405912538157,0.0454405912538157,-0.306469665742195,-0.254125540483962,-0.306646981651488,-0.217792557503269,-0.340540145377849,-0.239528079732927,-0.208431562050863,-0.766561416205299,0,1069.0000000001,0.0306751023749464,0.0273160242766263,0.528575718968994,0.442786663712468,4768.27630648524,0.0312499339939208,1139,2,"SNETWORK (2 37 4768.27630648524 0.528575718968994 100000492 1139)",100
28,100000493,0.17628402624753,218,-0.268041164135857,-0.507523118116241,-0.715996162004961,-0.715344983900652,-0.711097017555422,0.758386270877163,0.799517467831712,2.03742684143422,-0.571230193676944,-0.765141602262579,-0.307360428419239,2.39995631642777,-0.765141602262579,-0.765141602262579,-0.195658996627436,-0.960788108982499,-1.01012236603952,0.670743744387457,-1.36190402834937,0.468172484599588,-2.26546906187625,-1.53286713286713,0.194922194922195,0.17628402624753,8,-0.817349829571897,-0.883930384665737,-0.869307469245862,1.23674142552343,0.18363776607986,1.10386682961315,-0.567571133659955,-0.391117987060862,0.226235612597656,8664.0000000001,3.1338209457695,0.0527534229556634,893.0000000001,0.0753176686785417,3.20913861434804,0.176022370266456,3.10115336536211,3.26085102431073,1.73399186881925,1.64087614152599,-0.144190767886322,1.1044548918057,-0.174779417667203,-0.257555318373874,0.0953332907166295,0.0335811243872674,-0.197551462104079,-0.45068552980781,-0.00958378408153933,-0.112475346693714,0.121428129376515,-0.277526342387342,-0.897784372821835,-0.860982036160378,-0.832801478435155,0.84737027067768,0.54842269759819,1.53727786999922,1.04805794336435,1.04805794336435,1.35845247919915,1.06316675953723e-11,0.0928224645772019,-0.0380627586584474,0.351447803057201,0.0308180472053479,0.293893026848341,0.979944549562631,0,8664.0000000001,0.171891169825111,0.00413120034134551,0.375895440465459,0.200751282064263,1914.57229916594,0.125,759,2,"SNETWORK (2 28 1914.57229916594 0.375895440465459 100000493 759)",100
37,100000494,0.427438423432531,103,1.29896932353205,1.22104076566898,1.45807027539656,1.42805593959054,1.43873085382348,0.153668613998496,0.078633280189898,-0.497934889914821,0.588515299654615,-0.430312503274469,0.661286684679003,-1.03626785650291,-0.430312503274469,-0.430312503274469,-0.559895949101306,-0.617615625828376,-0.667890181052728,-0.524773698175173,-0.710405481088311,0.665297741273101,-1.69993346640053,-0.507226107226108,0.644007644007643,0.427438423432531,12,-0.754523541492947,-0.678789164747183,-0.669440941775469,1.1059217829224,0.425106600235167,0.308786394974646,0.59446688773179,-0.621989807362182,0.129098473300158,469.0000000001,0.387213964012074,0.0866099636506611,593.0000000001,0.328457823869953,0.715671787782026,0.0378530740279908,-1.58343198719811,-1.09725909542959,-0.0015787084735757,0.148084409017993,0.246610087443243,0.476978498990701,0.285078053896987,0.704606269034073,0.00981971523543222,0.0384449246635824,-0.0062825131864857,-0.00956109698341366,0.249570019617222,-0.143356338396698,0.528207847926239,1.07109749798066,2.19258446122347,2.15155944355969,2.28302402457116,-1.15437443907256,-0.0254208503032022,-0.301136378597834,-0.899495155898557,-0.899495155898557,1.01287899373445,-5.35970440519161,1.1226288725664,1.19881934409198,1.07606990139216,0.983650805656246,-1.0756801464291,-0.520758099581204,0,593.0000000001,0.0204803920654565,0.0173726818625342,0.604129741741736,0.0656401505693793,4844.97247053919,0.0312499339939208,1151,2,"SNETWORK (2 37 4844.97247053919 0.604129741741736 100000494 1151)",100
37,100000495,0.241280855822878,64,1.29896932353205,1.22104076566898,1.45807027539656,1.42805593959054,1.43873085382348,0.10768037196905,0.0354093548978378,-0.494684340178882,0.663015270551293,-0.364608816519509,0.611718558762997,-1.05141256557948,-0.364608816519509,-0.364608816519509,-0.519354185082957,-0.555430231893476,-0.602433096109928,-0.463598509349193,-0.643206226801004,0.665297741273101,-1.69993346640053,-0.507226107226108,0.644007644007643,0.241280855822878,12,-0.511495432298417,-0.196253956750194,-0.19479737134939,0.799731365000159,0.238578770297277,0.5056508447267,0.663500730600631,-1.60734608917781,0.050402210884082,386.0000000001,0.124421076100303,0.0750230606008913,774.0000000001,0.371358013151233,0.495779089151536,0.0240791239296735,0.726572068188113,0.551116773926687,0.728105857137557,-0.0501188132700238,-1.1733824011391,0.504101635491726,-1.25064081452769,0.752199728883936,-1.15223262644898,-2.18150719461733,0.473150743410113,0.147174877923573,0.257316113292157,0.175402119691978,0.528207847926239,1.07109749798066,2.19258446122347,2.15155944355969,2.28302402457116,-0.621195900363165,-0.501941160046743,0.384506060402663,-0.543556563780962,-0.543556563780962,1.04106045764868,-0.349877932270178,-0.487462045499695,-0.435893949605927,0.334371244805158,-0.600609067563246,-0.261652276133957,-0.404498577488445,0.000736140163273919,774.0000000001,0.00604291419745838,0.0180362096322151,0.372716481767282,0.169758299061546,4610.06096351533,0.0312499339939208,1112,2,"SNETWORK (2 37 4610.06096351533 0.372716481767282 100000495 1112)",100
29,100000496,-0.835177501646019,82,-0.790377993358492,-0.853832397374456,-0.959757100198023,-0.960709455694412,-0.961711264614227,0.518783496282834,0.474862385567505,1.7214729242917,-0.014566024100575,0.976055172337464,-0.166680268912712,2.80867646052426,0.976055172337464,0.976055172337464,-0.0101127001806577,-0.547935748692877,-0.641818636287035,0.211700140826648,-0.757380939678414,1.05602816075095,-3.18648417450813,-1.88851148851148,0.604422604422604,-0.835177501646019,8,0.239353156598072,1.40245506152185,1.41925401745055,-0.153531025756951,-0.833138207113089,-0.186127935284375,-0.0121397324599301,-0.243431678386664,0.323738239008268,271.0000000001,0.14026782301118,0.665710171163741,6.0000000001,0.00638603383443793,0.146653856745618,0.00538170525202966,1.15417076442132,0.0747437418089939,-0.617304567325274,-0.129545063840007,0.743343205698332,-0.477154017410767,0.599312673155722,-0.198981330429596,0.292451484536731,0.305480323494693,-0.054383508870247,-0.328936085539243,-1.17725704645414,-0.207436646981535,-0.471792152073761,-0.752292666128179,-1.4058558810172,-1.37829262321507,-1.40813399619979,-0.0999517299097607,-0.597714607792291,0.936273244098851,-0.0984477952481815,-0.0984477952481815,1.18325145515485,-1.25487193781895,0.909867300304174,0.989498363946224,0.720808183969248,0.83644906399505,-1.04634167821283,-1.58751517443348,0,271.0000000001,0.00514735911138848,0.00023434604064118,0.500080643809784,1.76921015560168,1152.37293778233,0.25,877,2,"SNETWORK (2 29 1152.37293778233 0.500080643809784 100000496 877)",100
3,100000497,-0.180649809967941,135,-0.226804037760009,-0.273941878615531,-0.467885001197052,-0.45962963966976,-0.447550990366083,-0.388356472408176,-0.454203122746223,0.550524424011225,0.718261692543426,-0.0837619520392536,-1.25567003263918,-0.222981718145989,-0.0837619520392536,-0.0837619520392536,-4.38704764681913,0.145710746242451,0.216541746877577,1.07220381635527,-0.0404182153810225,0.0739219712525668,-0.0898203592814364,1.0005994005994,0.837837837837838,-0.180649809967941,7,-0.60241242088083,0.468687743751369,0.469131886347626,0.964995999862967,-0.179568046145101,1.10773078866952,0.728402796941279,-0.441229477276589,0.801115151098624,5382.0000000001,6.89340306891245,0.0560292724016502,2930.0000000001,0.262468770498689,7.15587183931114,0.30918382080176,-1.44893925368833,0.534226002069447,0.644749590639056,0.700812314978866,0.0820379401872226,0.727549495166484,0.0778922551381017,0.888696725113829,1.09224381278092,2.21301142369804,0.191864854342951,0.13230778027264,0.262763475940129,0.281870640831221,-0.183656619125852,-0.461007527196322,-0.751834212897418,-0.690544926566661,-0.641104661755909,0.457794867745475,0.80172387603622,-0.86953931550249,0.514582443855264,0.514582443855264,0.145245942422476,-3.44414807707666,-0.0506812797060157,-0.025257821476793,0.155969546804626,-0.0791302681906799,0.12123789021992,-0.0869982744060549,0,5382.0000000001,0.297843330113026,0.0113404905887338,0.656814590324541,0.191260761581361,2137.55803910648,0.0624998605480869,136,2,"SNETWORK (2 3 2137.55803910648 0.656814590324541 100000497 136)",100
28,100000498,0.263111204747679,223,-0.268041164135857,-0.507523118116241,-0.715996162004961,-0.715344983900652,-0.711097017555422,0.725513490283046,0.795302375945935,1.99793173723831,-0.598557079931331,-1.17847070426491,-0.458779583651475,1.99076824348601,-1.17847070426491,-1.17847070426491,-0.321173951213435,-1.02183370153911,-1.04609567347334,0.454929538043555,-1.39935677053386,0.468172484599588,-2.26546906187625,-1.53286713286713,0.194922194922195,0.263111204747679,8,-0.559115814134041,-0.00747468071470451,-0.00743730329243713,0.778037198796958,0.267019692323855,1.99110368769997,-0.594997685300376,-0.262226151163185,0.0755994039135435,8385.0000000001,1.0134823813946,0.0562190043989634,2151.0000000001,0.19333849149855,1.20682087279315,0.0566952645561152,-1.02300194476308,-0.853286981851664,2.6448441065553,1.68357869569651,-1.5724686165166,1.33014732597419,-1.62081394914294,-0.241144484904631,-1.12942509275564,-0.152995620870749,-0.540136289990175,-0.48371067334534,-1.4049739987463,-0.0956506081383342,0.121428129376515,-0.277526342387342,-0.897784372821835,-0.860982036160378,-0.83280147843515,1.27425037313851,0.51516205671546,1.68857539938596,1.75564400492205,1.75564400492205,2.99681778430677,1.06316675953723e-11,-0.266921574633523,-0.364888023560945,-0.114847516495991,-0.250541860478441,0.106910070722054,0.728552020465878,0,8385.0000000001,0.047612411194781,0.00908285326133418,0.41052629070629,0.334285538643599,1942.06511893463,0.125,764,2,"SNETWORK (2 28 1942.06511893463 0.41052629070629 100000498 764)",100
43,100000499,0.436467577848549,177,-0.0343645341584618,0.726058121384469,0.965149594579297,0.947078472655203,0.966783102940535,0.411803078613906,0.32923300125976,-0.109434572139493,-0.612431427657833,0.159416071626506,1.16161709328745,-1.58172815169209,0.159416071626506,0.159416071626506,-0.212733207631683,0.694813528563084,0.58139175808922,-0.820324635857374,0.998296466431671,0.147843942505134,-0.958083832335329,-0.581818181818182,-0.163390663390663,0.436467577848549,11,-0.660046208371478,-0.225001180585785,-0.223247593889181,0.961404735065545,0.438119588602311,0.468687268529034,-0.608774294921383,-0.101753703589044,0.0529238899307085,7.0000000001,0.365105404375197,0.0364895660414205,11.0000000001,0.395575920384043,0.76068132465924,0.0371327726859025,0.7347746260186,0.247052958398368,0.495363713113148,0.609319743409766,0.168425492402891,0.483637295357232,0.179803203578551,-0.674634807969309,0.24165363470872,0.065868312408139,-0.696916177033172,-0.866996319669852,-0.0363360618967774,-0.369229860253384,-0.353148128111646,0.538992472803682,2.19258446122347,2.15155944355969,2.28302402457116,0.295693313032219,-0.536534070846694,1.17993210533247,0.319666899612345,0.319666899612345,3.31103793343299,1.06316675953723e-11,0.807529247746606,0.573360082180504,0.405695055446569,0.800489313554493,-0.319444676605804,-0.53660941596631,0.056882633152243,11.0000000001,0.0178226748956804,0.0193100976902221,0.694116736090904,0.12529342928261,3810.060420178,0.0312500660060792,1646,2,"SNETWORK (2 43 3810.060420178 0.694116736090904 100000499 1646)",100
37,100000500,0.642670013619759,150,1.29896932353205,1.22104076566898,1.45807027539656,1.42805593959054,1.43873085382348,0.246530578396752,0.172916567197057,-0.434047052166323,0.48112630615335,-0.512167923166134,0.696228775717792,-0.98472723260079,-0.512167923166134,-0.512167923166134,-0.576534967552279,-0.72488689294456,-0.788153765912223,-0.681226756989918,-0.817002376556763,1.28439425051335,-2.76197604790419,-0.927972027972028,1.1480343980344,0.642670013619759,12,0.873644689229734,-0.339866049769851,-0.336709617560493,-0.646849470096131,0.636267780882719,-1.07399355736722,0.48253495045638,0.333603673808314,0.0440072702664782,119.0000000001,0.0334910261309775,0.0900670272966864,1459.0000000001,0.840384787452587,0.873875813483564,0.0435320033975513,-1.08725554578111,-0.0268336881997535,-0.89786459163199,-1.02846811858153,-0.190194234231037,-1.3584531071421,-0.208505832348357,-0.44489793924354,-0.174801483860927,-0.291928037801562,-0.803424335677328,-1.01413606896585,-1.34564532808211,-0.388592377099224,0.528207847926239,1.07109749798066,2.19258446122347,2.15155944355969,2.28302402457116,0.487627962440613,-0.365835867845922,1.46520367902275,0.552090908152975,0.552090908152975,0.934105320293376,-2.37115251238183,1.16113283109786,1.37342775714899,1.24264589066901,0.985580126105328,-1.47334671345638,0.140000396883102,0,1459.0000000001,0.00166835084950333,0.0418636524480479,0.893094963846713,0.767659763805568,5138.30594594011,0.0312499339939208,1198,2,"SNETWORK (2 37 5138.30594594011 0.893094963846713 100000500 1198)",100
34,100000501,1.17375484666791,246,1.95876350285277,1.6240746339498,1.11742223327512,1.09970853501445,1.1005013034785,0.670919158908257,0.521120121422704,-0.242000046829493,-0.652569823407084,-0.624932600051063,0.594136626403691,1.61825475436423,-0.624932600051063,-0.624932600051063,-0.84003929287019,-0.658575847363086,-0.741841223360652,-0.694096876755704,-0.731045722036027,-1.3305954825462,1.62674650698603,0.565034965034965,-1.23832923832924,1.17375484666791,12,-1.13162292330303,-0.832105222936401,-0.818925574152083,2.50879948014747,1.17690201511498,1.25518649122306,-0.648858559035396,0.665441292593695,0.105705224878413,207.0000000001,0.139934197565814,0.0791639353478435,1070.0000000001,0.541711698620552,0.681645896086366,0.0370463855267413,-2.12546466603066,-2.34471372970631,0.615215404039904,1.5366482486053,1.55423337270252,1.18119429237874,1.85172196416372,-0.506536849997399,1.64508075956822,1.68150886301482,-0.687980094618784,-0.487463819816021,-0.0680868745615112,-0.204437454456446,0.596004386864676,1.11697181886013,2.19258446122347,2.15155944355969,2.28302402457116,0.463826653991649,0.75208524071986,0.764985600069481,0.522123963774962,0.522123963774962,0.492549164126469,1.06316675953723e-11,-0.259387317780528,-0.169689992581124,-0.555801705435526,-0.135764256533325,0.561035454183756,0.430981973206111,0.0752760114005536,1070.0000000001,0.00760520417452052,0.0294411812522208,0.0105489277197562,2.21569858699504,5691.00071787501,0.00781248349848019,961,2,"SNETWORK (2 34 5691.00071787501 0.0105489277197562 100000501 961)",100
29,100000502,-0.68146848637868,114,-0.790377993358492,-0.853832397374456,-0.715996162004961,-0.715344983900652,-0.711097017555422,0.616723347952145,0.578284061514118,1.85439714606599,-0.0726592802181313,0.957739725272551,-0.113370084659244,2.88722566477029,0.957739725272551,0.957739725272551,0.0632864036936,-0.684003250212003,-0.810446934265172,0.279592822131407,-0.941350146989879,1.05602816075095,-3.18648417450813,-1.88851148851148,0.604422604422604,-0.68146848637868,8,0.0172422458426571,-0.111290541378625,-0.110586285896173,-0.0993679492015532,-0.679748299099763,0.357864812637553,-0.0696935699604767,-0.978661177302129,1.80732690034345,3132.0000000001,9.05009695087878,0.0665488289952754,104.0000000001,0.0110654358851361,9.06116238666392,0.433541697525672,0.23354645361142,-0.0425113171748859,1.5942956230035,-0.236001800094926,-2.82366655313458,0.366698342369162,-2.96403754159843,0.190822247253123,-2.73628391093476,-2.62615098685509,0.55812668592581,0.257374465873824,-0.859285798349426,0.267583680566302,-0.471792152073761,-0.75229266612818,-0.897784372821835,-0.860982036160383,-0.83280147843515,-0.459377723034071,0.409140651559351,-1.13867058487701,-0.416785847502155,-0.416785847502155,0.145532360596754,-0.442665079703101,-0.808549433355704,-0.838992897639624,-2.33619915622628,-0.307121544424901,0.168890380614547,0.370188465253488,0,3132.0000000001,0.433012258970827,0.000529438454845073,0.696666523631087,0.373461879382376,1334.74858019136,0.25,909,2,"SNETWORK (2 29 1334.74858019136 0.696666523631087 100000502 909)",100
41,100000503,-0.839543086904313,14,-0.886598059773572,-0.0928456434617663,-0.0369605603324269,-0.0422694509956289,-0.0386919408759992,0.926393632545441,1.10267668942566,0.908348616081901,-0.0676414138016272,0.318241597438721,0.408005423685526,0.351773381872515,0.318241597438721,0.318241597438721,0.556316056685907,-0.269783618596725,-0.424646744746333,0.0277417453839116,-0.373034123919603,-0.720739219712526,0,-0.434965034965035,-0.700859950859951,-0.839543086904313,10,0.218510211882694,2.02374503791231,2.0619269127355,-0.122953760072575,-0.838964118920887,-0.373564085869473,-0.0654396496736047,-0.12486736869362,0.0482648780695674,1262.0000000001,0.389534660415649,0.0811369193098476,2450.0000000001,1.27127684587477,1.66081150619042,0.0546996874100259,-0.49405077030819,-0.455437215122106,-0.32308788261479,-0.517147403569744,-0.297028042468777,-0.792702076704673,-0.213201616215455,-0.438487080303468,-0.141044058384513,0.110199676914436,0.368720186233945,0.173500846399974,0.155438548881666,-0.0341080778439576,-0.658232714974315,-1.30374704394875e-15,-1.4058558810172,-1.37829262321507,-1.40813399619979,-0.40682166268803,0.20575770183353,0.190436541543594,-0.373507527081681,-0.373507527081681,-0.187087688584273,-0.233528033500154,0.508289442918987,0.274162442655124,-1.07834582011499,0.831263874894607,0.353578495162434,0.0680836039309488,6.74086960251572e-14,2450.0000000001,0.0128295258297199,0.041870161480306,0.00435779009512727,0.568501484075691,1767.52170389727,0.0625,1220,2,"SNETWORK (2 41 1767.52170389727 0.00435779009512727 100000503 1220)",100
17,100000504,-0.474868937203687,137,0.152577399052067,0.406018494492994,-0.358045591966192,-0.357303355798844,-0.355675841278248,-0.160740936087872,-0.148241003468954,0.17523584234345,1.09193172738426,0.650982862520521,-0.0472454400957219,-0.100145491830172,0.650982862520521,0.650982862520521,0.475007836668355,-0.024766131778524,0.00042750846500212,-0.361053122585718,0.00703711526225075,-0.33264887063655,-0.333618477331052,-0.204195804195803,-0.181818181818182,-0.474868937203687,9,0.52860297319292,0.477169669098693,0.477671454571407,-0.449027912996917,-0.474934809744755,-0.247622444834522,1.09388557391733,-0.801018736447859,0.0864748072741175,1242.0000000001,0.171714817627353,0.171405877422513,1076.0000000001,0.294872692509693,0.466587510037046,0.0201298707629693,0.0135371684324706,-0.0968484593522723,-0.181776430376015,-0.276930658107677,-0.141126018134058,-0.330626545269246,-0.133414640831792,0.509991492633289,0.360810789397556,0.897182158473443,-0.175202125678479,-0.241633214609087,-0.740511087509301,-0.146124823804473,0.121428129376516,-0.277526342387341,-1.4058558810172,-1.37829262321506,-1.4081339961998,0.122436309119885,-0.534042766961337,0.648471849202731,0.127028691932244,0.127028691932244,-1.24038855083255,1.06316675953723e-11,0.577438052255419,0.543639840630018,0.424481062171178,0.543945446398817,1.18409042597546,0.751772213251358,0,1242.0000000001,0.00740825031558895,0.0127216203473803,0.476609375544853,0.327024367384145,1920.60165904737,0.125,556,2,"SNETWORK (2 17 1920.60165904737 0.476609375544853 100000504 556)",100
34,100000505,1.24212398183679,252,1.95876350285277,1.6240746339498,1.11742223327512,1.09970853501445,1.1005013034785,0.664844464353245,0.51999212078863,-0.258337129035228,-0.653965271042647,-0.637993300740684,0.600095577939166,1.6064215919992,-0.637993300740684,-0.637993300740684,-0.854646538641342,-0.658079698427536,-0.742225227422883,-0.697599932552775,-0.729779273689089,-1.3305954825462,1.62674650698603,0.565034965034965,-1.23832923832924,1.24212398183679,12,-0.757372525335052,-0.505588504660492,-0.499791631485711,1.14959410596591,1.24211162062341,1.35803460362798,-0.649754279932384,0.109207077948958,0.0432206163947443,451.0000000001,0.124659264285932,0.0367768713595282,845.0000000001,0.198741494152272,0.323400758338204,0.0165888952532345,-1.20427712049099,-1.08112973820553,0.79181658586761,1.43841797047489,1.03544595494985,1.14669758664293,1.1642491782514,-0.525746793167979,1.14157965043314,0.253056675143551,-0.54170501017538,-0.323428846518891,-0.0693214911176246,-0.18483860349043,0.596004386864676,1.11697181886013,1.93935641393335,1.89834749765245,2.00418892789071,-0.0754165414495054,0.241899469177802,-0.0418251764497191,-0.0747059796796117,-0.0747059796796117,1.48274082273572,1.06316675953723e-11,-1.18118464538134,-1.00402691601847,-0.503410701942014,-1.15801195924123,0.777207396557904,0.0636188351662339,0.0305322041232031,845.0000000001,0.00639441748598689,0.0101944776672476,0.0849403665628957,0.950241416126786,5722.12991953318,0.00781248349848019,967,2,"SNETWORK (2 34 5722.12991953318 0.0849403665628957 100000505 967)",100
3,100000506,0.0869760712188048,184,-0.226804037760009,-0.273941878615531,-0.467885001197052,-0.45962963966976,-0.447550990366083,-0.387271370495555,-0.463218031969063,0.545156921556181,0.553180086070243,-0.590020854748701,-1.20666988227463,-0.794771057265484,-0.590020854748701,-0.590020854748701,-4.72687083894503,0.205233028504084,0.292971599415672,1.13327318848707,0.0234400235782497,0.0739219712525668,-0.0898203592814364,1.0005994005994,0.837837837837838,0.0869760712188048,7,-0.257561261778145,-0.269858876893104,-0.267598702458986,0.205388449369954,0.0881319950463534,0.912186277813404,0.553839762468088,-1.40184645071978,0.104633990541707,8301.0000000001,1.38866738854581,0.0399067863120286,813.0000000001,0.0518719214167962,1.44053930986261,0.0708789134323418,-0.00928833017929249,0.0929002387828714,0.294276079958399,1.7127794379766,2.17799734762535,0.809083035669649,2.35016943823126,0.839638679208745,2.20092651491933,3.91991498389968,0.150110055083616,0.316118338760018,-1.08468929053518,0.88136589867456,-0.183656619125852,-0.461007527196319,-0.751834212897414,-0.690544926566656,-0.641104661755904,0.955827708131232,1.13473094003745,-1.91441838884954,1.21468877265162,1.21468877265162,-0.306026137499929,-2.27402149980031,-0.554539411338816,-0.37579532145538,-0.869843932849945,-0.383160930557291,0.719352054026177,0.47959926223884,0,8301.0000000001,0.0683266571110235,0.00255225622131834,0.849593158937886,0.301462846342474,2415.52559607273,0.0624998605480869,185,2,"SNETWORK (2 3 2415.52559607273 0.849593158937886 100000506 185)",100
3,100000507,-0.414041459587008,81,-0.226804037760009,-0.273941878615531,-0.467885001197052,-0.45962963966976,-0.447550990366083,-0.341616060206406,-0.414532817259485,0.587391717371793,0.8427694873204,-0.0471141433334415,-1.19111059317646,-0.0918340606540269,-0.0471141433334415,-0.0471141433334415,-4.68229548192678,0.213779690741979,0.270680580854432,1.202895547475,0.0214711177238528,0.637577002053388,-1.16766467065868,0.37272727272727,1.11578624078624,-0.414041459587008,7,1.49519753890602,0.192608176189125,0.19213157511927,-0.776706882217382,-0.410042988394226,0.403690967064714,0.842578560302072,0.0159377775038066,0.0720726179822401,2594.0000000001,0.298906461556817,0.0553552084437233,1131.0000000001,0.100095863259664,0.399002324716481,0.0180962779251091,-0.399880420571806,0.257874375572982,0.384820491349053,-0.132037779068191,-0.799786101955491,0.323428717445229,-0.795823013042546,0.747443021342039,-0.374002310122976,-0.689607077097031,-0.716225444013399,-0.695908466847365,-1.35232779601338,-0.261365842404531,-0.183656619125852,-0.461007527196321,-0.897784372821835,-0.860982036160378,-0.83280147843515,0.66923873065932,0.882048370611502,-2.18180207492358,0.792057344543162,0.792057344543162,2.01613231464192,-2.35975531135625,0.29151808820615,0.0652703768602101,-0.0442338944463821,0.344026060569017,0.498851105562184,0.671665185900536,0,2594.0000000001,0.013556548512448,0.00453972931266116,0.439024836022906,2.36624843400205,1823.52683547757,0.0624998605480869,82,2,"SNETWORK (2 3 1823.52683547757 0.439024836022906 100000507 82)",100
3,100000508,-0.315307038276362,103,-0.226804037760009,-0.273941878615531,-0.467885001197052,-0.45962963966976,-0.447550990366083,-0.348310451607122,-0.41601545709475,0.577568739865341,0.797198975260664,-0.0581699256354392,-1.20969951014309,-0.138277566075319,-0.0581699256354392,-0.0581699256354392,-4.39215741795364,0.17222019342492,0.234161434651671,1.15068179024604,-0.0213661240755145,0.0739219712525668,-0.0898203592814364,1.0005994005994,0.837837837837838,-0.315307038276362,7,0.429625315206453,3.54965256017218,3.67157067951948,-0.105623054454489,-0.31547009451557,-0.131409663765278,0.797518068982573,-0.211533429835445,0.299558475600785,7393.0000000001,3.54076702724971,0.155341882630289,972.0000000001,0.241407002415281,3.78217402956499,0.0956570671900959,4.7453641356606,6.50804572536613,-0.487152477902314,-0.221894669090143,0.340652387531972,-0.871605539493047,0.191324129042445,0.0646537077810409,0.463652902015106,0.968659815578451,0.690921848201068,0.658700741606676,-0.808116937165941,1.2134884885589,-0.183656619125852,-0.461007527196321,-0.897784372821835,-0.860982036160378,-0.83280147843515,0.292974250997036,-0.49618493599099,1.28563818717098,0.316521662078984,0.316521662078984,-0.177478381331735,-4.24049308743479,0.282038539666568,0.234379207028191,0.69128821633616,0.155956376649435,0.0194956742156376,-0.799842245578507,0,7393.0000000001,0.0895515083197718,0.00610555877032404,0.526201986629262,0.0252551108818075,1949.22763174155,0.0624998605480869,104,2,"SNETWORK (2 3 1949.22763174155 0.526201986629262 100000508 104)",100
3,100000509,-0.196627076770633,131,-0.226804037760009,-0.273941878615531,-0.467885001197052,-0.45962963966976,-0.447550990366083,-0.375707913449674,-0.441703219593863,0.558147124663039,0.73076780613105,-0.0702693816500727,-1.23574021178297,-0.209628683236946,-0.0702693816500727,-0.0702693816500727,-4.36971326348225,0.146778318842138,0.21746307087142,1.08683112835002,-0.0417519203951959,0.0739219712525668,-0.0898203592814364,1.0005994005994,0.837837837837838,-0.196627076770633,7,-0.115071075729804,0.0790045839261799,0.0786961189692292,0.400881177207332,-0.19577452180673,0.286956141197027,0.734731653178075,-0.287934008338968,0.913923143286529,3810.0000000001,5.56710849438594,0.0529867227717492,4206.0000000001,0.356312748523835,5.92342124280977,0.274072215420236,0.806414540010631,0.591869344326461,0.304881259287143,0.138573789780765,-0.249643617814675,0.259799607509519,-0.253618222409873,0.667396067116758,-0.162098986242457,-0.308927786104068,-0.437905034765694,-0.336263218764777,0.159826118547379,-0.14290055116493,-0.183656619125853,-0.461007527196321,-0.751834212897414,-0.690544926566656,-0.641104661755909,0.325597950411178,0.532432865061887,-1.27917213253069,0.354523584643952,0.354523584643952,-0.227806975178501,-13.9069322736674,0.308254002436432,0.28723458528953,0.426122352963884,0.248727249675661,0.257645717220652,-0.447096159234814,0,4206.0000000001,0.257585894272657,0.0164863210475789,0.640569034178829,0.729285114010507,2114.13355999625,0.0624998605480869,132,2,"SNETWORK (2 3 2114.13355999625 0.640569034178829 100000509 132)",100
37,100000510,0.509701360741434,122,1.29896932353205,1.22104076566898,1.45807027539656,1.42805593959054,1.43873085382348,0.174943749743352,0.10037015470271,-0.467833250785621,0.551497384858562,-0.498605588633,0.641658575859806,-0.951348416290272,-0.498605588633,-0.498605588633,-0.550005996173384,-0.645490412032378,-0.700482228533182,-0.539853928086975,-0.742785548805867,1.28439425051335,-2.76197604790419,-0.927972027972028,1.1480343980344,0.509701360741434,12,1.16167266902897,0.461847982956079,0.462246903648444,-0.702898945560671,0.508181254206809,0.818023970212184,0.552931977989996,-0.398191753715409,0.0497652163217869,53.0000000001,0.0168678150092701,0.101112190194533,839.0000000001,0.54252847844671,0.55939629335598,0.0241988661180416,1.28319746332173,0.154739288031787,0.892776800434234,-0.285666103000871,-1.76990926868482,0.547950621917458,-1.67939485223415,0.716879712840299,-2.26065498733451,-3.98308707729471,-0.228288860318178,0.0407602721631899,-1.08354172179228,0.133452813360756,0.528207847926239,1.07109749798066,2.19258446122347,2.15155944355969,2.28302402457116,0.313211450959503,-1.15147922074793,0.759583233228601,0.340026841815724,0.340026841815724,-0.0116148062151498,1.06316675953723e-11,0.242334937500666,0.236116092895871,0.442124049937621,0.172664842639226,-1.04560682381442,-1.07613506380558,0,839.0000000001,0.000729683049257833,0.0234691829687838,0.721041350882988,0.236908665858209,4963.65141873337,0.0312499339939208,1170,2,"SNETWORK (2 37 4963.65141873337 0.721041350882988 100000510 1170)",100
28,100000511,-0.258050522186169,182,-0.790377993358492,-0.853832397374456,-0.715996162004961,-0.715344983900652,-0.711097017555422,0.772521366129581,0.782169889946503,2.04320226189129,-0.436972407782153,0.362463260480085,0.105555383149276,2.69311569868175,0.362463260480085,0.362463260480085,-0.0223400345070978,-0.878380376717098,-0.946878433204496,0.675353325384898,-1.25885494686978,0.468172484599588,-2.26546906187625,-1.53286713286713,0.194922194922195,-0.258050522186169,8,-0.610407875199513,-0.273468095690635,-0.27116486912297,0.838186006806079,-0.25071321345163,1.99735696143492,-0.424635792946726,-0.249139031867609,0.153095773731861,5748.0000000001,1.40693724572714,0.0394105307018762,2789.0000000001,0.175733906014146,1.58267115164129,0.0779218478004829,-0.317004174914859,-0.309917539336217,1.48812469489995,-0.05009426704733,-2.41498169262067,1.41068989138935,-2.60881105378067,0.204470928559504,-2.32474883496398,-1.12419173206212,-0.915797266792519,-0.988271915526997,0.0547235121634294,-0.31898635170456,-0.471792152073761,-0.752292666128179,-0.897784372821835,-0.860982036160378,-0.83280147843515,1.10315542414987,1.33588659237352,-1.56061411557699,1.45499741250248,1.45499741250248,4.31795966425296,1.06316675953723e-11,0.21870329115779,0.243714773103318,0.125113461248109,0.223365543902584,1.05815136511599,0.156283507303151,0,5748.0000000001,0.0692696961533232,0.00865215154715974,0.116820408504468,0.556937176545851,1708.8972114699,0.125,723,2,"SNETWORK (2 28 1708.8972114699 0.116820408504468 100000511 723)",100
17,100000512,0.534409798060715,274,0.152577399052067,0.406018494492994,0.0737102907633875,0.0682577010310203,0.067165878475577,-0.531710848569198,-0.620414328317001,-0.172509366558966,0.641596736799375,-0.244303571124243,-0.379083097533899,0.127921788067612,-0.244303571124243,-0.244303571124243,0.364836168355993,0.24940566699474,0.317601561500087,0.00881547084283268,0.284978105146487,-0.443531827515401,0.0161216029479497,0.044324905863371,-0.265923265923267,0.534409798060715,9,-0.659116416156106,0.280440303722501,0.280053954634943,1.06117019786387,0.533537063282891,1.13804800588111,0.641925015795752,-1.14718590512735,0.252944279483946,572.0000000001,0.231322280607043,0.115446156983841,634.0000000001,0.117021406317607,0.34834368682465,0.0155566880851094,-0.105582628520762,-0.196664773396243,0.955622367079676,0.693415797063178,-0.415933294200142,0.797336585577454,-0.40750825907606,0.879334755391278,-0.202904542192476,-0.360649954815556,0.820771208122381,0.601471438312966,0.150998958127479,1.8044475830616,0.17534138526447,-0.188295299544115,-4.52365144789511e-15,0,-4.84823954093274e-15,1.16058937276033,0.232133657043614,-1.81927530941974,1.55325230109844,1.55325230109844,-0.881066184530986,-0.143273852370802,-0.646640324050458,-0.438078924233736,-0.134888397860597,-0.661583956484819,0.472506345394065,-0.167686274316459,0,634.0000000001,0.0103306265593284,0.00522606142578106,0.953441288391592,0.288088921908936,2714.58693062875,0.125,693,2,"SNETWORK (2 17 2714.58693062875 0.953441288391592 100000512 693)",100
29,100000513,-0.525974387272343,142,-0.790377993358492,-0.853832397374456,-0.715996162004961,-0.715344983900652,-0.711097017555422,0.606654133399417,0.571513403861192,1.75445967877804,-0.204770223596672,1.24723889833976,-0.27198718179375,3.63135186990407,1.24723889833976,1.24723889833976,0.147076089006852,-0.744821476642136,-0.840404376932559,0.672413514697693,-1.08993719316168,0.340041067761807,-1.74251497005988,-1.15244755244755,0.0515970515970513,-0.525974387272343,8,-0.0444613755741642,-0.146197816787142,-0.145207089059183,-0.0377953959906709,-0.526654852855872,-0.435895568167807,-0.198532616153437,-0.468660007166286,0.0831071636933507,5870.0000000001,0.779958198016926,0.0362194726493949,1051.0000000001,0.0608610728714248,0.84081927078835,0.0404782632809363,-0.324313125151761,-0.316296300329841,-0.337120081668179,-0.515457071941882,-0.270382598672722,-0.399375813553731,-0.286001223290267,-0.34527780605002,-0.262418815242707,-0.199696130551705,1.51303573834305,0.965960143537499,0.0261821166362826,2.5793252660869,-0.176145348609336,-0.51568048276961,-0.897784372821835,-0.860982036160378,-0.83280147843515,0.330514174291376,-0.594858067470167,1.14532001944967,0.360300664434458,0.360300664434458,-0.34125917927613,-0.140534502026249,-0.606856427327379,-0.661267368616952,-1.17081757892664,-0.367751485877327,0.305289485926799,-0.112940001928448,0,5870.0000000001,0.0375483225777684,0.00292994060316794,0.863160824655579,1.09559717063802,1489.20781772351,0.25,937,2,"SNETWORK (2 29 1489.20781772351 0.863160824655579 100000513 937)",100
41,100000514,0.20049582373443,214,-0.419244275461604,0,0.315622755524543,0.310024668600395,0.31737100022456,1.00854414231784,0.89948752613277,-0.418338091579133,-0.473299402134596,0.660091994565026,0.743225149837474,0.270900133875498,0.660091994565026,0.660091994565026,0.421850516384982,-0.69535267584775,-0.824808722322218,-0.345510727074644,-0.841224951410962,-0.720739219712526,0,-0.434965034965035,-0.700859950859951,0.20049582373443,10,-0.240105627147513,0.0210960561703721,0.0209982044294009,0.229490321460185,0.201336815286352,0.283572849544235,-0.469979778422174,0.215128938150365,0.146563134457215,945.0000000001,0.885751898796875,0.0346452151420436,482.0000000001,0.106793750622919,0.992545649319794,0.0463948371381279,-0.63151557991265,-0.682987077385371,0.605916690618446,1.30967673753607,1.1073704285716,0.271972052096543,1.13516531786726,-0.409933151561573,1.06250923372235,0.487379875656661,0.454204660167907,0.407404159917666,0.100819747488047,0.827436703251564,0.562105955755759,0.451834062908155,0.102215627178161,0.139017963839626,0.16719852156485,0.359739364062266,0.0123962165738245,1.12475980278533,0.394918587652816,0.394918587652816,-0.177576392386078,-0.0633800030713872,-0.437395896489896,-0.409605159666035,-0.255666426769219,-0.40323311275491,0.319777170975693,-0.541953632926607,0.00109535238828142,945.0000000001,0.041402947087176,0.00499188995095187,0.664396471877829,0.990910035092384,2889.51731704661,0.0625,1420,2,"SNETWORK (2 41 2889.51731704661 0.664396471877829 100000514 1420)",100
43,100000515,0.47536537857395,182,-0.0343645341584618,0.726058121384469,0.965149594579297,0.947078472655203,0.966783102940535,0.43710172524241,0.347244927779428,-0.109328778146052,-0.613349127240483,0.148346793710607,1.16479641050432,-1.58799722043063,0.148346793710607,0.148346793710607,-0.217667121984208,0.682106139066528,0.569709147898543,-0.844747660903812,0.986747660408393,0.147843942505134,-0.958083832335329,-0.581818181818182,-0.163390663390663,0.47536537857395,11,-0.616806030182425,-1.69489157173018,-1.6475658286502,0.589620685091514,0.474900990741615,0.958382989798949,-0.609642872760886,-1.87026912124253,0.0697024647215141,8.0000000001,0.549549208131604,0.0420440620013139,7.0000000001,0.290048865875993,0.839598073907597,0.0532089250940312,4.84059883575698,0.897723435407345,0.619791420531468,1.15412222982634,0.731435160666594,1.24616564694855,1.0144997424224,-0.327251896898293,0.735972015986764,0.200506637517173,-0.598418934166878,-0.73235436399752,0.0239440458467019,-0.293400369694088,-0.353148128111645,0.538992472803682,2.19258446122347,2.15155944355969,2.28302402457116,0.530687036596954,-0.424541175984746,0.259344062163354,0.607158292839436,0.607158292839436,3.96773849386268,-3.14962513061818,0.981773294874638,0.745732845816129,0.811957988253965,0.893183971689597,-0.414338757908799,-0.789569421301058,0.0370898348775201,8.0000000001,0.0348272864158377,0.0183816385781934,0.714348134436876,0.319002859567405,3839.57133093868,0.0312500660060792,1651,2,"SNETWORK (2 43 3839.57133093868 0.714348134436876 100000515 1651)",100
3,100000516,-0.461474197529375,71,-0.494845044588713,-0.486027089260215,-0.467885001197052,-0.45962963966976,-0.447550990366083,-0.339790105149467,-0.41049220015675,0.607022611471787,0.912575130038938,-0.0212751784427108,-1.17243655395745,0.0427990122207205,-0.0212751784427108,-0.0212751784427108,-4.82594474145635,0.226965741907161,0.272709334916854,1.23938304605393,0.0314139579953735,0.501026694045174,-0.58882235528942,1.04055944055944,1.3033033033033,-0.461474197529375,7,1.15822416569145,0.174183541869784,0.173712287979132,-0.710711794094987,-0.463404832432722,-0.811066131392596,0.912483996905691,-0.431853406981883,0.0688335305148495,1e-10,1e-10,0.246266920918061,5221.0000000001,2.05567667368762,2.05567667368762,0.093535321375325,-0.255806931367378,-0.288223620896352,-0.742040211845346,-0.604261947910079,0.227594933093962,-0.978212696437139,0.227022407383505,0.0437643807382896,0.155406665700444,0.424518353806131,1.44586254616631,0.567317879728388,0.176449613437695,0.369921981605328,-0.183656619125852,-0.461007527196322,-0.824809292859624,-0.775763481363522,-0.736953070095527,-0.9723487573604,0.320490059793418,-1.10162671381176,-0.787803973248908,-0.787803973248908,0.275124351956952,-2.45687339687823,-0.770815930731706,-0.869351519696363,-0.346502973126888,-0.746464554453025,0.318243935858214,0.470970717150675,0,5221.0000000001,0,0.093535321275325,0.397320123865736,1.42073912085593,1763.39278097299,0.0624998605480869,72,2,"SNETWORK (2 3 1763.39278097299 0.397320123865736 100000516 72)",100
37,100000517,0.689804767662698,165,1.29896932353205,1.22104076566898,1.45807027539656,1.42805593959054,1.43873085382348,0.271392190692954,0.196685972779944,-0.465932384898689,0.426032582114836,-0.56490619945604,0.73433627314268,-1.15602691118912,-0.56490619945604,-0.56490619945604,-0.586168668378109,-0.760937945735915,-0.840399948067428,-0.865793011430985,-0.828664446034694,0.813141683778234,-1.91189050470488,-0.485914085914086,0.874692874692875,0.689804767662698,12,0.00952268346250299,0.400458426502419,0.40050201346947,-0.0324858415402011,0.687982242780701,1.05176556338153,0.427348590747535,-0.889136311551805,0.225384064071808,794.0000000001,1.14446039959178,0.10931888453311,732.0000000001,0.511756460812132,1.65621686030391,0.0724222473795088,0.25501819379772,0.0531573607831826,0.501752231546894,0.44732393635616,-0.086889247788657,0.712442581964935,-0.0832719011454943,0.724685297816998,-0.984153567521805,-1.57173597113217,-0.00638189583761492,0.0174866100652954,0.231152137971304,-0.047241502522304,0.528207847926238,1.07109749798066,2.19258446122347,2.15155944355969,2.28302402457116,-0.439381130547389,0.216301036136929,0.0369863457654792,-0.40044437933071,-0.40044437933071,1.18307519686599,-1.00475164541404,0.720629938410443,0.751930691026922,1.11693694560074,0.533491882981987,0.0489778763557379,0.492444018473988,0,794.0000000001,0.0500444090657273,0.0223778382137815,0.975095373029678,0.230393028818071,5221.5459456699,0.0312499339939208,1213,2,"SNETWORK (2 37 5221.5459456699 0.975095373029678 100000517 1213)",100
17,100000518,0.369585939543481,258,0.152577399052067,0.406018494492994,0,0,0,-0.525230974134569,-0.60842689846711,-0.17686926781511,0.659881182849752,-0.19389561991854,-0.402398438691168,0.20732153011837,-0.19389561991854,-0.19389561991854,0.37000416733671,0.247390476554895,0.313134384785162,0.0196648358593204,0.280451077385155,-0.443531827515401,0.0161216029479497,0.044324905863371,-0.265923265923267,0.369585939543481,9,-0.608337068363316,0.688454088288786,0.690945361415692,0.997909171130214,0.370703910298479,0.363349156451407,0.660412453837953,-0.703198362209867,0.533671298557999,1372.0000000001,1.17064316156303,0.124810037729975,2795.0000000001,0.557735002600655,1.72837816406369,0.0718553758038419,0.210625065032856,-0.146304255976533,0.726999441311656,0.737627943929365,0.00957080172115439,0.16498941319887,0.009065338792746,0.584532127858784,-0.193989242587525,-0.364572419750682,0.190916705517621,0.225314810569967,0.152853104583801,0.755292899566439,0.121428129376515,-0.277526342387341,0.0476499396776004,0.0648061140349333,0.0779430668938852,1.03278444232145,-1.2432625250382,1.26028926722883,1.33814983766658,1.33814983766658,-0.125464870066884,1.06316675953723e-11,-0.448700118118438,-0.30871632246057,-0.127140942400889,-0.446663251559997,-0.264300527548945,-1.54959388293088,0,2795.0000000001,0.0486681710842458,0.0231872046195961,0.900478259318834,1.20322536246004,2626.39680767525,0.125,677,2,"SNETWORK (2 17 2626.39680767525 0.900478259318834 100000518 677)",100
41,100000519,-0.702407504700646,50,-0.886598059773572,-0.0928456434617663,-0.0369605603324269,-0.0422694509956289,-0.0386919408759992,0.979623872769323,1.1572670210585,0.872299579099376,-0.102368859293371,0.404842345171623,0.465571682819666,0.375430325652734,0.404842345171623,0.404842345171623,0.556634505055339,-0.359217778193593,-0.499596002710843,0.10705187026787,-0.500303445002703,-0.720739219712526,0,-0.434965034965035,-0.700859950859951,-0.702407504700646,10,0.177471218606046,1.45217685633639,1.47039088688669,-0.0759239077117659,-0.702876628291209,-0.626791443648974,-0.100010857222994,0.152951138054845,0.0570833577062033,186.0000000001,0.0679012851757377,0.0651333310698703,658.0000000001,0.274084655220753,0.341985940296491,0.0124414193001698,1.31227050278823,3.6681023497542,-0.59877365168268,-0.668902978073363,-0.0872650606268228,-0.964663190722952,-0.0686676144142809,-0.584721005852755,0.0309752370468006,0.0288014357525097,-0.00759703106759369,-0.049112311316369,-1.05689725246243,-0.101412659068337,-0.658232714974315,-2.60749408789749e-15,-1.4058558810172,-1.37829262321507,-1.40813399619979,-0.55519132054932,0.408014796232677,-0.184997500745409,-0.493002145608229,-0.493002145608229,-0.593370119792381,1.06316675953723e-11,0.589871814959613,0.406938073649217,-0.410441055599231,0.759264082086593,0.844640056886787,0.471430213185392,0,658.0000000001,0.00247024293271269,0.00997117626745711,0.119141490782583,0.470330166602299,1962.64179638114,0.0625,1256,2,"SNETWORK (2 41 1962.64179638114 0.119141490782583 100000519 1256)",100
43,100000520,-0.20645085491846,67,0.12371145778112,0.869954874556633,0.545150200838989,0.54037036033024,0.554967563992924,-0.320477974877141,-0.313050574921095,-0.633317003526857,-0.246461300517888,-0.624638615248879,0.484723082370447,-0.542971655748727,-0.624638615248879,-0.624638615248879,0.302379572790828,0.68836720055715,0.48612850545418,0.185165295789379,0.806100040739089,-1.14579055441478,2.23053892215569,2.01958041958041,-0.227886977886978,-0.20645085491846,11,0.12631200820859,0.992209921685984,0.999387594316189,-0.0876506539557367,-0.205030841230366,0.473773239980184,-0.243742394289101,0.0405441977218628,0.0742509328828884,4.0000000001,0.292705154272193,0.0331043788300587,1.0000000001,0.0326252544799341,0.325330408652127,0.0128250276669116,0.773749939970726,0.940528639947632,0.483367824182491,-0.147324981307386,-0.940707513248457,0.171261882859201,-0.812882392996502,-0.0976096025403539,-0.786451652413448,-0.516200169623712,1.67157323199329,0.728990859562386,-0.485385318303024,0.683610510115944,-0.353148128111646,0.538992472803681,1.14563372124877,1.14358814342067,1.22332473870546,-0.578372404215544,-0.332657125969581,0.445097184012474,-0.510934948667073,-0.510934948667073,0.0406154693936493,-0.0136717039752425,0.233898388036782,0.0972204729463024,0.69580068606954,0.102141285203513,-1.38049400523661,-1.18618218608758,0,4.0000000001,0.0115388896105419,0.00128613795636972,0.264308460237994,2.37945141736418,3183.112472439,0.0312500660060792,1538,2,"SNETWORK (2 43 3183.112472439 0.264308460237994 100000520 1538)",100
13,100000521,0.675615404256577,287,0,-0.0695595240108285,-0.467885001197052,-0.45962963966976,-0.447550990366083,-0.855223727064647,-1.00928191095207,-0.444582124996811,-0.190189836817291,-1.18540099195665,-1.74541383622803,-0.298061304279112,-1.18540099195665,-1.18540099195665,-2.90151780643232,0.412513688039352,0.636182101998143,1.55166086232704,0.208170320376318,0.184804928131415,-0.778443113772456,0.103496503496504,0.51023751023751,0.675615404256577,7,-0.679285671949169,-0.0879136638676097,-0.0873836877260308,1.03549153693354,0.672148915357343,0.669825083672132,-0.1876814249502,-0.622442805405682,0.105077106841361,2410.0000000001,0.404874274873034,0.0831910184895971,1857.0000000001,0.246992279957215,0.65186655473025,0.0310610772029842,-0.519334003280888,-0.378897139802175,0.641013486078399,0.45532646809062,-0.296889316081246,0.594867432656917,-0.310728786070907,0.176022246790126,-0.401442078916502,-0.300968281816847,0.9037899975832,0.523567359204829,0.0259193210723416,0.663786579035475,0.223123099423871,0.103212322371745,0.000480866141918987,0.0349290148369488,0.115671933158067,0.016047288039017,0.656726033142296,0.291476102547314,0.0162377546916695,0.0162377546916695,-0.0128042535491147,-2.06163782622847,-0.407844064462881,-0.217864970647891,0.421458205496949,-0.534446339754897,0.503491090886511,0.738371423696943,0,2410.0000000001,0.0192920329727198,0.0117690441302644,0.112636815027993,1.23964048494204,3005.20346110533,0.0156249651370217,287,2,"SNETWORK (2 13 3005.20346110533 0.112636815027993 100000521 287)",100
41,100000522,-0.39766930355174,120,-0.886598059773572,-0.0928456434617663,0.315622755524543,0.310024668600395,0.31737100022456,0.935297982991111,0.967953321282119,0.236425217857471,-0.264561299535178,0.686694203805902,0.489521045080805,0.45255526410569,0.686694203805902,0.686694203805902,0.510583880559364,-0.681063697424309,-0.806584897751258,-0.131062436701197,-0.862469791928772,-0.720739219712526,0,-0.434965034965035,-0.700859950859951,-0.39766930355174,10,-0.420192372095022,0.303484250252152,0.303153104959618,0.479307415782026,-0.393466709208857,0.253731587310714,-0.261364270387075,-0.153934743151546,0.181006442287196,1475.0000000001,1.70742482589294,0.0482424807968189,588.0000000001,0.181410532192745,1.88883535798569,0.0840127084797119,0.773468479524814,0.664809177601795,-0.489498331954761,1.38652841354087,2.81361072931441,0.175074617935129,2.74518837373734,-0.118266186284945,1.19261250133288,0.861361241519936,0.238941096693404,0.0588102483724932,0.110216958801301,-0.0668347264854584,-0.658232714974315,-2.60749408789749e-15,0.102215627178165,0.139017963839617,0.167198521564845,-1.15099455678963,-0.762971127217071,-0.186311205897262,-0.897506621096277,-0.897506621096277,0.743761620106514,1.06316675953723e-11,-0.632262345991597,-0.637436864646456,-0.322385270535997,-0.600541332011109,0.422952981195488,1.33080584324901,0.00636285075000298,1475.0000000001,0.0759438261099643,0.0080688822697476,0.351917524847555,2.31188666261733,2358.33631592323,0.0625,1326,2,"SNETWORK (2 41 2358.33631592323 0.351917524847555 100000522 1326)",100
41,100000523,-0.253684936927874,144,-0.886598059773572,-0.0928456434617663,0.315622755524543,0.310024668600395,0.31737100022456,0.980685114570908,1.00476832232295,0.135791593469875,-0.293499829537681,0.807717180080387,0.549236082193475,0.416079126559834,0.807717180080387,0.807717180080387,0.503552035731641,-0.774414618395871,-0.894988206481153,-0.232256252763146,-0.961632141035995,-0.720739219712526,0,-0.434965034965035,-0.700859950859951,-0.253684936927874,10,0.537473962650285,-1.12797231034066,-1.10553028978202,-0.551429757241698,-0.253642893774788,-0.965095207805179,-0.29074361421874,0.84581309121068,0.0314271893073439,201.0000000001,0.0403977463535455,0.1067123953997,291.0000000001,0.198592753266121,0.238990499519666,0.0136894458846231,-0.0267948747988342,1.3703834672463,-1.02125744445547,-0.329052709452875,1.0532405066858,-1.00154111999949,1.32181975125642,-0.833393832514734,1.15825494315635,0.795403364403315,-1.03432974241664,-1.06344967628089,-0.00196598695510348,-0.429849562078502,-0.658232714974315,-1.30374704394875e-15,0.102215627178161,0.139017963839617,0.167198521564845,-0.726422138233021,-0.760575890697419,0.198149625027496,-0.620996339761271,-0.620996339761271,1.5694456660159,1.06316675953723e-11,0.976022592631699,1.04080319376133,1.5370863426537,0.711709123757837,-0.0818189536457576,1.06477281711184,0,291.0000000001,0.00231399473410768,0.0113754510505154,0.43655867881531,1.41085078456672,2502.21728239511,0.0625,1350,2,"SNETWORK (2 41 2502.21728239511 0.43655867881531 100000523 1350)",100
17,100000524,0.538576727386057,275,0.152577399052067,0.406018494492994,0.0737102907633875,0.0682577010310203,0.067165878475577,-0.532403884526152,-0.620478054488458,-0.167437361846014,0.63761600697875,-0.263546010672366,-0.380888243181339,0.150843834116171,-0.263546010672366,-0.263546010672366,0.364168129409896,0.250722447565746,0.3181174173986,0.00742652375880663,0.286892780225866,-0.443531827515401,0.0161216029479497,0.044324905863371,-0.265923265923267,0.538576727386057,9,-0.660149055799635,0.433783498558401,0.43400867390795,1.09515762341849,0.540731462013664,0.958345750143578,0.638001336041607,-0.693118646591973,0.404451964431455,1525.0000000001,0.986128174956815,0.134013959920444,921.0000000001,0.197335965478167,1.18346414033498,0.0514481146623461,-0.24393299105675,-0.100092393891218,0.458879077386929,1.14669398707566,1.06263271849943,0.645622161175365,1.0134505657003,0.806703292110216,1.03364671038168,1.95595864613653,-0.123718244831486,-0.0415134002993048,0.150848130944331,-0.037107270369047,0.221166088419351,-0.112451475532973,0,0,-4.84823954093274e-15,-0.253032327718291,-0.107171455697277,0.206754443044993,-0.240587551675186,-0.240587551675186,0.997549468544087,1.06316675953723e-11,-0.00381730405614692,0.130511326662151,0.753444388617255,-0.172140467797041,0.165589440493275,0.227011369025876,0,1525.0000000001,0.0428694318554656,0.00857868270688056,0.9567940944549,0.0181834418326616,2720.16977557057,0.125,694,2,"SNETWORK (2 17 2720.16977557057 0.9567940944549 100000524 694)",100
29,100000525,-0.591763417946173,128,-0.790377993358492,-0.853832397374456,-0.715996162004961,-0.715344983900652,-0.711097017555422,0.602741833385198,0.585278489091428,1.8235841815447,-0.188026363830844,1.20939171463459,-0.238501122471668,3.51603100233302,1.20939171463459,1.20939171463459,0.149217271188928,-0.721324643396215,-0.820133358903437,0.562507999569158,-1.04019554578357,1.04722792607803,-2.90419161676647,-1.63076923076923,0.553235053235053,-0.591763417946173,8,0.676116163462214,0.0203937564059568,0.0202989800984074,-0.553043891688399,-0.592573609780282,-0.572030702831544,-0.185469265765216,0.740375666793318,0.0578636896300856,2449.0000000001,0.226563357934624,0.0420579753722797,1029.0000000001,0.0691924171411764,0.2957557749758,0.0138263039254109,-0.958439132951358,-0.837711116442463,-0.658832519546704,-0.568165164353894,0.1570782380402,-0.607203212548571,0.16078622224944,-0.450550511213272,0.126425396288538,0.270231598349896,-0.495414664689666,-0.413026674782987,-1.24642777205228,-0.234395617690172,-0.471792152073761,-0.752292666128179,-0.897784372821835,-0.860982036160378,-0.83280147843515,-0.259719966645735,0.725653364660129,-0.565699521282073,-0.246568461005878,-0.246568461005878,0.793209518961557,1.06316675953723e-11,0.294011199731996,0.133573746536693,-1.8207182057475,0.77591923457511,-0.754812836745189,1.01597103391894,0,2449.0000000001,0.0105916235192442,0.00323468030616678,0.781465698814897,2.59539636721731,1413.41803531175,0.25,923,2,"SNETWORK (2 29 1413.41803531175 0.781465698814897 100000525 923)",100
17,100000526,0.10523545861712,224,0.152577399052067,0.406018494492994,0,0,0,-0.475923726019285,-0.525626508215538,-0.148444684705739,0.726655544409781,0.0550867667868224,-0.350885491606291,0.206783932761163,0.0550867667868224,0.0550867667868224,0.385165719668678,0.234431591916974,0.297928251971787,0.00177500404001257,0.267388072184576,-0.443531827515401,0.0161216029479497,0.044324905863371,-0.265923265923267,0.10523545861712,9,-0.578601991301829,-0.468801441282082,-0.463654161122797,0.901520627247528,0.104447384441785,0.162068244484429,0.726763657858745,-0.21373957685815,0.157397847672194,1034.0000000001,0.260205158781725,0.0885116808867481,5357.0000000001,0.758086580379187,1.01829173906091,0.0518948270777452,0.548212576319717,1.27819854474012,0.356263944791916,0.217365775219066,-0.207513747058034,0.295440265253118,-0.232796882430525,0.681267509503541,-0.235794410218991,-0.46670973366373,-0.120310863198373,-0.251513474308621,0.159419727278695,0.0730694456558131,0.121428129376515,-0.277526342387342,0.102215627178161,0.139017963839613,0.167198521564845,1.04522803233796,-0.966657884854649,1.71778109532235,1.35853321058853,1.35853321058853,-1.77033997764131,1.06316675953723e-11,-0.511796175182951,-0.345226644200502,-0.267800125717486,-0.481788496126446,-0.420795481900147,-0.0130074037356886,0,5357.0000000001,0.0132607396994931,0.0386340872782521,0.781805480444414,1.35823994625866,2428.79166417428,0.125,643,2,"SNETWORK (2 17 2428.79166417428 0.781805480444414 100000526 643)",100
42,100000527,-0.887571792645537,5,-0.886598059773572,-0.0928456434617663,-0.0369605603324269,-0.0422694509956289,-0.0386919408759992,0.983072318926565,1.236422722124,1.34303478778079,0.113143892119652,0.0459994534576771,0.354858294760901,0.572761465429808,0.0459994534576771,0.0459994534576771,0.593719208653199,-0.128346977498078,-0.323603783038537,0.132522557999537,-0.213905425748216,-0.720739219712526,0,-0.434965034965035,-0.700859950859951,-0.887571792645537,10,-0.064862783682831,-0.432894034637909,-0.428345763153053,-0.0491077304974931,-0.887617080261673,-0.3092187887509,0.114840014295344,-0.411439182530554,0.0816172368749575,707.0000000001,0.36902589355078,0.0528060840821895,30.0000000001,0.0101311970038267,0.379157090454606,0.0192006022838171,0.451458764886051,0.857443986371675,-0.606241155093531,-0.378937928363065,0.351763003774979,-0.184392503314095,0.389983393153078,0.0694828423852673,0.669251569127979,0.803748406848038,0.791127844965347,0.614597825982337,-0.751588962239217,0.220103030422391,-0.658232714974315,-2.60749408789749e-15,-1.4058558810172,-1.37829262321507,-1.4081339961998,-0.672901116193788,0.548908276261956,-0.596931107777859,-0.582084077489005,-0.582084077489005,0.135896696438392,-0.0277688005068862,0.0491682772160236,-0.168449615174197,-1.14219060203183,0.343838840764336,0.427129080430712,0.140292806223336,0,707.0000000001,0.0186875560445127,0.000513046139304335,0.33709797349796,0.72394213732332,1718.16265220584,0.0625,1472,2,"SNETWORK (2 42 1718.16265220584 0.33709797349796 100000527 1472)",100
3,100000528,-0.0564123276062044,158,-0.226804037760009,-0.273941878615531,-0.467885001197052,-0.45962963966976,-0.447550990366083,-0.409955977061611,-0.477827172582991,0.524592325980549,0.662823264213572,-0.20922329832738,-1.2913000529078,-0.330815662319548,-0.20922329832738,-0.20922329832738,-4.45611187083253,0.14125431097414,0.212763224524205,1.03653769662309,-0.0395078727204636,0.0739219712525668,-0.0898203592814364,1.0005994005994,0.837837837837838,-0.0564123276062044,7,-0.488093647280501,-0.199353201296926,-0.197865631934049,0.601485063562915,-0.0557242286589917,0.775275834213537,0.663766129384923,0.269488667002524,0.91676354865745,4709.0000000001,6.90209705342776,0.350171795042454,925.0000000001,0.517866632894035,7.4199636862218,0.360571705527869,-0.128636200215331,0.311877295698096,0.878263471179374,1.01172357120794,0.195815231105389,0.698393271435892,0.208213083641897,0.844144512794754,0.334657447266411,0.65079430491614,0.333115657038462,0.410632868087589,0.257283995269453,1.1392739478208,-0.183656619125852,-0.461007527196322,-0.751834212897418,-0.690544926566656,-0.641104661755904,0.88458819066865,0.994334051959006,-0.310968095957461,1.10428946154251,1.10428946154251,-0.169232190597773,-9.94895599281323,0.0361554257964725,0.217850698823581,0.507031507430008,-0.0688323619278631,0.291588605162115,0.375993037976634,0,4709.0000000001,0.335406076205183,0.0251656292226857,0.745195881595732,1.90306919347495,2264.99508666258,0.0624998605480869,159,2,"SNETWORK (2 3 2264.99508666258 0.745195881595732 100000528 159)",100
43,100000529,0.33118477865046,161,0.12371145778112,0.869954874556633,0.965149594579297,0.947078472655203,0.966783102940535,0.113505336163428,0.0554169144595431,-0.474402137602341,-0.512294831023084,-0.114367873721931,0.833299837032906,-0.30229837999359,-0.114367873721931,-0.114367873721931,0.0596875589930964,0.608255384567952,0.464144802979111,-0.43449381039555,0.818540221738111,0.147843942505134,-0.958083832335329,-0.581818181818182,-0.163390663390663,0.33118477865046,11,-0.614662008394204,-0.188832246566944,-0.187448841876552,0.863938263479516,0.329158529233437,-0.147473173009146,-0.508875779797422,-0.15095439716047,0.0358079114066196,5.0000000001,0.176448291837888,0.0431170704377575,8.0000000001,0.33994424719975,0.516392538937638,0.0250474770706676,-0.640235286682788,-0.401767945549067,-0.153706637918219,0.538033112912306,1.09272282360137,-0.0693891656710348,1.16215254153289,-0.669231463191215,1.02335077163156,0.414923154666688,-0.0635272859386776,-0.128958688850383,0.0221143719893981,-0.112013932459085,-0.353148128111646,0.538992472803682,2.19258446122347,2.15155944355969,2.28302402457116,-0.0988119893495129,-0.398808811293382,-0.0549664524701512,-0.0973509264820728,-0.0973509264820728,1.25997288287178,1.06316675953723e-11,-0.0652267345958176,-0.149728601848287,-0.171964168228338,-0.0158388238129619,0.00576543502793254,0.0220336126251029,0.00940968059794774,8.0000000001,0.00855857548555318,0.0164889014851144,0.629725559577341,0.560349554463755,3716.13501614159,0.0312500660060792,1630,2,"SNETWORK (2 43 3716.13501614159 0.629725559577341 100000529 1630)",100
43,100000530,0.0492677834577886,109,0.12371145778112,0.869954874556633,0.965149594579297,0.947078472655203,0.966783102940535,-0.041019050445946,-0.0374748707393603,-0.466513185674957,-0.331175403836952,-0.459232806126715,0.701172668590745,-0.800607511568582,-0.459232806126715,-0.459232806126715,0.244006705790678,0.47149384159646,0.27460574090986,-0.29228604701321,0.620088978284471,-1.14579055441478,2.23053892215569,2.01958041958041,-0.227886977886978,0.0492677834577886,11,0.471257272014898,0.103553600731686,0.103181397461148,-0.440687261172732,0.0493931699000799,-0.383758901276151,-0.328303573986697,0.852138707375393,0.432735305379493,4.0000000001,1.70588906438897,0.201781764726503,2.0000000001,0.39772269738138,2.10361176167036,0.0969129816603028,0.328028192754735,0.738987747198634,-0.316045499973559,-0.0924831621740856,0.343959800139181,-0.394548364745599,0.347390202710019,-0.512787387854622,0.244455400051929,0.155296716076839,-0.417184019727691,-0.270891450850626,-0.0126165067421379,-0.243964336055865,-0.353148128111646,0.538992472803681,2.19258446122347,2.15155944355969,2.28302402457116,-0.589433003564102,-0.130496468948662,0.157824643121733,-0.519423187981586,-0.519423187981586,-0.0153196088138959,-0.0409242947343785,1.15087336926957,1.21361445019842,1.00939648791301,0.948731545235694,-0.773391419564227,-0.404703686016522,0,4.0000000001,0.0785899748478044,0.0183230067124985,0.427559583309426,0.343002317997055,3421.24180201652,0.0312500660060792,1578,2,"SNETWORK (2 43 3421.24180201652 0.427559583309426 100000530 1578)",100
37,100000531,-0.0185053839122358,13,1.29896932353205,1.22104076566898,1.50580654500643,1.48232234240258,1.49987706507974,0.0801281111542591,0.0114550137532095,-0.463798548574546,0.72808727670759,-0.270435590906267,0.613769168279659,-1.11011387343545,-0.270435590906267,-0.270435590906267,-0.495854073932849,-0.498104642424292,-0.531582349789537,-0.390041512291229,-0.58440080915979,0.170020533880904,-0.850299401197607,-0.17062937062937,0.240786240786241,-0.0185053839122358,12,1.51720273419124,0.0777566112566406,0.0774517918889367,-0.782165240600919,-0.0194750592480064,0.020325725725743,0.728247478334562,-0.276606729708531,0.230913074949744,1615.0000000001,2.38494359914581,0.0930113580250044,18.0000000001,0.0107069446108772,2.39565054365669,0.11086928290901,0.30995940933976,0.915137023097308,0.307468481854307,-0.190918146539039,-0.749045139615782,0.0281136374955264,-0.760663292366502,0.547441833870469,-0.819083822672331,-1.62855054480542,-0.123322212720491,-0.129894285813285,-1.19062859098908,-0.033877370726643,0.528207847926239,1.07109749798066,2.70840082864406,2.67872578178211,2.82264244254143,0.0507083138993778,-0.101875600528635,1.10643019375674,0.0517298797457537,0.0517298797457537,-0.616633056893283,1.06316675953723e-11,0.434815813293119,0.558201899711357,1.40139879152542,0.151736096673631,-0.224698557040034,0.707915702415395,0,1615.0000000001,0.110373771782917,0.000495511026092494,0.0704305745479209,0.464196898431896,4303.20543576893,0.0312499339939208,1061,2,"SNETWORK (2 37 4303.20543576893 0.0704305745479209 100000531 1061)",100
41,100000532,-0.568942013527817,83,-0.886598059773572,-0.0928456434617663,0.315622755524543,0.310024668600395,0.31737100022456,0.983966018506157,1.13394079214103,0.63580192468112,-0.180132937931306,0.587153848419459,0.526488615953795,0.311424359719726,0.587153848419459,0.587153848419459,0.528961873073482,-0.516055499442256,-0.648460230561065,0.0298082822175764,-0.683890991186762,-0.720739219712526,0,-0.434965034965035,-0.700859950859951,-0.568942013527817,10,-0.535264621359056,0.459286712143285,0.459668988597953,0.815784645061982,-0.569572458903428,-0.306071003437168,-0.177636985733307,-1.08461064070802,0.0688200039685291,594.0000000001,0.261430755028107,0.0977776429824509,1278.0000000001,0.799145681210691,1.0605764361388,0.0458999903317927,-0.190493422982505,-0.164538467088449,0.370387962586044,-0.0970839579522047,-0.726557205523857,-0.388557276634286,-0.689635792485189,-0.315158730763978,-0.183264134895744,-0.135061257326576,-0.184499715701319,-0.0991277266477157,0.131377075770467,-0.14243350992744,-0.658232714974314,-1.30374704394875e-15,0.102215627178161,0.139017963839613,0.167198521564845,-0.221363557753257,-0.262070752524267,-0.0852513537768882,-0.212010285800241,-0.212010285800241,1.96091046863853,1.06316675953723e-11,0.12198967434845,0.159221835035856,-0.00552554281324486,0.149000042005119,0.365593326289869,0.458815584250332,0.0117365411269543,1278.0000000001,0.0113142897482321,0.0345857004835606,0.229881027175576,0.954188977368176,2150.88723935964,0.0625,1289,2,"SNETWORK (2 41 2150.88723935964 0.229881027175576 100000532 1289)",100
3,100000533,-0.574993950045,39,-0.494845044588713,-0.486027089260215,-0.640656641110964,-0.630828421199535,-0.621755757978306,-0.304517170686014,-0.383206878722631,0.680411284857608,1.07605416392957,0.0648061038494103,-1.12391194554447,0.380574018518751,0.0648061038494103,0.0648061038494103,-4.90887046324261,0.270407626203845,0.294139419403774,1.32453374182867,0.0705946670682205,0.0221765913757709,0.149700598802395,1.22237762237762,0.834152334152334,-0.574993950045,7,0.852070388659245,0.792656857676934,0.796516175778051,-0.596907058913802,-0.575668200238653,-0.323517092355294,1.1529790259563,-0.228400624327024,0.0347052803927024,97.0000000001,0.00538223099592562,0.119553417240327,5380.0000000001,1.02834609670611,1.03372832760204,0.0421989479931452,4.56248711698588,5.57123026502737,0.0797941584515435,-0.141920528304183,-0.279936556316239,-0.481832366372822,-0.250248212024771,0.446676327567829,-0.701917592820064,-1.5736677851104,0.550136116149965,0.112826828504884,-0.890629037831351,0.209282303920052,-0.327724466419656,-0.606650446634182,-1.18926697056759,-1.14241875549932,-1.14014680236341,0.845870432118041,1.28311783254851,-1.69671083037045,1.04581231021477,1.04581231021477,-0.0934695159862583,-1.95641873159382,-0.395181424395709,-0.520890483293987,-1.81153146671144,0.0188672923752707,0.245505228675674,0.281436672352981,0,5380.0000000001,0.000219713898790872,0.0419792339943543,0.25549861471209,1.94816375850832,1558.90024475246,0.0624998605480869,40,2,"SNETWORK (2 3 1558.90024475246 0.25549861471209 100000533 40)",100
3,100000534,-0.180649809967941,135,-0.226804037760009,-0.273941878615531,-0.467885001197052,-0.45962963966976,-0.447550990366083,-0.388356472408176,-0.454203122746223,0.550524424011225,0.718261692543426,-0.0837619520392536,-1.25567003263918,-0.222981718145989,-0.0837619520392536,-0.0837619520392536,-4.38704764681913,0.145710746242451,0.216541746877577,1.07220381635527,-0.0404182153810225,0.0739219712525668,-0.0898203592814364,1.0005994005994,0.837837837837838,-0.180649809967941,7,-0.60241242088083,0.468687743751369,0.469131886347626,0.964995999862967,-0.179568046145101,1.10773078866952,0.728402796941279,-0.441229477276589,0.801115151098624,5382.0000000001,6.89340306891245,0.0560292724016502,2930.0000000001,0.262468770498689,7.15587183931114,0.30918382080176,-1.44893925368833,0.534226002069447,0.644749590639056,0.700812314978866,0.0820379401872226,0.727549495166484,0.0778922551381017,0.888696725113829,1.09224381278092,2.21301142369804,0.191864854342951,0.13230778027264,0.262763475940129,0.281870640831221,-0.183656619125852,-0.461007527196322,-0.751834212897418,-0.690544926566661,-0.641104661755909,0.457794867745475,0.80172387603622,-0.86953931550249,0.514582443855264,0.514582443855264,0.145245942422476,-3.44414807707666,-0.0506812797060157,-0.025257821476793,0.155969546804626,-0.0791302681906799,0.12123789021992,-0.0869982744060549,0,5382.0000000001,0.297843330113026,0.0113404905887338,0.656814590324541,0.191260761581361,2137.55803910648,0.0624998605480869,136,2,"SNETWORK (2 3 2137.55803910648 0.656814590324541 100000534 136)",100
17,100000535,-0.382883773884641,155,0.152577399052067,0.406018494492994,-0.241215637293384,-0.241906399880321,-0.243823950879704,-0.240765784878326,-0.237418989384331,0.096895625716638,1.00820940483327,0.498095545468022,-0.163447582545667,0.00483015847454797,0.498095545468022,0.498095545468022,0.45670181815516,0.0124795631030656,0.0476992994438498,-0.241002356096869,0.0320143361445508,-0.443531827515401,0.0161216029479497,0.044324905863371,-0.265923265923267,-0.382883773884641,9,-0.138640847705844,-0.495017351043006,-0.489410875463393,0.117933424657813,-0.377319634404355,1.01448659948529,1.00777120815257,0.0665765289297676,0.39953885781323,4659.0000000001,2.97610540549688,0.280359955318337,397.0000000001,0.177952077906394,3.15405748330327,0.161485773503037,-0.0930434370909132,0.0104589504506589,0.807889685980767,-0.27287173177393,-1.67366502308063,0.937749801417876,-1.88056242118868,1.10586214170346,-1.61893697636748,-3.80064307980121,-0.454970810987152,-0.540597587807295,0.184506112164401,-0.131370822302063,0.121428129376516,-0.277526342387342,-1.4058558810172,-1.37829262321507,-1.40813399619979,1.12766084612749,-0.679689913920342,0.939840814303563,1.49659770561391,1.49659770561391,-2.06728269499232,1.06316675953723e-11,-0.338685837314882,-0.257868199816931,0.258029718739901,-0.419220754970911,1.16012668800964,1.18920211276801,0,4659.0000000001,0.152374738152006,0.00911103525103096,0.539029055402935,0.788869874821849,2024.53829820447,0.125,574,2,"SNETWORK (2 17 2024.53829820447 0.539029055402935 100000535 574)",100
41,100000536,-0.798760477449193,26,-0.886598059773572,-0.0928456434617663,-0.0369605603324269,-0.0422694509956289,-0.0386919408759992,0.931793961929656,1.11046652335016,0.899024457938771,-0.0743843135357665,0.323611445825419,0.429794210129544,0.352953850595545,0.323611445825419,0.323611445825419,0.554582688256633,-0.280908289831065,-0.435197335838194,0.0505741243081837,-0.391239575632607,-0.720739219712526,0,-0.434965034965035,-0.700859950859951,-0.798760477449193,10,0.142720350059202,2.36613311754279,2.41940598072536,0.0577537802175593,-0.798995448121233,-0.787815023850476,-0.0719253324647555,0.458123293040474,0.0598837708201693,746.0000000001,0.285695569727197,0.0864161836599793,2355.0000000001,1.30149209089896,1.58718766052616,0.0492586604138381,-0.28222523581695,-0.432751888714082,-0.644631603557207,-0.924368543355649,-0.424917034812274,-1.32385698894679,-0.287652863913852,-0.819675405075013,-0.205018543904992,-0.196484363175387,-0.0854522733444827,-0.274852374724615,-1.1465096367979,-0.183459987789404,-0.658232714974315,-1.30374704394875e-15,-1.4058558810172,-1.37829262321507,-1.40813399619979,-0.122729154094549,0.764532637421954,-0.15130923839385,-0.120246410243823,-0.120246410243823,0.719956597821029,1.06316675953723e-11,0.187890474321484,-0.0928637107191457,-1.03251259560733,0.46927710964378,-0.0883635998408678,0.0662693669576283,0,2355.0000000001,0.00886661443276087,0.0403920458810772,0.0416359056305551,1.16399584244937,1830.8905385605,0.0625,1232,2,"SNETWORK (2 41 1830.8905385605 0.0416359056305551 100000536 1232)",100
17,100000537,-0.232050622840576,176,0.152577399052067,0.406018494492994,0,0,0,-0.293207950148978,-0.301742101253243,0.0317969974383979,0.957633121244443,0.451887658625045,-0.173171099084751,-0.0412557574878663,0.451887658625045,0.451887658625045,0.444929962967706,0.0310601069755999,0.070322805806222,-0.230636750104845,0.0535427830218466,-0.443531827515401,0.0161216029479497,0.044324905863371,-0.265923265923267,-0.232050622840576,9,-0.500602411081417,-0.17108651404014,-0.169872283273129,0.630365495491698,-0.22828029309568,0.402581478196512,0.958069254003224,0.0233736225560004,0.15567967203987,2228.0000000001,0.554553778709613,0.133699366112231,2762.0000000001,0.590404415457672,1.14495819406729,0.0553623614190257,-0.280529986326205,0.636092638186636,0.313503612909635,0.560131660380894,0.375628038602193,0.4179362502516,0.397928938734799,0.842236405948071,0.586939268003563,1.36566881294923,0.969544875632888,1.22134093286811,0.180452479513463,4.10465943971932,0.121428129376516,-0.277526342387342,0.0674204826924641,0.0916949637128837,0.110282599056215,0.609314745624902,0.763616390455816,0.0124745779094623,0.710617160135867,0.710617160135867,-0.197812398594907,-0.016448254682852,-1.2137436398835,-1.17512510279757,-1.1112011302499,-1.04684202477517,0.839123848670521,0.197712561170701,0,2762.0000000001,0.0268144346439723,0.0285479266750533,0.613375326122977,0.831629288468974,2148.33421529463,0.125,595,2,"SNETWORK (2 17 2148.33421529463 0.613375326122977 100000537 595)",100
17,100000538,0.34567212595601,256,0.152577399052067,0.406018494492994,0,0,0,-0.525806711445851,-0.608613975360475,-0.172677653433002,0.660910760140996,-0.18994350003702,-0.403841513080795,0.211699050316054,-0.18994350003702,-0.18994350003702,0.370294479894883,0.247504485815216,0.313425937938726,0.0209014676530486,0.280368749437368,-0.443531827515401,0.0161216029479497,0.044324905863371,-0.265923265923267,0.34567212595601,9,-0.604813775287817,0.607414940799043,0.609017996370419,0.988838407969858,0.349797728078348,0.747067484893156,0.661968655800396,-0.230897859687893,0.320057388160253,1057.0000000001,0.540878126569663,0.130590752406755,2872.0000000001,0.599643919190052,1.14052204565971,0.0480940901135121,0.1056078235158,0.331883563906622,0.729573120614561,1.28152847244601,0.83504882520414,0.462109542870598,0.772695960499871,0.731307443240561,0.55739442166579,1.0669040180373,0.00341086114540012,0.161242614798575,0.152900740069409,0.663786579035475,0.121428129376516,-0.277526342387342,0.0560638664961992,0.0762494422862851,0.0917060908410349,1.06369230882232,-1.27017081330613,1.5609010385276,1.38899805876165,1.38899805876165,-1.08997970454047,1.06316675953723e-11,-0.439881082417268,-0.280470219040752,0.194702726342304,-0.514755368541977,-0.319894617676938,0.142297776231702,0,2872.0000000001,0.0228080127008906,0.0252860773126215,0.893156142968582,1.80658689327538,2614.20456050749,0.125,675,2,"SNETWORK (2 17 2614.20456050749 0.893156142968582 100000538 675)",100
29,100000539,-0.605061252287337,126,-0.790377993358492,-0.853832397374456,-0.715996162004961,-0.715344983900652,-0.711097017555422,0.636916322269326,0.599618458671839,1.84352338844902,-0.095508034406931,1.00103672380376,-0.108680828110397,3.01458203931556,1.00103672380376,1.00103672380376,0.0650576357668154,-0.732150260245211,-0.85329324865773,0.477080535905299,-1.03820369218237,1.05602816075095,-3.18648417450813,-1.88851148851148,0.604422604422604,-0.605061252287337,8,0.319466312153469,0.0470158592495307,0.0468132501269184,-0.34518158687102,-0.602616744447551,-0.312152560983456,-0.0932703312810166,0.778367893254517,5.18115905715775,2182.0000000001,18.0749222081972,0.0368922634283279,68.0000000001,0.00401087372310256,18.0789330818203,0.841221364610179,-0.429150361443816,-0.419044639261058,-0.564822122853303,0.336926489302261,1.42283652019459,-0.300692280927349,1.45201803998017,-0.176630402392083,1.36566625905329,1.29556512426108,-1.96489858254689,-1.13614521585268,0.149949347274289,-0.454732168731308,-0.471792152073761,-0.752292666128177,-0.897784372821835,-0.860982036160378,-0.83280147843515,-1.41492350608898,0.245478306175693,-0.735630958977276,-1.04371112815114,-1.04371112815114,0.792579762544788,-11.7860367313933,0.689762909627641,0.543648401534922,-1.9391145050311,1.2379652367949,-0.95987906181243,0.93188920416871,0,2182.0000000001,0.841034736650734,0.000186627859445739,0.768661430258289,1.13550886546727,1401.53932507218,0.25,921,2,"SNETWORK (2 29 1401.53932507218 0.768661430258289 100000539 921)",100
3,100000540,-0.448772330987068,75,-0.494845044588713,-0.486027089260215,-0.467885001197052,-0.45962963966976,-0.447550990366083,-0.353335550341304,-0.422906472934749,0.586124879454224,0.892056153538548,0.00740427593351728,-1.19152775412094,0.104504498697595,0.00740427593351728,0.00740427593351728,-4.82352927239073,0.234167209808676,0.286563171471865,1.25552194767337,0.0375393005907584,0.501026694045174,-0.58882235528942,1.04055944055944,1.3033033033033,-0.448772330987068,7,1.28042861798438,0.0337675482558866,0.0336163563798891,-0.741847679233013,-0.444612920260852,0.963940663551466,0.891850749374579,-1.02215117154964,0.0867388334418127,2688.0000000001,0.37276735777612,0.118684235870717,2761.0000000001,0.523907334848139,0.89667469252426,0.0418201169828059,0.201220554134914,0.0920753752643645,0.961856630028981,1.04210554256314,0.112872715522239,0.758415043439044,0.115194981009432,0.975892160365299,0.0866285347364592,0.196436100959436,-0.402858443989568,0.232207725572351,0.278848030170105,0.163416603597343,-0.266060222622268,-0.544312036917652,-0.897784372821839,-0.860982036160383,-0.832801478435155,0.356294444519069,0.583629207065564,-0.0812920374985209,0.390813382553428,0.390813382553428,0.367167014767633,-25.3501342117392,0.980983159755482,0.917351445509002,0.413323275625931,0.988620596947794,-0.23425856964166,-0.656553023893481,0,2761.0000000001,0.0173855408207886,0.0244345760620173,0.41292510197594,0.332244610556685,1785.89361015232,0.0624998605480869,76,2,"SNETWORK (2 3 1785.89361015232 0.41292510197594 100000540 76)",100
17,100000541,0.443214810131064,265,0.152577399052067,0.406018494492994,0,0,0,-0.530335163538908,-0.618201499449617,-0.176793044446613,0.64907742466586,-0.214765192896671,-0.390082764119027,0.168793562511141,-0.214765192896671,-0.214765192896671,0.366611337645464,0.249786571132324,0.317351805190217,0.0174440921862374,0.28387677167798,-0.443531827515401,0.0161216029479497,0.044324905863371,-0.265923265923267,0.443214810131064,9,-0.68213164785568,-0.559574657296707,-0.552758365665746,0.947490785876437,0.454008701842499,1.61129828156518,0.650010631030848,-0.0425046434936128,0.239544917276513,1351.0000000001,0.517414843869236,0.157354404108696,1203.0000000001,0.302650297005517,0.820065140774753,0.0424689540835603,-0.717214539756897,0.857712967206902,1.3494233051401,1.74852730623992,0.597223254170328,1.30105955312044,0.677540174733645,1.11040639634288,1.01698536956409,1.92744105547003,-0.109483711870993,0.064435555431073,0.25589808649925,0.536796378460958,0.314352162041392,0.0417794190008067,0.0447488908488996,0.0608605539254091,0.0731976958724915,1.14974446874793,-0.943290872454661,1.2811131298704,1.53449695241253,1.53449695241253,0.606031963157942,1.06316675953723e-11,-0.102867552383634,-0.0725190913673821,0.310393920561185,-0.173592578237526,0.163372497022958,-1.14620095331828,0,1351.0000000001,0.026795514283617,0.0156734396999433,0.923619522407374,1.20531872711377,2664.92992922829,0.125,684,2,"SNETWORK (2 17 2664.92992922829 0.923619522407374 100000541 684)",100
37,100000542,0.507913457344863,121,1.29896932353205,1.22104076566898,1.45807027539656,1.42805593959054,1.43873085382348,0.173707778171114,0.0991632841912492,-0.467833250785621,0.552422643745847,-0.497218521302704,0.638990883398538,-0.947639582797326,-0.497218521302704,-0.497218521302704,-0.54938524539139,-0.643438475844971,-0.698229096952125,-0.536600506124488,-0.740794582522972,1.28439425051335,-2.76197604790419,-0.927972027972028,1.1480343980344,0.507913457344863,12,0.937941092481953,1.56063799882745,1.5821211638731,-0.587401454244755,0.503145496429621,-0.283835596001576,0.553402457653061,-0.496232880853532,2.68470580406908,49.0000000001,0.84129797518822,0.675812062320576,1822.0000000001,7.87465205787974,8.71595003296797,0.311148784966952,0.148097386806524,-0.405920022156095,0.815500541400597,-0.413047104693432,-1.90836949717049,-0.606957829641672,-1.49337525211418,0.110414083349991,-2.06853637847174,-3.64779352377663,0.193553239203715,0.147098857953482,0.141487033075738,0.221262193011825,0.528207847926239,1.07109749798066,2.19258446122348,2.1515594435597,2.28302402457116,0.349740085602834,-1.18093593230771,0.846770188249027,0.383020974569855,0.383020974569855,0.331065149759338,-0.219825649213495,0.294411977755776,0.31633781944507,0.67450421381449,0.173563074871966,-0.840379757121076,-0.762024051439369,0,1822.0000000001,0.0300333115348979,0.281115473332054,0.71522690906151,0.657152118147738,4957.74908067834,0.0312499339939208,1169,2,"SNETWORK (2 37 4957.74908067834 0.71522690906151 100000542 1169)",100
34,100000543,1.199950780851,248,1.95876350285277,1.6240746339498,1.11742223327512,1.09970853501445,1.1005013034785,0.670919158908257,0.521120121422704,-0.241050035239278,-0.652876731175253,-0.627892863416653,0.595851234973037,1.61222857887255,-0.627892863416653,-0.627892863416653,-0.843237152551395,-0.660162938534696,-0.743693799927778,-0.694627464102984,-0.732949454774368,-1.3305954825462,1.62674650698603,0.565034965034965,-1.23832923832924,1.199950780851,12,-0.889672005129259,-0.833871539798256,-0.820643940363706,1.47140116975881,1.19666846654971,-0.0431015679130486,-0.649018401485027,0.29298474013756,0.0763783072196992,271.0000000001,0.132372076421823,0.0692864169724011,813.0000000001,0.360243132273334,0.492615208595157,0.026781251718394,-1.21214114515462,-1.16979635736593,1.10417131678375,0.622263244517979,-0.792298358990172,0.197593439966478,-0.946098899950208,-0.968760713667685,-0.80212163612735,-0.173088080237856,-0.543032228990618,-0.561694952072273,-0.17255155478886,-0.268050721803792,0.596004386864676,1.11697181886013,2.19258446122347,2.15155944355969,2.28302402457116,-0.215232449062018,-0.234927939968103,0.788269579441224,-0.206428675445818,-0.206428675445818,2.61176235065719,1.06316675953723e-11,-0.679794092870439,-0.671086879515858,-0.0426891520539758,-0.720169021492974,0.583220654880325,0.0767041105337251,0,813.0000000001,0.00719646860691439,0.0195847830114796,0.0344730239418523,0.257421973161399,5701.01178940916,0.00781248349848019,963,2,"SNETWORK (2 34 5701.01178940916 0.0344730239418523 100000543 963)",100
17,100000544,-0.416720495124293,149,0.152577399052067,0.406018494492994,-0.358045591966192,-0.357303355798844,-0.355675841278248,-0.184653338831576,-0.181804970819426,0.146468163990216,1.07064170181113,0.611484304880424,-0.0730230394277396,-0.0748217538339787,0.611484304880424,0.611484304880424,0.470388774996662,-0.0330410781635335,-0.00625453382031363,-0.338814224279545,-0.00746763602448143,-0.33264887063655,-0.333618477331052,-0.204195804195803,-0.181818181818182,-0.416720495124293,9,0.293959777073315,-0.341291149734507,-0.338115129425098,-0.358489371427936,-0.415614688187781,-0.0735780880948299,1.06987753957232,-0.134733168568751,0.136704058819593,3818.0000000001,0.834476109397064,0.322204188396669,722.0000000001,0.371933206051336,1.2064093153484,0.0601122387252322,-0.858847072414177,-0.67497984716514,-0.0694023429215914,-0.222000379945423,-0.238451525447617,0.0425250558539075,-0.261305894800892,0.699596127633241,-0.133320117005971,-0.313150732422374,-0.37034395387015,0.0454812789830105,0.189516995775566,0.405878529889232,0.121428129376515,-0.277526342387342,-1.4058558810172,-1.37829262321507,-1.40813399619979,0.928972739531328,1.53124567434328,-1.11137150967846,1.17263976988435,1.17263976988435,-0.546518403801602,1.06316675953723e-11,-0.362115008451694,-0.173782189138122,-0.962409557507079,-0.150048162827603,1.31845233236571,0.544766606095078,0,3818.0000000001,0.0415797742732051,0.0185324643520271,0.517930574858764,0.750924799591303,1989.40666721776,0.125,568,2,"SNETWORK (2 17 1989.40666721776 0.517930574858764 100000544 568)",100
41,100000545,-0.792309004894899,28,-0.886598059773572,-0.0928456434617663,-0.0369605603324269,-0.0422694509956289,-0.0386919408759992,0.935183851917012,1.11336709725204,0.897483006843865,-0.0752536335687553,0.32406234201508,0.428802285743406,0.353349320333436,0.32406234201508,0.32406234201508,0.554202455986799,-0.283438267691145,-0.436854972358718,0.0549109734178377,-0.395223393770126,-0.720739219712526,0,-0.434965034965035,-0.700859950859951,-0.792309004894899,10,0.199048375587938,2.7796319618239,2.85407983042989,0.0452165736113334,-0.792525059657831,-0.730912945380603,-0.0730623249838273,0.11545936741929,0.100918652010544,492.0000000001,0.317535351510583,0.147060662960033,2852.0000000001,2.68226436404975,2.99979971546033,0.0866636690013275,-0.449385375587793,-0.312397575098802,-0.280807877519998,-0.648677411601975,-0.568106408404214,-1.31932026237186,-0.358136731131956,-0.817153578181645,-0.307281713265283,-0.294040638022448,-1.51910220407067,-1.73039528020959,-1.11383577891896,-0.469491797236579,-0.658232714974315,-1.30374704394875e-15,-1.4058558810172,-1.37829262321507,-1.40813399619979,-0.0876295410713458,0.813485498969521,-0.264470666735447,-0.0865580762509423,-0.0865580762509423,-16.1280500197502,1.06316675953723e-11,-0.13599160073482,-0.174817966876954,-0.777421768539744,0.0529230491413723,0.427351996632025,0.0681540019407452,0,2852.0000000001,0.00917353862599721,0.0774901302753302,0.0477666120453231,0.113447532057762,1841.31208792227,0.0625,1234,2,"SNETWORK (2 41 1841.31208792227 0.0477666120453231 100000545 1234)",100
17,100000546,0.55058329816303,277,0.152577399052067,0.406018494492994,0.0737102907633875,0.0682577010310203,0.067165878475577,-0.539850761090349,-0.629873662039756,-0.163330980053808,0.635511496568454,-0.270436913709162,-0.37732090804076,0.140945707792569,-0.270436913709162,-0.270436913709162,0.363437430514936,0.250914340522967,0.318037333358707,0.00327628023399672,0.287894793414175,-0.443531827515401,0.0161216029479497,0.044324905863371,-0.265923265923267,0.55058329816303,9,-0.630924869432443,0.11544295369362,0.115045328495626,0.960692746620402,0.55216731919215,0.458712787749969,0.636190290928338,-0.527649691696027,0.124222668231699,1726.0000000001,0.342797952407691,0.130645149614193,1697.0000000001,0.354463651670654,0.697261603978344,0.0320555818890181,0.269463948183889,0.224494384207457,0.36882383033756,0.464550290188166,0.143967689745314,0.385885574342719,0.144987212168795,0.681711747573672,-0.0203248181421752,-0.0312284080647702,0.499837047792307,0.317129354395856,0.150311406660975,0.758747879323297,0.332059554824293,0.0710866568816798,-9.04730289579023e-15,-4.51494518067087e-15,-4.84823954093274e-15,0.787002915404749,-0.885420677070025,1.33150087602925,0.958904388317941,0.958904388317941,0.393112587552779,-0.056615896960164,-0.569025583646513,-0.487027041070198,-0.154058667949704,-0.571946016788113,-0.89198855697001,-1.01196759966734,0,1726.0000000001,0.0157596341691351,0.016295947619883,0.964099993939479,1.38345433945702,2732.33501961177,0.125,696,2,"SNETWORK (2 17 2732.33501961177 0.964099993939479 100000546 696)",100
17,100000547,-0.79280564472728,69,-0.711340194022643,-0.147031598306002,-0.358045591966192,-0.357303355798844,-0.355675841278248,-0.0470384396233852,-0.0405520869956306,0.296901037804928,1.30009078724866,0.68804963734155,0.0504846150464032,-0.0957060628878533,0.68804963734155,0.68804963734155,0.507607766320486,-0.0135301502511243,-0.0138971471890992,-0.451261322136581,0.0377154831551412,-0.596303901437372,0.141716566866268,0,-0.395577395577396,-0.79280564472728,9,0.84432242798317,0.374162826308272,0.374082142462301,-0.605946891017814,-0.7938500341106,-0.523767132504297,1.29959225095868,-0.118620243459172,0.157806653699421,1e-10,1e-10,0.17665270857367,5335.0000000001,1.50678503717182,1.50678503717182,0.0661928528298826,0.26704718404677,0.413828804345673,-0.687069192565792,0.165523342401252,1.30612759273039,-0.62131460738822,1.25870040421137,0.416852566980659,1.26930649655551,3.46242068102384,0.443080987111698,0.368945509865811,-0.856356770637915,0.637744809793236,-0.378376162549687,-0.538895197361737,-1.4058558810172,-1.37829262321507,-1.40813399619979,0.0891394089957815,0.833067676654881,-0.294239721729714,0.0917602588748576,0.0917602588748576,-0.380600777922598,1.06316675953723e-11,-0.295837439257616,-0.324822545465872,-0.558154183526633,-0.148905773693132,0.684557405313516,0.683293821304279,0,5335.0000000001,0,0.0661928527298826,0.234929839861006,0.589544338653919,1518.1747521946,0.125,488,2,"SNETWORK (2 17 1518.1747521946 0.234929839861006 100000547 488)",100
41,100000548,-0.592558041677982,78,-0.886598059773572,-0.0928456434617663,0.315622755524543,0.310024668600395,0.31737100022456,0.99026450072114,1.14553787129189,0.674846345661175,-0.173867786250078,0.568793730322417,0.525236714213858,0.316871213440748,0.568793730322417,0.568793730322417,0.530406103937377,-0.499486556369036,-0.632335501818642,0.0411776416659229,-0.665084193911974,-0.720739219712526,0,-0.434965034965035,-0.700859950859951,-0.592558041677982,10,-0.234919142160932,0.0921519125809119,0.0918074257821848,0.232394921824305,-0.592323709514851,0.0671120655879982,-0.171394082511879,-0.912305110329626,0.143225889143584,1782.0000000001,1.63224281584195,0.0991831438561167,83.0000000001,0.0526467422314766,1.68488955797343,0.0777784120859578,0.24339283254325,0.189694470704595,0.277348147368964,-0.302539894341826,-0.885047881457793,0.0673411460472683,-0.896444635976198,-0.0643145035471452,-1.04131752446806,-0.832433247144953,-0.438961095211872,-0.685753592824845,0.132818701652114,-0.287638318764085,-0.658232714974314,-1.30374704394875e-15,0.102215627178161,0.139017963839617,0.167198521564845,0.371541488485909,-0.635822506505156,0.341947054261304,0.409033016069262,0.409033016069262,-0.518268054791647,1.06316675953723e-11,-0.277483190224458,-0.557727101124571,-1.25337036858214,0.0129350255521914,-0.177862640722615,0.765315650696424,0,1782.0000000001,0.075348116195895,0.00243029579006274,0.213427533454944,0.466691322624683,2122.91804863635,0.0625,1284,2,"SNETWORK (2 41 2122.91804863635 0.213427533454944 100000548 1284)",100
13,100000549,0.965965586066409,329,0,-0.0695595240108285,-0.110963835372034,-0.110383201657025,-0.109843962764069,-0.797674049397602,-0.990043289600161,-0.0965848526692842,-0.421457690949925,-1.76843473843447,-1.33098905464823,0.725457881238349,-1.76843473843447,-1.76843473843447,-2.92516655553687,0.777531185656884,1.03123261733452,2.11935645277302,0.564426767420257,1.07186858316222,-1.64670658682635,0.299300699300701,1.38452088452089,0.965965586066409,7,0.973065258014716,-0.613021963525138,-0.605118531173054,-0.687094084027366,0.963562158516996,-0.087711111994212,-0.418257174437875,0.358142377074139,0.0377731827195646,3854.0000000001,0.232750339530757,0.0688915632133859,839.0000000001,0.0924108647937278,0.325161204224485,0.0169992301913111,0.216028195891426,0.337865422999075,0.188247470903,0.0201335181362864,-0.255195942296903,0.0966202966285213,-0.293634376600344,-0.397579832823753,-0.236438774584561,0.0643459998929618,0.41941377278981,0.109128613634175,-0.0435676822290452,-0.0103677527720023,0.223123099423871,0.103212322371745,0.000480866141918987,0.0349290148369488,0.115671933158067,-0.590577711150575,0.490536957750703,-0.211093080347269,-0.520299169205775,-0.520299169205775,0.512716378922101,-0.139036730939193,-0.760466451587566,-0.599026952961722,-0.390490240830505,-0.724503139495986,-1.0352155799312,-0.889021926166553,0,3854.0000000001,0.0121680462602158,0.00483118383109534,0.400764098231687,1.02284018229693,3240.82963292091,0.0156249651370217,329,2,"SNETWORK (2 13 3240.82963292091 0.400764098231687 100000549 329)",100
12,100000550,0.498685646995893,263,0,-0.0695595240108285,-0.467885001197052,-0.45962963966976,-0.447550990366083,-0.696267974562102,-0.81634008063378,-0.0966593239961108,0.0232244516291435,-1.25054143740316,-1.73584878685296,-0.0819670289108813,-1.25054143740316,-1.25054143740316,-5.46890655411892,0.506735667970057,0.656081172300625,1.72940088010182,0.294418358417188,0.184804928131415,-0.778443113772456,0.103496503496504,0.51023751023751,0.498685646995893,7,-0.641874863238971,0.521879585122271,0.522713762520594,1.068602263385,0.496062372873253,0.239460638761809,0.0251819715812188,-0.543456326702655,0.468627503106876,2411.0000000001,1.80642534442401,0.0355443267461657,828.0000000001,0.0470539041440395,1.85347924846805,0.0793394753743859,0.0219074707971361,0.00796132784574788,1.24173667917381,-0.0630627775145138,-2.02017851224371,0.108230939887456,-1.89674478130274,0.148828539122546,-2.0511455473464,-2.17978194496657,1.19867353806267,0.987594790282993,0.0692734058427395,2.55305278972734,0.223123099423871,0.103212322371746,-0.562383336645466,-0.507854488978701,-0.450530884628106,0.392490404557145,-0.659917623827469,0.064708347569129,0.434278777303775,0.434278777303775,0.0586536989195001,-0.240748070902117,-0.838726472953412,-0.798531790456725,-0.314690220968343,-0.828528579136512,0.23618995711416,0.367131673141521,0,2411.0000000001,0.0773253000092717,0.00201417526511421,0.853537777554511,0.769547784942225,2871.97977853786,0.0312499302740435,263,2,"SNETWORK (2 12 2871.97977853786 0.853537777554511 100000550 263)",100
17,100000551,-0.0736782368776362,201,0.152577399052067,0.406018494492994,0,0,0,-0.373911946635838,-0.398616905830111,-0.046603459878353,0.881432306804962,0.273473875770548,-0.25876287607086,-0.00631410582756124,0.273473875770548,0.273473875770548,0.426012527249076,0.101148082839909,0.149780938561065,-0.116430657204223,0.120997284109882,-0.443531827515401,0.0161216029479497,0.044324905863371,-0.265923265923267,-0.0736782368776362,9,-0.409611684678496,0.150732149025496,0.150279942848712,0.518355521287767,-0.0738363508057915,0.338925919262761,0.882430600479829,-0.776426936108855,0.139584701096542,2395.0000000001,0.534490404646849,0.17257500379753,1413.0000000001,0.38986713617409,0.924357540720938,0.0422330052876183,-0.372531497105495,-0.222956090319702,0.694184800652762,-0.126266869485621,-1.28448030667186,0.28330303195936,-1.28752567563176,0.744898917435167,-1.90496003103398,-4.14114033866385,0.685922448549539,1.02836445655273,0.173744567601462,3.34360730272431,0.121428129376515,-0.277526342387342,0.0532947653586266,0.0724833371178465,0.0871765523639193,0.798909502206276,1.33199646354368,-0.794714733914576,0.97629014406782,0.97629014406782,0.212439017086137,1.06316675953723e-11,-1.08089535066045,-0.966304449224943,-0.758107426989857,-0.986641358304386,0.462954848502143,0.129116476051687,0,2395.0000000001,0.024420351472219,0.0178126537153993,0.700538664378159,1.38433492835611,2293.47216628308,0.125,620,2,"SNETWORK (2 17 2293.47216628308 0.700538664378159 100000551 620)",100
17,100000552,0.161002253672293,232,0.152577399052067,0.406018494492994,0,0,0,-0.475781299844311,-0.525053514637135,-0.150093244954169,0.714899313841918,0.0231815610386688,-0.336850000839093,0.162260598130169,0.0231815610386688,0.0231815610386688,0.381521711476367,0.234496459141585,0.298750985337942,-0.00101039431751696,0.267979125898299,-0.443531827515401,0.0161216029479497,0.044324905863371,-0.265923265923267,0.161002253672293,9,-0.107025505029647,0.0192879116211674,0.019198003282569,0.0547443471285215,0.16035998721754,-0.358021472051969,0.71592603818425,-0.0131390525972879,0.154571909676134,973.0000000001,0.240458418958853,0.855303054364814,2717.0000000001,3.71540563890502,3.95586405776387,0.184968926955186,0.201739062904101,0.843226822787183,-0.430528434355899,-0.455160781087436,-0.0282725255328765,-0.345824035990842,-0.0292966049069751,0.341841810768195,-0.0460460606062294,-0.0889283509829759,0.313962149033748,0.100882611594111,0.158272849059997,0.611005292196191,0.121428129376515,-0.277526342387341,0.0511078135890781,0.0695089819198063,0.083599260782425,1.09722196900411,1.68522447755948,-0.982380484151422,1.44499622468102,1.44499622468102,0.0896955094831779,1.06316675953723e-11,-0.472037920302556,-0.511151166036388,-0.701938453380929,-0.333364423306707,1.32099897058895,0.47879500716542,0,2717.0000000001,0.0112433933626836,0.173725533492502,0.811780403502657,1.26656466483837,2478.70369141873,0.125,651,2,"SNETWORK (2 17 2478.70369141873 0.811780403502657 100000552 651)",100
29,100000553,-0.512577224964703,145,-0.790377993358492,-0.853832397374456,-0.715996162004961,-0.715344983900652,-0.711097017555422,0.591235336426962,0.574565365954311,1.78346538721154,-0.228479226652899,1.18282611090019,-0.211908936060944,3.49308040461666,1.18282611090019,1.18282611090019,0.12673222377108,-0.768805798171811,-0.854187537328811,0.830932214754508,-1.14919332424091,0.340041067761807,-1.74251497005988,-1.15244755244755,0.0515970515970513,-0.512577224964703,8,-0.211538606834109,-0.114137737027867,-0.113411293661418,0.170716111056283,-0.510743021409736,0.156906874224874,-0.225527894769382,0.239355932502346,0.23564251521638,3433.0000000001,1.29336831861439,0.0680304002265043,446.0000000001,0.0485101536874366,1.34187847220183,0.0642359393218859,-0.334839915911768,-0.326862977361533,0.162733223546813,-0.0789882973278166,-0.376236628609073,0.199360818075522,-0.395514817117861,-0.0609154219116515,-0.360784684631534,-0.2719932057394,-0.223792914679899,-0.370408285678354,0.01542876371432,-0.0873507789178711,-0.471792152073761,-0.752292666128179,-0.89778437282183,-0.860982036160374,-0.832801478435145,0.691351826514127,1.2996618182861,-0.584785290942353,0.822690948765369,0.822690948765369,0.524857011782334,1.06316675953723e-11,0.0570371385265206,-0.0478521712743642,-1.27444255284009,0.384406495421314,1.11836971486615,0.81222518415201,0,3433.0000000001,0.0619137503334942,0.00232218888839172,0.88147126561025,1.05871018860489,1506.19468593061,0.25,940,2,"SNETWORK (2 29 1506.19468593061 0.88147126561025 100000553 940)",100
13,100000554,0.725032278895138,295,0,-0.0695595240108285,-0.110963835372034,-0.110383201657025,-0.109843962764069,-0.891669539550972,-1.07357592418886,-0.455350051237115,-0.257800257469916,-1.31243319988301,-1.72334806994042,-0.0637886754452438,-1.31243319988301,-1.31243319988301,-3.09609481989702,0.521491370292096,0.747761073669143,1.65183932214636,0.32722090984714,1.07186858316222,-1.64670658682635,0.299300699300701,1.38452088452089,0.725032278895138,7,-0.599173925532297,-0.0635905690757066,-0.0632270156822558,0.853677735188498,0.726549552684194,1.19196137213303,-0.255100255898714,-0.55987234154365,0.0561974882923615,3504.0000000001,0.314829947354111,0.0670604161386227,1570.0000000001,0.168329770178593,0.483159717432704,0.0229238375547013,-0.167489710055592,-0.171139197607506,0.327427580622378,1.45365654340497,1.7435885281097,0.925008603926511,1.81430129313595,0.247280593435309,1.61046722438312,1.18697883843361,-0.39246525952324,-0.371346418597945,0.111971623811413,-0.200746140579412,0.223123099423871,0.103212322371743,0.000480866141918987,0.0349290148369488,0.115671933158067,0.181911388271487,-0.0533689380244348,0.332854211715871,0.19140688559081,0.19140688559081,3.03387811766036,-20.1917697892165,0.978115507373544,1.12073995675651,1.10242053554087,0.819007730685427,-0.0934643948695306,-0.233527806136257,4.49537042798594e-13,3504.0000000001,0.0149373184018065,0.00798651905289481,0.165858753667246,0.84423686303154,3048.72756447636,0.0156249651370217,295,2,"SNETWORK (2 13 3048.72756447636 0.165858753667246 100000554 295)",100
43,100000555,-0.439147208772194,23,0.12371145778112,0.869954874556633,0.532114998802948,0.540517197237357,0.552449009633917,-0.290043430348161,-0.234832502042723,-0.64283905875355,0.0273079879928005,-0.294776499635105,0.499211783385901,-1.2312942293509,-0.294776499635105,-0.294776499635105,0.406593142873151,0.571178269630183,0.380222298497688,0.00815631345261585,0.690762193844201,0,0.0419161676646709,0.81118881118881,0.429975429975429,-0.439147208772194,11,-0.452342953584421,-0.0590942268114242,-0.0587597761614106,0.559329229377369,-0.434641185669417,0.614374317326862,0.0306980440411187,-0.260008439161528,0.0819708780454231,4.0000000001,0.323138007494494,0.202758386831148,1.0000000001,0.199823836055644,0.522961843450138,0.0247926291650076,-0.225342744778805,-0.313586797582553,-0.182139458722211,0.722653821813586,1.41325106744965,0.547536498624987,1.46933428707696,0.369096151159849,1.37283592746221,1.51056060806686,1.17226710322764,0.703965347926978,0.173352638797608,1.19021520472443,-0.353148128111645,0.538992472803681,0.612828827038242,0.658103507250285,0.698684188574667,0.113415657718645,-1.34046454867342,-0.0739370386559722,0.1174196729352,0.1174196729352,0.264929401069634,-0.0115149656470922,-0.893137033014756,-0.74680670007888,-0.170942999641831,-0.92284763157542,-0.666796569425747,-1.02212054135939,0,4.0000000001,0.0153193600183436,0.009473269046664,0.0881236574708135,1.20148077701297,2926.11718704462,0.0312500660060792,1494,2,"SNETWORK (2 43 2926.11718704462 0.0881236574708135 100000555 1494)",100
3,100000556,-0.265492851771896,115,-0.226804037760009,-0.273941878615531,-0.467885001197052,-0.45962963966976,-0.447550990366083,-0.375462285778209,-0.436507539174343,0.548113160798157,0.762997657371494,-0.0341875236681269,-1.24241978300945,-0.117512804315575,-0.0341875236681269,-0.0341875236681269,-4.39282467686391,0.167199315352456,0.235208389938529,1.13441652091309,-0.0247187233860919,0.0739219712525668,-0.0898203592814364,1.0005994005994,0.837837837837838,-0.265492851771896,7,0.272736389280312,-0.284684636960697,-0.282245430940068,-0.338613288431094,-0.26219182795764,0.688485829003721,0.763118767463919,0.0433358672638633,0.697716904563038,3048.0000000001,3.40008083569412,0.874294506157459,1378.0000000001,1.9262027622566,5.32628359785072,0.262755949225178,2.04063189114471,1.02582157201335,0.941008725850559,0.750198851902536,-0.285015896269306,0.661506481308544,-0.309043430936687,0.873932984349786,-0.0535241189966599,-0.107615715154958,-0.142195756289396,-0.283450537649267,0.1628891934982,-0.212045162324965,-0.183656619125852,-0.461007527196321,-0.825412455692725,-0.776467840508733,-0.737745288446673,-0.537944444829098,-0.653775588272518,0.555184269657303,-0.479533454734872,-0.479533454734872,1.05938149442868,-15.7872287610785,1.28174132200233,1.12216539298775,1.31024545284016,1.10134507729212,1.21326293122313,-0.806698341907262,0,3048.0000000001,0.167732613305859,0.095023335819319,0.578417855725655,1.30261209630397,2024.5177310093,0.0624998605480869,116,2,"SNETWORK (2 3 2024.5177310093 0.578417855725655 100000556 116)",100
41,100000557,0.1128764441358,203,-0.419244275461604,0,0.315622755524543,0.310024668600395,0.31737100022456,0.989290435193406,0.895614928633882,-0.373927880378104,-0.449841367992241,0.77789069348025,0.69090705425534,0.491285752601238,0.77789069348025,0.77789069348025,0.437959110138326,-0.6712370696899,-0.790744853201271,-0.28656938950899,-0.821612212182909,-0.720739219712526,0,-0.434965034965035,-0.700859950859951,0.1128764441358,10,-0.382849083292917,0.953274336259245,0.959733267681677,0.510513236861058,0.110345856822525,-0.569416858317277,-0.443845537907542,0.195836953071734,0.0745196928987141,951.0000000001,0.453217960636355,0.121141637678531,980.0000000001,0.759232962911995,1.21245092344835,0.0481231948808215,-0.456912877409851,-0.278431855860564,0.283352060052441,-0.548557479568381,-1.30048034413937,-0.797300112434989,-1.13171354180751,-0.94738477868041,-1.41593469631243,-0.673459788337768,-0.788834258756501,-0.551990729595172,-0.747254578690978,-0.27104428732602,-0.353148128111646,0.538992472803681,0.102215627178161,0.139017963839617,0.16719852156485,0.495096317066114,-0.418150500580022,1.24185725379881,0.561562803267853,0.561562803267853,-1.46638019229424,1.06316675953723e-11,-0.300791475018175,-0.174526892712582,0.468182965459255,-0.428485644428793,0.635176874296426,0.372653658357472,0,980.0000000001,0.0179886012481442,0.0301345935326773,0.627900883227984,0.264822646218818,2827.4786949255,0.0625,1409,2,"SNETWORK (2 41 2827.4786949255 0.627900883227984 100000557 1409)",100
17,100000558,-0.237608143696584,174,0.152577399052067,0.406018494492994,0,0,0,-0.281638645109898,-0.283811099325968,0.0475647970234431,0.963482511170762,0.458923241623736,-0.17133208679924,-0.035074288699223,0.458923241623736,0.458923241623736,0.446349022791375,0.0283545862749701,0.0668738288020011,-0.234540360708721,0.0508457099139029,-0.443531827515401,0.0161216029479497,0.044324905863371,-0.265923265923267,-0.237608143696584,9,-0.310565793380114,-1.11707595828823,-1.09501942042881,0.121495930224129,-0.238547815947704,-0.399933324925677,0.963151037543372,-0.665642293200765,0.124652965194454,1488.0000000001,0.29655286176276,0.100096253667244,3307.0000000001,0.529235042295558,0.825787903958318,0.0472098099888929,0.409514860621891,0.337171785016579,0.553626147314619,-0.303513985716935,-1.30327967851942,-0.126999206076841,-1.63598434749017,0.568973762899986,-0.798136559747631,-1.82044361380202,0.45924860456784,0.615615502709468,0.18084428263741,0.867315272529816,0.121428129376516,-0.277526342387341,0.102215627178165,0.139017963839626,0.16719852156485,0.079869023881553,-0.595958877738204,0.880667019713087,0.0820382143251012,0.0820382143251012,-0.509211901640029,1.06316675953723e-11,-0.60521380961482,-0.627807475590845,-0.397493784168319,-0.552771944466199,0.504649081543866,0.160933717324228,0,3307.0000000001,0.0169537530831986,0.0302560568056943,0.606195784571075,0.241975129204225,2136.37937314725,0.125,593,2,"SNETWORK (2 17 2136.37937314725 0.606195784571075 100000558 593)",100
13,100000559,0.700721153441762,292,0,-0.0695595240108285,-0.467885001197052,-0.45962963966976,-0.447550990366083,-0.88516164337333,-1.04602544987154,-0.515979139360717,-0.205725719702496,-1.20920386054641,-1.79892185544526,-0.366094518064754,-1.20920386054641,-1.20920386054641,-2.92658285509918,0.421631208993942,0.644002738669025,1.53739186894492,0.222276659447932,1.07926078028747,-2.2934131736527,-0.447552447552448,1.28992628992629,0.700721153441762,7,-0.641522918665272,0.0239658765562659,0.0238555876905628,0.967276431263591,0.699500726590769,0.750836735690195,-0.193759961879084,-1.266080725917,0.0649482048123874,3525.0000000001,0.366033897919322,0.0402287536384086,1585.0000000001,0.101943814021172,0.467977711840494,0.0218637627805474,-0.276494303048454,-0.222911723498449,1.31712147214823,1.02076561231667,-0.475691263933252,0.620858334216779,-0.487804716903286,0.181273855992602,-0.226798215023132,-0.129832171294216,0.961303802769732,0.634252564914168,0.0225822638986499,0.859471230541121,0.223123099423871,0.103212322371745,0.000480866141918987,0.0349290148369533,0.115671933158063,-0.0783970661426028,0.41985993567141,0.574500510713025,-0.0776046688718214,-0.0776046688718214,-0.0112689842486521,-3.26951010001459,-0.374291987418098,-0.19463776723492,0.233191071590147,-0.4522172814302,0.747790881364595,0.639191651978361,0,3525.0000000001,0.0171009816796472,0.00476278100090025,0.147003527343068,0.99411821551621,3033.30804311732,0.0156249651370217,292,2,"SNETWORK (2 13 3033.30804311732 0.147003527343068 100000559 292)",100
28,100000560,-0.326618313288002,172,-0.790377993358492,-0.853832397374456,-0.715996162004961,-0.715344983900652,-0.711097017555422,0.778814355960649,0.788919868784561,2.03793412571441,-0.422574956174931,0.4799820742961,0.110358836574048,2.81620204863124,0.4799820742961,0.4799820742961,0.00507397333708807,-0.853498557754115,-0.923718432676606,0.721391754275101,-1.23591355034629,0.468172484599588,-2.26546906187625,-1.53286713286713,0.194922194922195,-0.326618313288002,8,-0.193745922428526,-2.05826226165245,-1.98983766187983,-0.125413904702081,-0.325656061830541,0.00717231164959576,-0.419493691501056,1.17849233951978,0.190810647700995,3054.0000000001,0.9316792086903,0.0678209702141754,1232.0000000001,0.133588622434637,1.06526783102494,0.0720531770054899,-0.824927998456422,-1.01461457126052,-0.654924828714291,0.107484377762083,1.23119338683718,0.573959575370605,1.82390300857732,-0.16583291873167,1.88424006971573,-0.919480458444424,-2.12925791485709,-2.09337980344631,-0.0439676882215444,-0.491155758252703,-0.471792152073761,-0.752292666128179,-0.897784372821835,-0.860982036160374,-0.83280147843515,-1.45302350406627,0.24839906057926,-0.942711805471264,-1.06336681364875,-1.06336681364875,-7.84898437077441,-1.9151035472896e-09,1.14577920132613,1.30707075418274,0.99251690400101,1.02919084185303,-0.175340148594738,1.04184765213699,0,3054.0000000001,0.0630174355095625,0.00903574139592742,0.0506633358505693,2.63022642844589,1656.37628107838,0.125,713,2,"SNETWORK (2 28 1656.37628107838 0.0506633358505693 100000560 713)",100
12,100000561,0.494916029536456,262,0,-0.0695595240108285,-0.467885001197052,-0.45962963966976,-0.447550990366083,-0.703351487142523,-0.822007437521232,-0.0966593239961108,0.0238790874105073,-1.2465051090086,-1.73846957161172,-0.0832995573639415,-1.2465051090086,-1.2465051090086,-5.47034323960041,0.507637603006118,0.656993939670208,1.73081675067591,0.295298216281963,0.184804928131415,-0.778443113772456,0.103496503496504,0.51023751023751,0.494916029536456,7,-0.450197608969412,1.52172454426555,1.54200619738261,0.933655747623233,0.491760708282088,-0.0628604233292533,0.0259238818191277,0.120343534426678,1.1374872879196,1988.0000000001,3.6154134244356,0.548410895333792,1026.0000000001,0.899597975682338,4.51501140001794,0.162276847740679,0.00198276358258605,-0.126082029446957,0.237761645033741,0.363016576776257,0.193053139874787,-0.389425600304711,0.153233659048222,-0.115665545004068,-0.505148246205882,-0.545852738525126,0.0815062601645009,0.264445053201995,0.172744169411692,0.675997175244564,0.223123099423871,0.103212322371745,-0.751834212897409,-0.690544926566656,-0.641104661755904,0.767067792059649,-1.82686575491644,-0.479928364126171,0.930011174131564,0.930011174131564,-0.34973669459462,-3.92904589376147,0.0247777571790822,0.0471377239910448,0.557235628757802,-0.0934221133870203,-0.369500112932846,-0.382905609401777,0,1988.0000000001,0.129943834345499,0.0323330132951806,0.837637647256904,1.49051737785339,2867.51671636078,0.0312499302740435,262,2,"SNETWORK (2 12 2867.51671636078 0.837637647256904 100000561 262)",100
29,100000562,-0.791318147863466,92,-0.790377993358492,-0.853832397374456,-0.715996162004961,-0.715344983900652,-0.711097017555422,0.533662482798903,0.497998390902204,1.76301754922816,-0.0236235829138549,0.964723799188151,-0.163190276099818,2.80662529419642,0.964723799188151,0.964723799188151,0.0343073940875501,-0.583112163207062,-0.6866608013465,0.176053329136629,-0.795202314243935,1.05602816075095,-3.18648417450813,-1.88851148851148,0.604422604422604,-0.791318147863466,8,-0.115669373087734,1.07850898754299,1.0874014676844,0.190892683171027,-0.788701361056338,-0.430882007157657,-0.018230332969918,-0.397390933474732,3.57983987991623,2816.0000000001,16.1172528006729,0.0466589022682739,25.0000000001,0.00186495910800141,16.1191177596809,0.625927995168426,5.41525091547403,5.50135285317699,0.182201551145635,-0.163481606123032,-0.433225912311451,-0.660690033520328,-0.368353836611003,-0.312734427084639,-0.515509065524296,-0.522631941922883,-0.349237635862753,-0.396496164974903,-1.28469144401813,0.0112962082441219,-0.471792152073761,-0.752292666128179,-0.897784372821835,-0.860982036160383,-0.83280147843515,0.927928855669761,0.101619313945857,-1.70978762124518,1.1710159044929,1.1710159044929,-0.882584700328382,-6.77320185689803,0.730537801174193,1.53661993362324,1.26218307050409,0.509254947005003,-1.60272420548961,-1.71963128102366,0,2816.0000000001,0.625855576089287,7.24189791385626e-05,0.563694980940821,0.254728464991786,1211.38890378784,0.25,887,2,"SNETWORK (2 29 1211.38890378784 0.563694980940821 100000562 887)",100
17,100000563,-0.19305369261082,180,0.152577399052067,0.406018494492994,0,0,0,-0.300061759757001,-0.310009572415511,0.0270847053023404,0.946229154272557,0.427615506553052,-0.188548235462898,-0.0409179269770921,0.427615506553052,0.427615506553052,0.442545759647951,0.0413865327531803,0.0822484421548697,-0.21156945853731,0.0630714262797168,-0.443531827515401,0.0161216029479497,0.044324905863371,-0.265923265923267,-0.19305369261082,9,-0.300840550542015,-0.0497844002557823,-0.0495085617075909,0.3081675895146,-0.195199693827034,-0.619499367428709,0.945851862239936,0.678913656612681,0.0793828252255972,1779.0000000001,0.225787073016073,0.100327312822929,2935.0000000001,0.470786347436946,0.696573420353019,0.0329691090065061,0.313551180729398,0.245881184149674,-0.568521098210674,0.150138071055352,1.10397734155665,-0.655559940466743,1.14583297130666,0.263704690542304,1.10197546381738,2.50691714779334,0.360531310318311,0.544588868204793,0.179310737015812,1.00121543261805,0.121428129376516,-0.277526342387341,0.102215627178161,0.139017963839617,0.16719852156485,0.428350170354256,-0.207827496969254,0.491159726994289,0.478071404734039,0.478071404734039,0.00452674240599253,1.06316675953723e-11,-0.642837879915006,-0.581664128377762,-0.633482955266504,-0.536969084750307,0.796197646178792,0.242592635110436,0,2935.0000000001,0.0106865958134712,0.0222825130930349,0.627645397476924,0.167307808063924,2172.09568379997,0.125,599,2,"SNETWORK (2 17 2172.09568379997 0.627645397476924 100000563 599)",100
43,100000564,0.208434793152537,137,0.12371145778112,0.869954874556633,0.965149594579297,0.947078472655203,0.966783102940535,0.0696888642191726,0.0386282179151054,-0.518060791533577,-0.390724582027148,-0.118334560539403,0.937978992535468,-1.15362433995607,-0.118334560539403,-0.118334560539403,0.252416670848486,0.480372590949174,0.293037522084164,-0.666847605844971,0.699851005043251,-1.14579055441478,2.23053892215569,2.01958041958041,-0.227886977886978,0.208434793152537,11,-0.397096912002566,-0.36055962602441,-0.357113478747489,0.429722831310125,0.206640023464586,0.233465399058681,-0.387686551972169,-1.31681068793168,0.0370121279489629,3.0000000001,0.10942933838134,0.0408741850075471,14.0000000001,0.563956498869295,0.673385837150634,0.0336674293199647,-0.0688027710151405,-0.021978537282247,0.770980618125484,0.168632028878168,-0.935946216797892,0.329227519083016,-1.02718975687163,-0.228176649243917,-0.958466168555734,-0.530239377110496,-0.345077142085862,-0.462210619622087,-1.16596410383392,-0.267358600451848,-0.353148128111646,0.538992472803681,2.19258446122348,2.15155944355969,2.28302402457116,0.061913997919292,0.150070235879539,-0.929407531273443,0.0633277416744977,0.0633277416744977,4.10230962072054,-0.806397136221767,0.233035474287142,0.0683239737097053,-0.284302863200299,0.337969128269289,-0.468315011699312,-1.01265112412709,0,14.0000000001,0.00547116422482397,0.0281962649951407,0.537177614330594,0.691118254733738,3581.13821035703,0.0312500660060792,1606,2,"SNETWORK (2 43 3581.13821035703 0.537177614330594 100000564 1606)",100
43,100000565,0.254479362197566,146,0.12371145778112,0.869954874556633,0.965149594579297,0.947078472655203,0.966783102940535,0.143340122665542,0.0770881668269737,-0.398635223936116,-0.499344230322941,-0.159963258900489,0.771087403565381,-0.201894473924744,-0.159963258900489,-0.159963258900489,0.0846902146365658,0.607923342111374,0.458550144706993,-0.362746270968643,0.804986945515031,0.147843942505134,-0.958083832335329,-0.581818181818182,-0.163390663390663,0.254479362197566,11,-0.34130896763458,-0.32644794388063,-0.323473310360129,0.352658018671471,0.252826265975642,0.397638948380867,-0.495979811597022,-1.09351101941562,0.0511345971444381,4.0000000001,0.201578075289845,0.0767626417470323,7.0000000001,0.529561515729748,0.731139590919593,0.0363354308689706,-0.263817593557177,-0.285593087593431,0.0145413339707849,0.0662000626565491,0.0832348136428765,0.455236743780886,0.0900817995900245,-0.376711130743659,0.079603297599452,0.0345459721573013,-0.374304877447461,-0.34928483470918,0.0282105499102187,-0.271730781675103,-0.353148128111645,0.538992472803681,2.19258446122348,2.15155944355969,2.28302402457116,-0.913891605972023,-0.205308069467394,-0.114666120660553,-0.749872150213709,-0.749872150213709,1.93680145723853,-1.11083709474276,0.813018720989488,0.653214650095906,0.680879969010044,0.740022597108855,0.0835123011430064,0.206288509133967,4.29561237682896e-13,7.0000000001,0.0100178218873258,0.0263176088816448,0.571452636874312,0.837545921094716,3631.13411841592,0.0312500660060792,1615,2,"SNETWORK (2 43 3631.13411841592 0.571452636874312 100000565 1615)",100
17,100000566,0.0223765535093607,214,0.152577399052067,0.406018494492994,0,0,0,-0.384868041505901,-0.418583410642736,-0.0753459857369764,0.852257926497857,0.186133748981284,-0.286066190323292,0.00169978310727998,0.186133748981284,0.186133748981284,0.418178331136533,0.11985977281517,0.168692008165603,-0.0876242437294022,0.139314200338798,-0.443531827515401,0.0161216029479497,0.044324905863371,-0.265923265923267,0.0223765535093607,9,-0.516554571857514,-0.0231193626113741,-0.0229991339059912,0.688134177268959,0.0227363771018346,0.515155462199724,0.852318394096083,-0.312549229578743,0.385096951551357,4808.0000000001,2.96026857036567,0.0950894151861326,3444.0000000001,0.523590663102498,3.48385923336817,0.164119857707684,0.408228319472701,0.461050312059611,0.874563175927605,0.6444771129196,-0.356365189261915,0.465081371531086,-0.36860179986115,0.820464099766899,-0.438381311933323,-0.933382803014999,1.33241983727746,0.821459601018539,0.171359506030875,1.77678523699529,0.121428129376515,-0.277526342387344,0.102215627178156,0.139017963839617,0.167198521564845,-0.303915877171732,-0.525386369073662,0.476458434356565,-0.285627525906536,-0.285627525906536,-0.0257437665126466,-0.154792846812428,-0.700692295098595,-0.641629022487928,-0.119765426572576,-0.724437697788382,0.208388888739343,-0.290190095917043,0,4808.0000000001,0.139454215484116,0.0246656421235687,0.745656439951795,0.551240039354028,2368.59895273937,0.125,633,2,"SNETWORK (2 17 2368.59895273937 0.745656439951795 100000566 633)",100
15,100000567,0.985712470328538,355,0.288659805977357,0.708741764562854,0.0737102907633875,0.0682577010310203,0.067165878475577,-0.439799190868724,-0.588067454030704,0.141809352822124,-0.0231292043907465,-0.859501455297518,0.0843617666065989,0.146215868338083,-0.859501455297518,-0.859501455297518,0.284539132123138,0.578573782988815,0.689176584465232,-0.275994003743041,0.752104046055365,0.279260780287472,-1.27411842980705,-0.441958041958041,0.405132405132405,0.985712470328538,9,1.34521194229431,-0.652767317193034,-0.644004920416584,-0.747357769472231,0.982007069926358,-0.454991350831431,-0.0210396394195608,1.08028155632249,7.0450649920181,464.0000000001,5.2263628608683,0.0889072834006733,2713.0000000001,0.385641451098636,5.61200431186694,0.295463695242398,0.0429437971688891,0.619889502849725,-0.585670027031724,0.0797964701316034,1.0211921283424,-0.306390267483283,1.17836125294096,-0.110933656483031,0.862923649196428,0.901946110602016,-2.35338664978474,-2.32621788687314,0.16421629297602,-0.490007849668992,0.562105955755759,0.451834062908154,-4.52365144789511e-15,-4.51494518067087e-15,-4.84823954093274e-15,-4.13329201834067,-0.22187432880158,-0.703495242973762,-1.84493664609287,-1.84493664609287,-7.11919502246035,1.06316675953723e-11,0.902339237346132,1.10619625853844,0.494446586067094,0.882888725321912,1.5028457385453,0.314598291161855,0,2713.0000000001,0.275160245290583,0.0203034498518156,0.0333744691709343,0.02374652523125,3173.58114901891,0.0625,341,2,"SNETWORK (2 15 3173.58114901891 0.0333744691709343 100000567 341)",100
13,100000568,0.59216053134996,275,0,-0.0695595240108285,-0.467885001197052,-0.45962963966976,-0.447550990366083,-0.841585636220483,-0.992925883925932,-0.407283292084492,-0.174406008740068,-1.06195826569005,-1.7555267940772,-0.292906568784496,-1.06195826569005,-1.06195826569005,-2.92591980021309,0.404890815161597,0.624887626103591,1.53111925543299,0.202320515011808,0.184804928131415,-0.778443113772456,0.103496503496504,0.51023751023751,0.59216053134996,7,-0.42011297267254,1.06945683292741,1.07816160273128,0.698041370453388,0.591753967286778,0.331998883614899,-0.171926388028102,-0.150303048817576,0.052669226005127,1432.0000000001,0.120585472140833,0.0512699561287531,258.0000000001,0.0211484083427961,0.141733880383629,0.00551243807226622,0.203952703918712,-0.410187483979421,0.665133580629895,0.529442398105749,-0.215652358569759,0.0455390166580299,-0.183320573821638,-0.0760766946793051,-1.21413284613153,-0.999789046217867,-0.227728475870814,-0.256626375607265,-1.2118723639771,0.0921900013786157,0.223123099423871,0.103212322371745,0.000480866141923511,0.0349290148369488,0.115671933158067,1.02285748176778,0.836367177008982,1.00369735430617,1.32197362243611,1.32197362243611,0.256192749469245,-7.73518234434634,0.251566051790477,0.286432153727592,0.416637065181333,0.18893189224724,0.382593307878023,0.790146449244926,0,1432.0000000001,0.00468991559146858,0.000822522380797631,0.0309661829057736,0.706414997014956,2938.41444278418,0.0156249651370217,275,2,"SNETWORK (2 13 2938.41444278418 0.0309661829057736 100000568 275)",100
41,100000569,0.430515167759964,243,0.680412427894334,0.334368660703197,0.315622755524543,0.310024668600395,0.31737100022456,1.04604598660937,0.904285927347691,-0.563425240544001,-0.548969553388723,0.638835560172261,0.969947887705508,0.636350726725482,0.638835560172261,0.638835560172261,0.361477451671079,-0.787416828441516,-0.905579230194013,-0.4220160026976,-0.943286729369258,-0.720739219712526,0,-0.434965034965035,-0.700859950859951,0.430515167759964,10,-0.169610500808415,-0.28404473474505,-0.281613375281399,0.0448839972705263,0.428230353553049,-0.152390646513462,-0.545558114040048,-0.100097729527328,0.110791507334426,974.0000000001,0.690114205173283,0.0366652433602604,444.0000000001,0.104110152009788,0.794224357083071,0.0391762105503211,0.735650943072673,-0.0970898405010035,0.549840690180815,-0.0971555125070386,-0.986883938213637,-0.0511407980948897,-1.06845039686601,-0.750997128829077,-0.836556438424277,-0.288238281633147,0.683961536702592,0.651847627465892,-0.100953696256272,0.825124005075557,0.562105955755759,0.451834062908154,0.102215627178161,0.139017963839617,0.167198521564845,-0.348690745553878,-0.341722058938151,0.796221502053738,-0.324384343443573,-0.324384343443573,-0.106219875855162,1.06316675953723e-11,-0.373205805712374,-0.35600349436932,0.351057894926548,-0.479502216064035,0.0845940866331115,-0.729559054576504,0,974.0000000001,0.0340408337958883,0.00513537665443277,0.757355119478695,0.902928633662268,3047.53713874973,0.0625,1449,2,"SNETWORK (2 41 3047.53713874973 0.757355119478695 100000569 1449)",100
3,100000570,-0.0762585398348099,155,-0.226804037760009,-0.273941878615531,-0.467885001197052,-0.45962963966976,-0.447550990366083,-0.403105896956359,-0.470214126500654,0.531603598171382,0.666566631868668,-0.196734362296375,-1.28331354337838,-0.328948833704202,-0.196734362296375,-0.196734362296375,-4.46739811531828,0.14382134907819,0.216226133617634,1.0404366457686,-0.0369859809126566,0.0739219712525668,-0.0898203592814364,1.0005994005994,0.837837837837838,-0.0762585398348099,7,-0.443251526583893,-0.449255361481964,-0.444438434920412,0.477082760803406,-0.0738664199740946,1.34239348862327,0.667719968091828,-1.10032519229732,0.583061582365386,1498.0000000001,1.39643676608163,0.285012696677831,1306.0000000001,0.59511708510329,1.99155385108492,0.101144781334491,0.110492147946475,0.02004443719726,1.91708899700737,1.36042674765994,-0.877063846624706,1.12163491380278,-0.977899479387177,1.03941204559132,-0.75893587147436,-1.42461215349544,0.350868490582638,0.623405716924555,0.153464478653524,1.6292733569855,-0.183656619125852,-0.461007527196321,-0.751834212897414,-0.690544926566656,-0.641104661755904,0.701844380479011,0.645316617596066,-0.0924041347693532,0.837337525707154,0.837337525707154,-0.308230483847446,-6.39332613997037,-0.0944922381783322,0.048885796833548,0.327640844851362,-0.168585959706877,0.29226801910235,0.309972850935584,0,1498.0000000001,0.0709206487854499,0.0302241324490408,0.732522225899142,0.813228602413624,2246.72093338323,0.0624998605480869,156,2,"SNETWORK (2 3 2246.72093338323 0.732522225899142 100000570 156)",100
3,100000571,-0.122797326078891,145,-0.226804037760009,-0.273941878615531,-0.467885001197052,-0.45962963966976,-0.447550990366083,-0.394606205723721,-0.461661917510521,0.544254772703976,0.682441171601507,-0.153878240111227,-1.2678404874849,-0.315029599097515,-0.153878240111227,-0.153878240111227,-4.44985139070517,0.148220646034856,0.220943734511098,1.05158372040142,-0.0334803728816428,0.0739219712525668,-0.0898203592814364,1.0005994005994,0.837837837837838,-0.122797326078891,7,0.190317660547219,-0.091567446948535,-0.0910111582751597,-0.257374750544559,-0.123471811980423,-0.0979559250863415,0.686854315670743,0.347505614970029,0.274473969018091,2760.0000000001,1.21117048445743,0.173536986374081,545.0000000001,0.151211070485345,1.36238155484277,0.0649585299616025,-0.367227455798396,-0.397015961051684,-0.107016923026025,-0.0673665871548517,0.0664841881506221,-0.043371741006373,0.0691264726302758,0.490728624801989,-0.100050096274135,-0.171786114846141,0.417305408860526,0.603057557787863,-0.886411690160456,1.54445754285666,-0.183656619125852,-0.461007527196321,-0.751834212897414,-0.690544926566656,-0.641104661755904,0.660835431251788,1.16447594498099,-0.40380328473391,0.780498862123767,0.780498862123767,-0.264846794930079,1.06316675953723e-11,-0.47043904153864,-0.346316025991405,0.426492818639669,-0.604219459840116,0.448134484398465,0.218942194769092,0,2760.0000000001,0.0577487663435653,0.00720976351803726,0.694179605555747,1.92977560356714,2191.43468148708,0.0624998605480869,146,2,"SNETWORK (2 3 2191.43468148708 0.694179605555747 100000571 146)",100
16,100000572,0.95752997681592,351,0.288659805977357,0.708741764562854,0.0737102907633875,0.0682577010310203,0.067165878475577,-0.679770846578753,-0.819055712113861,-0.352800076192646,0.2677785395877,-0.669281167316921,-0.364399367508185,0.655234011269858,-0.669281167316921,-0.669281167316921,0.310904319835798,0.656916842286724,0.75331188950736,0.352597140830493,0.735798879685367,-0.123203285420946,-0.548902195608782,-0.19020979020979,-0.0057330057330057,0.95752997681592,9,1.07220069877554,1.48351940094065,1.50265252761425,-0.640511598398731,0.951828099478663,-0.297270951048789,0.269083454346131,-0.596639373498178,1.07923267515787,1701.0000000001,2.9350531749363,0.396293875334144,2369.0000000001,1.50099413627102,4.43604731110732,0.16050379129123,-2.76810780523765,-0.95515378032828,0.736877301440323,-0.557223917156267,-2.163644588565,-0.604096983177155,-1.71625958534685,-0.0563055039116782,-0.84266265515498,-0.324132874080474,0.65706029170459,0.67261700703606,0.111773240091039,1.30453339485523,0.562105955755759,0.451834062908154,-4.52365144789511e-15,-4.51494518067087e-15,-4.84823954093274e-15,0.3829958789226,-0.7875972347953,0.318974878637044,0.422806203336929,0.422806203336929,-0.159622609473603,1.06316675953723e-11,-0.409969123653434,-0.385349897668415,-0.200021154792323,-0.428262837808245,-0.728673885376206,-0.410668084047481,0,2369.0000000001,0.106195251962294,0.0543085392289352,0.997431397213439,0.779929870390333,3149.36671635224,0.0625,419,2,"SNETWORK (2 16 3149.36671635224 0.997431397213439 100000572 419)",100
41,100000573,-0.587695816587307,79,-0.886598059773572,-0.0928456434617663,0.315622755524543,0.310024668600395,0.31737100022456,0.989013949079907,1.1471581046931,0.674846345661175,-0.174058280726872,0.568350936754788,0.525888485514608,0.316269962397531,0.568350936754788,0.568350936754788,0.530300667491374,-0.499928884063732,-0.632443314110175,0.0426117444560396,-0.665903643458878,-0.720739219712526,0,-0.434965034965035,-0.700859950859951,-0.587695816587307,10,-0.582314756620975,-0.190833513285482,-0.189430516503353,0.792776918219966,-0.587212113176499,0.279103631150868,-0.171555432909148,-0.978177193843322,0.0831129106578292,2113.0000000001,1.12311319001306,0.0663359396482323,11.0000000001,0.00466656284018966,1.12777975275325,0.0547219544331629,0.304099232935719,0.250467359812932,0.370930381796958,0.0678673532546193,-0.46294942799762,0.323307993165969,-0.493268601312673,0.0636026855792404,-0.727593469071884,-0.604748155972261,-0.524936014158233,-0.481833457393153,0.132791919403287,-0.25375250753315,-0.658232714974314,0,0.102215627178161,0.139017963839622,0.16719852156485,0.26722954367932,0.105050002683304,-0.200203881195584,0.286939003248288,0.286939003248288,1.9092828069835,1.06316675953723e-11,-0.229185964102607,-0.349729857805548,-0.937963977776811,-0.010363901334499,-0.100940223746468,0.755175044424342,0.0469647178329363,2113.0000000001,0.0544955240992802,0.000226430233882745,0.216598996031505,0.800040213326985,2128.30919796802,0.0625,1285,2,"SNETWORK (2 41 2128.30919796802 0.216598996031505 100000573 1285)",100
43,100000574,0.566461236999246,193,-0.0343645341584618,0.726058121384469,0.965149594579297,0.947078472655203,0.966783102940535,0.625310168542348,0.480752102722468,0.164502633014899,-0.668858613033904,0.0193594939421267,1.12619061106294,-2.10948967075483,0.0193594939421267,0.0193594939421267,-0.56393589601053,0.78008167941781,0.626265909262224,-1.00689061445606,1.13994915207786,0.147843942505134,-0.958083832335329,-0.581818181818182,-0.163390663390663,0.566461236999246,11,-0.525072215149373,-2.58041957090595,-2.47427666778481,0.27632208020775,0.566436456174495,1.18017709007781,-0.665105186887491,-0.887281841719261,0.0426664778100086,5.0000000001,0.21024479885239,0.0550192465143038,2.0000000001,0.108445890276399,0.31869068902879,0.0236815833349784,-0.402415875088535,-0.232259347284867,1.62666792687888,1.09973173699521,-0.840755829993018,1.6545940320904,-1.37414672075164,-0.37237120697208,-2.6415730153431,-0.518484812354678,-0.237516031606737,0.129966644513147,-0.900278369799984,-0.147278359391046,0.202844315818956,0.486046063515721,2.19258446122347,2.15155944355969,2.28302402457116,0.229959382725963,0.458233022695067,-0.820523116508214,0.244738224483078,0.244738224483078,4.21351263158818,-1.54724359829861,1.02775149474102,0.884142738044781,0.139548657167616,1.10598179812016,-0.513133338045526,-0.47782972685118,0,5.0000000001,0.0156230786601002,0.00805850457487818,0.758098989678532,1.10112299805041,3903.38934107623,0.0312500660060792,1662,2,"SNETWORK (2 43 3903.38934107623 0.758098989678532 100000574 1662)",100
36,100000575,0.73892365840183,175,1.29896932353205,1.22104076566898,1.45807027539656,1.42805593959054,1.43873085382348,0.423288230861972,0.365540372666621,-0.177720219805209,-0.0189262310138615,-0.336666964074311,0.821074672187346,-1.78514769685257,-0.336666964074311,-0.336666964074311,-0.694560440548533,-0.544303929258184,-0.647790967131373,-0.868342979345299,-0.555083134289127,0,0.0419161676646709,0.81118881118881,0.42997542997543,0.73892365840183,12,-0.0171935715487484,-1.28697254756694,-1.25851319789787,0.000169302245561094,0.738039285342508,0.474985827523904,-0.0164554785999611,0.74813241046256,0.564261088992817,20.0000000001,0.0721717374878126,0.136726167012648,292.0000000001,0.255323948566185,0.327495685953998,0.0192974579294973,1.21178390445674,-0.0543864449805826,0.292154607953632,-0.0278062968413498,-0.481630184857522,0.778521346771163,-0.62432880309304,0.436027780114842,-0.399165647834899,-0.40928821443596,0.339554517150038,0.154955496709357,0.165003404723948,0.356321515689491,0.529077575251398,1.07168599912345,2.19258446122347,2.15155944355969,2.28302402457116,0.233462834936789,-0.857658110522858,-2.16265400692158,0.248673945379068,0.248673945379068,-0.647752752384489,-0.0824791905315591,-1.0185113752798,-0.969586712269743,-1.10699816663258,-0.834031027392927,-0.494402702720747,-1.03959911851737,0.00502368670178035,292.0000000001,0.0042526699400363,0.015044787889461,0.169697961428059,1.54606478026835,5279.32085776911,0.0156249669969604,1023,2,"SNETWORK (2 36 5279.32085776911 0.169697961428059 100000575 1023)",100
29,100000576,-0.884197064418676,70,-0.790377993358492,-0.853832397374456,-0.959757100198023,-0.960709455694412,-0.961711264614227,0.488031730783727,0.437067978686315,1.69374350828384,-0.00824795728690509,0.990742808963705,-0.149007555570922,2.76014886072661,0.990742808963705,0.990742808963705,-0.0584105345414538,-0.525332286229214,-0.604024143665323,0.267597727722415,-0.73911559544223,1.05602816075095,-3.18648417450813,-1.88851148851148,0.604422604422604,-0.884197064418676,8,0.837544953305535,2.42320634919567,2.47921329035965,-0.494314535597393,-0.884367610071628,-0.848798752448558,-0.00623159361414334,0.694334734359616,2.07061216810472,543.0000000001,1.7976012320132,0.981446918788322,19.0000000001,0.0298136524147123,1.82741488432792,0.0561556804335747,0.203415047881289,-0.568295391889707,-0.933896159259376,-0.85508312471215,0.137977762759932,-1.41138176852438,0.0946738991427789,-0.830444564406866,-0.0984202949891931,-0.101563398124877,0.32204574652209,0.181926265500076,0.0627378994685327,0.226562829707199,-0.471792152073761,-0.752292666128179,-1.15182012691959,-1.11963854165917,-1.12046643587816,0.133438504241024,0.899991412850248,-0.118356963490601,0.138803449876666,0.138803449876666,0.63556391068468,-1.08488028734916,-0.0193380654572645,0.343847070312392,0.687648455461818,-0.173244732492758,-0.936498763040967,-0.274288700933151,0,543.0000000001,0.0552395195080221,0.000916160825552581,0.424078732237621,0.082463838160038,1081.86483486116,0.25,865,2,"SNETWORK (2 29 1081.86483486116 0.424078732237621 100000576 865)",100
29,100000577,-0.661622472612197,117,-0.790377993358492,-0.853832397374456,-0.715996162004961,-0.715344983900652,-0.711097017555422,0.625213473491447,0.583459354760635,1.84324398595261,-0.0837291259251644,0.971731619416319,-0.13027655143647,3.02980591472074,0.971731619416319,0.971731619416319,0.0654076383387117,-0.686473504375257,-0.808486241883076,0.392339421628754,-0.965104671416317,1.05602816075095,-3.18648417450813,-1.88851148851148,0.604422604422604,-0.661622472612197,8,0.175209055268971,-0.164929385175887,-0.163771940934973,-0.265980376727163,-0.662120348800559,-0.886119381082675,-0.0814525456418051,0.247265905323736,1.53267939191578,3884.0000000001,9.51755302002848,0.0342627454804016,100.0000000001,0.00547793572785428,9.52303095565633,0.459969119767197,0.470333879176661,0.695071947603946,-0.461573727880758,0.94698545610254,2.12607625443476,-1.03665116184557,2.25215722738877,-0.615459679375853,2.04385188126729,1.95730830830068,-0.55789919470822,-0.697675819421988,0.0481742572749976,-0.337426040081141,-0.471792152073761,-0.752292666128179,-0.897784372821835,-0.860982036160378,-0.83280147843515,-0.604680841060062,-0.616916024741766,0.5201682334644,-0.531053158898291,-0.531053158898291,1.4957460512215,-0.612873910016201,1.05358495908077,0.939775021147331,-1.27978393288362,1.47715789759349,-0.923509708186582,-0.343089167138716,0,3884.0000000001,0.459704531508227,0.000264588158969237,0.716180139330558,0.395098092635962,1352.85165149104,0.25,912,2,"SNETWORK (2 29 1352.85165149104 0.716180139330558 100000577 912)",100
29,100000578,-0.413147507888723,161,-0.790377993358492,-0.853832397374456,-0.715996162004961,-0.715344983900652,-0.711097017555422,0.558349049791831,0.540035752503419,1.76326304877444,-0.258155544787746,1.13717410198101,-0.201085596577394,3.58906671919432,1.13717410198101,1.13717410198101,0.0933120559897552,-0.796476151277825,-0.873006829699372,0.987521552541868,-1.21274471342509,-0.720739219712526,0,-0.434965034965035,-0.700859950859951,-0.413147507888723,8,0.737982849618196,1.5811029025914,1.60323073262448,-0.493793727881012,-0.414930663659596,-0.63147197409913,-0.254878587595924,0.0554910238215836,7.56231228986454,2081.0000000001,25.1606266628541,0.163521260281922,5630.0000000001,1.47189688392203,26.6325235466762,0.947365410740093,-0.222784903827287,-0.657099056869918,-0.0807923429367989,-0.801956530781615,-1.12583019702777,-0.994446104639749,-0.877421085024373,-0.780893839380044,-0.896478970999125,-0.648385771903715,1.05264214926364,0.692423809656165,-0.657824439786236,1.03647985955001,-0.471792152073761,-0.752292666128179,-0.897784372821835,-0.860982036160378,-0.83280147843515,-0.190164265874145,0.753859546848144,-0.390671435968961,-0.18344016186007,-0.18344016186007,0.0636070755798472,-0.349328408261983,-0.806494749881947,-0.762394541614572,-0.393573622729444,-0.77417030446062,0.0376803510112727,0.113057907348826,0,5630.0000000001,0.895007465914228,0.0523579447258647,0.975881965708024,0.311763809993863,1593.7808955621,0.25,956,2,"SNETWORK (2 29 1593.7808955621 0.975881965708024 100000578 956)",100
43,100000579,0.133713513395838,121,0.12371145778112,0.869954874556633,0.965149594579297,0.947078472655203,0.966783102940535,0.0242552368187618,0.019434087685655,-0.470554445170805,-0.352362622867048,-0.319100321977,0.796762307908073,-0.876463753415915,-0.319100321977,-0.319100321977,0.250274671843895,0.451844194459749,0.2619088782525,-0.426434004127531,0.619873934388035,-1.14579055441478,2.23053892215569,2.01958041958041,-0.227886977886978,0.133713513395838,11,0.907611585804043,-0.484433446376545,-0.479014582586884,-0.663307366496338,0.129501848078068,-0.884096313817197,-0.349461587295843,0.831222970157536,0.0345962899184856,6.0000000001,0.204573437070466,0.0297606454299522,5.0000000001,0.146649576628538,0.351223013599004,0.0179487810979238,0.171360796827472,0.190377531454381,-1.08966894839107,-0.695543850365069,0.619720409263278,-0.973434509335449,0.693887422576239,-0.899761403492136,0.646805757345248,0.391452007231562,1.38777448770157,0.964279693736732,-0.5264251225695,0.897042728646227,0.0875298599072962,0.805045335364102,2.19258446122348,2.15155944355969,2.28302402457116,-1.2421797936444,-0.120677573993901,0.208282567966973,-0.950069726166569,-0.950069726166569,-0.174915735041321,-0.674555241279799,-0.474692581541469,-0.498223802978341,0.391483594143681,-0.600420594231811,-0.0506452219960974,-0.609082112518944,0,6.0000000001,0.0104544510953177,0.00749432990260604,0.47554146851573,1.4192750499351,3491.23148380904,0.0312500660060792,1590,2,"SNETWORK (2 43 3491.23148380904 0.47554146851573 100000579 1590)",100
36,100000580,0.784074275748574,182,1.29896932353205,1.22104076566898,1.45807027539656,1.42805593959054,1.43873085382348,0.434963658581828,0.384648357038136,-0.172847115656241,-0.0309682032969151,-0.344356685189282,0.850657134022094,-1.70318435464885,-0.344356685189282,-0.344356685189282,-0.702667833380594,-0.54492175372801,-0.652028523836007,-0.882859330898007,-0.553205188465949,0,0.0419161676646709,0.81118881118881,0.42997542997543,0.784074275748574,12,0.323515710730515,2.82787836928068,2.90499977594895,-0.0812142339322345,0.783063390926901,0.0642996670470226,-0.0288930307184013,0.383090800632037,0.10619772156382,315.0000000001,0.213935479428253,0.113142288614342,1212.0000000001,0.876969805581763,1.09090528491002,0.0312540431176607,-0.270969784586686,-0.501942889753014,-0.220744992586067,0.244030962165327,0.73270144356281,-0.568591842807768,0.462394728743271,-0.26743124448289,0.180903496754766,0.20009384049595,1.10132497015783,0.697806297282519,-0.693403601146579,0.723944866625965,0.596004386864677,1.11697181886013,2.19258446122347,2.1515594435597,2.28302402457116,-0.490175646484154,0.587681946508584,-0.35012169695107,-0.441657550736483,-0.441657550736483,-0.0139825862278981,-5.70880255484153,-0.252332355067166,-0.0733988591176046,0.383386188799305,-0.354926299587876,0.64720811450884,0.508132378615556,0,1212.0000000001,0.00612917433532603,0.0251248686823347,0.371810055762711,2.3735363339074,5318.02132822773,0.0156249669969604,1030,2,"SNETWORK (2 36 5318.02132822773 0.371810055762711 100000580 1030)",100
41,100000581,0.287223674268102,224,-0.419244275461604,0,0.315622755524543,0.310024668600395,0.31737100022456,0.995560358692744,0.885019529688967,-0.447599282895603,-0.488179137377511,0.601256426339217,0.763038963848485,0.489193433601659,0.601256426339217,0.601256426339217,0.40593439767255,-0.6994328209257,-0.830143643184999,-0.281705845129691,-0.858048904719996,-0.720739219712526,0,-0.434965034965035,-0.700859950859951,0.287223674268102,10,-0.340277509966049,-0.114946617438551,-0.114213832434043,0.359310033957335,0.285270672866079,-0.230787591988198,-0.484896396457529,-0.139781972870851,0.125538702139392,569.0000000001,0.456820347606083,0.0800753559872838,692.0000000001,0.354372907178215,0.811193254684297,0.0388374886926739,0.322423271491976,0.149053604362687,0.30420845746438,-0.393806339623563,-1.06473022522486,-0.174161563473841,-1.11865291311964,-0.670704753247512,-1.0285923130058,-0.427386639349208,-0.380426208499993,-0.133384205319332,-1.16896082981521,-0.0407929572432188,0.562105955755759,0.451834062908154,0.102215627178161,0.139017963839622,0.167198521564845,0.143266329641967,-0.132634287440699,0.26124578257531,0.14937267640292,0.14937267640292,1.12708304284678,1.06316675953723e-11,0.475992960559372,0.460346027345525,0.0623271185399023,0.520327793471073,0.261092094500504,0.506219131016568,0,692.0000000001,0.0218711816634382,0.0169663069292357,0.695987322490495,0.641802572312837,2943.21840575755,0.0625,1430,2,"SNETWORK (2 41 2943.21840575755 0.695987322490495 100000581 1430)",100
43,100000582,0.144033931376046,124,0.12371145778112,0.869954874556633,0.965149594579297,0.947078472655203,0.966783102940535,0.0410746927843573,0.0280918081497933,-0.485123320560772,-0.369030889586529,-0.214949108185882,0.852264166067698,-0.976721234505935,-0.214949108185882,-0.214949108185882,0.264604075035726,0.460385974440303,0.271759379374219,-0.5389797192269,0.651245810774777,-1.14579055441478,2.23053892215569,2.01958041958041,-0.227886977886978,0.144033931376046,11,0.784890013621171,-0.347824346867802,-0.344557839094888,-0.615923480655809,0.139220696582716,-1.02053519878721,-0.366083694109806,0.602861932244316,0.0239007685091727,3.0000000001,0.0706645477343398,0.0347401606298122,6.0000000001,0.205424167771645,0.276088715405985,0.0137726624250555,-0.363993141086673,0.182131559127507,-0.773726744500839,-0.982858602728851,-0.309411905648479,-1.24938569583904,-0.339264488423982,-1.12435451085614,-0.279902548349827,-0.162383463347933,-0.0907316041924311,-0.317765098737164,-0.0252160386109416,-0.304693764436779,-0.353148128111646,0.538992472803679,2.19258446122347,2.15155944355969,2.28302402457116,-0.366703389022525,-0.374754770122111,0.707343571321273,-0.339748713344154,-0.339748713344154,2.57153141971206,1.06316675953723e-11,0.490448988565714,0.19153824136428,0.459386503319831,0.440239019575735,-0.367130555938964,-0.0179783533002104,0,6.0000000001,0.00352509501100737,0.0102475673140481,0.488050615795541,0.416470096690789,3509.47818741074,0.0312500660060792,1593,2,"SNETWORK (2 43 3509.47818741074 0.488050615795541 100000582 1593)",100
17,100000583,-0.596526315070372,113,0.152577399052067,0.406018494492994,-0.358045591966192,-0.357303355798844,-0.355675841278248,-0.103591869848346,-0.0919923774661601,0.222857479038787,1.17067398004192,0.709634009661993,0.00471849647109265,-0.0856462691365455,0.709634009661993,0.709634009661993,0.490629220485531,-0.0405216429428181,-0.0245011369359686,-0.427350331052585,-0.000688896367421201,-0.596303901437372,0.141716566866268,0,-0.395577395577396,-0.596526315070372,9,0.669683899770932,-1.07432950479944,-1.05375216847736,-0.539585730529308,-0.589465759206564,0.806488182400522,1.16969914936674,0.148678314746176,0.188647194980064,2317.0000000001,0.698832284482769,0.0996431142364865,164.0000000001,0.0261268899717209,0.72495917435449,0.0411317271530104,-0.787941689031186,-0.17315862956456,0.284594252841209,1.25912726542025,1.52872161958696,0.963968833910215,1.90110042204713,1.17940339160171,2.86555172436711,7.32952294201214,-2.35338664971195,-1.29313160614075,0.301484832001272,-0.439989421234621,0.121428129376515,-0.277526342387341,-1.4058558810172,-1.37829262321507,-1.4081339961998,-0.0211050954845184,0.297071946478294,0.00939210985078398,-0.0211726529770073,-0.0211726529770073,1.70352766186139,1.06316675953723e-11,0.893915560983161,1.10803860068287,-0.908819545760345,1.21266371169654,0.981410261398701,0.00567687984456908,0,2317.0000000001,0.0396493758515751,0.0014823512014353,0.392666881785345,0.125052566349041,1780.82682034801,0.125,532,2,"SNETWORK (2 17 1780.82682034801 0.392666881785345 100000583 532)",100
37,100000584,0.327611394490647,81,1.29896932353205,1.22104076566898,1.45807027539656,1.42805593959054,1.43873085382348,0.112736896135085,0.0469800287247776,-0.509792258586984,0.638319022309776,-0.39103596865933,0.627834890578314,-1.1009771256457,-0.39103596865933,-0.39103596865933,-0.53628307905181,-0.576308399253574,-0.624755928891564,-0.499702566212833,-0.662917894403149,0.665297741273101,-1.69993346640053,-0.507226107226108,0.644007644007643,0.327611394490647,12,-0.442804395956543,0.0990697539147516,0.0987080604073276,0.569130018760395,0.326934485714154,0.216526642976384,0.639448965774112,-0.700170665267231,0.153503828039305,79.0000000001,0.0775538502515341,0.0810608563145614,1348.0000000001,0.69880843880259,0.776362288954124,0.0357950872120932,0.0109072136607277,-0.300763205056677,0.140086934557599,0.00750193931079591,-0.204072410036745,0.196106421872296,-0.206614882542814,0.589781814545333,-0.190022237853593,-0.351728554284539,0.527799684731042,0.260724792300399,0.254794891635223,0.480560111864817,0.528207847926239,1.07109749798066,2.19258446122348,2.1515594435597,2.28302402457116,-0.0186540547208331,-0.640887406024147,-1.71720645051442,-0.0187245460562048,-0.0187245460562048,0.283138803102888,-0.131407063219078,-0.733210199421112,-0.760460680262394,-1.17051033357036,-0.506213770310214,-0.398921122129561,-0.176608524335194,0.00230945295005175,1348.0000000001,0.00357571054378453,0.0322193765683086,0.471445112467852,2.2310448353329,4710.28206332107,0.0312499339939208,1129,2,"SNETWORK (2 37 4710.28206332107 0.471445112467852 100000584 1129)",100
12,100000585,0.289903305191752,228,0,-0.0695595240108285,-0.467885001197052,-0.45962963966976,-0.447550990366083,-0.614518426970073,-0.702079785429334,0.0480881909933731,0.0883705389708612,-1.04603591607576,-1.68175279756359,0.0278424234153532,-1.04603591607576,-1.04603591607576,-5.62141796859183,0.523244600699884,0.660372658748894,1.7864935984378,0.304780291308039,0.184804928131415,-0.778443113772456,0.103496503496504,0.51023751023751,0.289903305191752,7,-0.659707301023611,0.22301542527395,0.222548455904466,1.05089392850554,0.288748163402657,0.978719749496654,0.0903207857010373,-1.35547190342006,0.126722202582238,671.0000000001,0.135947200062386,0.177506220189133,201.0000000001,0.0570433035079054,0.192990503470292,0.00870619003439872,1.24527947236903,1.45195833180426,0.554239266955901,0.487518144449137,-0.101203900426742,0.715794598726997,-0.100245819317173,0.497513375107813,0.274131072185324,0.323117937729275,-0.179610228929377,-0.181533006977,0.0796396906978526,-0.0239682186878392,0.223123099423871,0.103212322371745,-0.751834212897414,-0.690544926566661,-0.641104661755904,0.373272179855571,0.58497779765004,0.694401573133313,0.411109340017655,0.411109340017655,0.406190881593576,-13.8204851828755,0.892335823099044,0.864929316853305,1.00726860995274,0.748044866578873,0.490027820413721,1.29878454922202,0,671.0000000001,0.00613285173753485,0.00257333819686388,0.122799238580104,0.139693899829238,2666.86626854842,0.0312499302740435,228,2,"SNETWORK (2 12 2666.86626854842 0.122799238580104 100000585 228)",100
3,100000586,0.23155660410365,215,0,-0.0695595240108285,-0.467885001197052,-0.45962963966976,-0.447550990366083,-0.463804079952894,-0.544105677925543,0.381179106738215,0.421403263956555,-0.928000427768138,-1.32287934062631,-0.413083281047509,-0.928000427768138,-0.928000427768138,-5.12791040096937,0.319394002368622,0.424605492098749,1.45939288572837,0.107664953756227,0.0739219712525668,-0.0898203592814364,1.0005994005994,0.837837837837838,0.23155660410365,7,0.0616622320417878,0.228195025169678,0.227731982738699,0.0775393876498167,0.229669979336072,0.420943501724676,0.422334664851098,-0.851438407895171,0.0677979849402032,924.0000000001,0.100157572838933,0.061568811217117,1359.0000000001,0.133775092195544,0.233932664934478,0.0105435692671371,0.731716042055663,1.59330164741424,0.312302509007347,0.462799403492053,0.220200391037846,0.327505132853528,0.217617244365018,0.537894400714793,-0.344244990551828,-0.544889132980555,0.313764427828394,0.28019948765192,-0.949850437002129,0.430080269195817,0.223123099423871,0.103212322371745,-0.751834212897414,-0.690544926566656,-0.641104661755909,0.00345058665979181,-0.646458053571949,0.208733305251973,0.00348074265339487,0.00348074265339487,0.39048227364755,-3.23752292453726,0.277963409061566,0.2990719488115,0.706625594038376,0.147787834848645,-0.539236318819442,-0.201975708115699,0,1359.0000000001,0.00451419769245441,0.00602937147468269,0.972695429386838,0.651873971008768,2593.02684851914,0.0624998605480869,216,2,"SNETWORK (2 3 2593.02684851914 0.972695429386838 100000586 216)",100
28,100000587,0.0760596854397403,212,-0.790377993358492,-0.853832397374456,-0.715996162004961,-0.715344983900652,-0.711097017555422,0.792680865169958,0.797377687809331,2.06752486058659,-0.478819206378844,-0.0745747246951335,0.0837959253520533,2.61405280991332,-0.0745747246951335,-0.0745747246951335,-0.128769922744264,-0.913895960738272,-0.97565591907126,0.780727200476727,-1.32291979899169,0.468172484599588,-2.26546906187625,-1.53286713286713,0.194922194922195,0.0760596854397403,8,-0.720576668637172,-0.280906526970378,-0.278513492717809,1.09981257164089,0.0838109922750001,1.56949883728084,-0.475437040924191,-0.438207526455571,0.1707997072234,8478.0000000001,2.31512955664276,0.0245284917732112,812.0000000001,0.0318435618219942,2.34697311836475,0.115703579993518,2.71458841601803,1.85964654782562,1.71123574166143,1.896651950222,0.242945599577257,1.19821011085303,0.262120199442102,0.0107702480427809,1.31863627733126,0.58477499944697,2.00897440104034,1.24624160683028,-0.0666503912841968,3.29174884435429,-0.0420923604291803,-0.308370622549688,-0.448478128758414,-0.430093980987293,-0.416015527549147,0.057902702201968,0.482567217162525,0.312557135185264,0.0591690790702563,0.0591690790702563,0.0999805350369562,-0.634090646858552,-0.892228075327021,-0.817494030186453,-0.097160182979632,-0.939676414243437,0.325547292919268,0.221150397639795,0,8478.0000000001,0.114133722080013,0.00156985781350535,0.328789216851706,1.11551307234913,1877.17550102814,0.125,753,2,"SNETWORK (2 28 1877.17550102814 0.328789216851706 100000587 753)",100
37,100000588,0.135697650092033,44,1.29896932353205,1.22104076566898,1.45807027539656,1.42805593959054,1.43873085382348,0.0941041054659594,0.0220809796546913,-0.500727272560575,0.686387128620812,-0.321367554598181,0.607994972974188,-1.08696004915875,-0.321367554598181,-0.321367554598181,-0.514784832761663,-0.537621799651935,-0.57883961677179,-0.444736981106753,-0.624206200093068,0.170020533880904,-0.850299401197607,-0.17062937062937,0.240786240786241,0.135697650092033,12,0.503784270557102,0.161788619973922,0.161325723111308,-0.455866924848424,0.132774697736127,-0.30205004015475,0.686692965273474,-0.521837962461642,0.0862877950479962,761.0000000001,0.419943718681907,0.139613729134518,580.0000000001,0.517860972604995,0.937804691186902,0.0427641546568488,-0.0980419362329055,-0.545624163579343,-0.209815807875942,-0.0911440036284412,0.190951658852276,-0.316139438545598,0.190851908694847,0.344347444590907,0.372261114542485,0.726651588584864,0.523850799110776,0.531659960342713,0.155323913127217,0.996606917274617,0.528207847926238,1.07109749798066,2.19258446122347,2.15155944355969,2.28302402457116,0.653425477873887,0.922372476016367,-0.476066836565225,0.770344278433597,0.770344278433597,-0.208171737140727,-0.5258699335905,-0.312352467624321,-0.114018462311884,0.0296684452027233,-0.335211710026344,-0.505917121589633,-0.99226347723789,2.83914157549053e-05,761.0000000001,0.0191495502819471,0.0236146042749017,0.257077381277494,0.0215155361220241,4492.67376033631,0.0312499339939208,1092,2,"SNETWORK (2 37 4492.67376033631 0.257077381277494 100000588 1092)",100
43,100000589,0.33803114043733,162,0.12371145778112,0.869954874556633,0.965149594579297,0.947078472655203,0.966783102940535,0.113505336163428,0.0554169144595431,-0.479530585898075,-0.512757460466727,-0.115388519842595,0.836904808208937,-0.302515551194028,-0.115388519842595,-0.115388519842595,0.0584491645814786,0.607458650335377,0.463606730620427,-0.435846652253484,0.817783427948194,0.147843942505134,-0.958083832335329,-0.581818181818182,-0.163390663390663,0.33803114043733,11,-0.587616621125033,-0.289041502591793,-0.286548585886499,0.785619837039969,0.333681724037732,-0.152566270567187,-0.509346259460487,-0.528026171765577,0.0316953871157401,3.0000000001,0.0937099657052492,0.0533159964254418,7.0000000001,0.367810424749483,0.461520390354732,0.022785214888895,0.0365294079697402,-0.637172289397593,0.0205141430558362,-0.148298956898425,-0.260214722184851,-0.0500964923046799,-0.282426045768485,-0.660237956222343,-0.283250872301286,-0.11069168126203,-0.300324147235036,-0.631316068219926,0.0218388689417002,-0.317596481997811,-0.353148128111645,0.538992472803681,2.19258446122347,2.15155944355969,2.28302402457116,-0.172592967061325,0.649597093650351,-1.16848039597629,-0.1671653323155,-0.1671653323155,0.715241116869305,1.06316675953723e-11,0.493377837625887,0.389013622521911,-0.0776443404955213,0.573182325586323,-0.0662245472807547,0.0384440821670764,0,7.0000000001,0.0046264514835348,0.0181587633053602,0.633789231815943,0.941784277084431,3722.06256829312,0.0312500660060792,1631,2,"SNETWORK (2 43 3722.06256829312 0.633789231815943 100000589 1631)",100
17,100000590,-0.50632683097669,130,0.152577399052067,0.406018494492994,-0.358045591966192,-0.357303355798844,-0.355675841278248,-0.152515894109649,-0.140161323132146,0.186066418340527,1.1006672598201,0.652464841717062,-0.0508397351672655,-0.0856808922800511,0.652464841717062,0.652464841717062,0.476647018644534,-0.0197529725267921,0.00478428998234786,-0.356988629645748,0.0126134500868078,-0.33264887063655,-0.333618477331052,-0.204195804195803,-0.181818181818182,-0.50632683097669,9,0.525879178248284,0.748438114440632,0.7516860289439,-0.428629190047294,-0.503206362271844,-0.176889627322137,1.09981482403005,0.559087859563333,0.137012091878352,3796.0000000001,0.831537185472937,0.16314525246034,5180.0000000001,1.35114131629725,2.18267850167019,0.0897940162956436,0.733665780565619,0.80983349805149,-0.782717578207258,-0.15947235115502,0.943032282620467,-0.321066710622165,0.851419291085422,0.517530263289865,0.742100626030312,1.8310540884907,-1.53659247363758,-0.995306013431691,0.296116450070753,-0.441829451170276,0.121428129376515,-0.277526342387341,-1.4058558810172,-1.37829262321506,-1.40813399619979,-0.614698908851603,0.502417725310492,-1.21358356155121,-0.538649257059864,-0.538649257059864,-7.80526376740512,1.06316675953723e-11,0.757500183562575,0.483542085331224,-0.396342683936971,0.939451727590308,1.5028457385453,-0.0184548248257315,0,5180.0000000001,0.034208915072441,0.0555851011232025,0.452452062794537,0.539800234931778,1880.37668666617,0.125,549,2,"SNETWORK (2 17 1880.37668666617 0.452452062794537 100000590 549)",100
43,100000591,-0.0450017246280877,95,0.12371145778112,0.869954874556633,0.965149594579297,0.947078472655203,0.966783102940535,-0.100035490632923,-0.0791517445234001,-0.462587164512346,-0.295539329928119,-0.523774725536585,0.670415006338872,-0.800880893197287,-0.523774725536585,-0.523774725536585,0.255497171487072,0.542427649475235,0.344658125364534,-0.177709226886988,0.688542050169111,-1.14579055441478,2.23053892215569,2.01958041958041,-0.227886977886978,-0.0450017246280877,11,0.659720537035435,-0.302634905904302,-0.299971201100314,-0.562766697793992,-0.047070722024526,-0.604363688795901,-0.292785375320627,0.582483830168284,0.0626581908272339,1.0000000001,0.06175132998091,0.276692349563701,2.0000000001,0.54537548410135,0.60712681398226,0.0300457942512136,0.0455512808837285,0.183728400819342,-0.53008301877524,-0.214768970112571,0.493135891777689,-0.580849033200434,0.534709777165271,-0.569547036796731,0.481819390867134,0.326922925605572,-1.79110846640264,-1.865385018178,-1.25334074977874,-0.48332297026973,-0.353148128111646,0.538992472803682,2.19258446122347,2.15155944355969,2.28302402457116,-1.36267020226362,0.321073559947249,-0.625819801298665,-1.01617844891682,-1.01617844891682,-4.65159713485652,1.06316675953723e-11,1.21543131866089,1.36130808565928,0.540453701209451,1.21468555842023,-1.49502812176368,0.157399329909255,0,2.0000000001,0.00305598056903697,0.0269898135821767,0.372351857358796,0.625573349185288,3340.71201134322,0.0312500660060792,1564,2,"SNETWORK (2 43 3340.71201134322 0.372351857358796 100000591 1564)",100
37,100000592,0.538676055352533,127,1.29896932353205,1.22104076566898,1.45807027539656,1.42805593959054,1.43873085382348,0.190148374182323,0.114731969221033,-0.464986923183229,0.545788597998447,-0.502559492302235,0.657459970435449,-0.964955776832666,-0.502559492302235,-0.502559492302235,-0.548743307717923,-0.655619598238418,-0.711276152478742,-0.554069781813424,-0.752953815967542,1.28439425051335,-2.76197604790419,-0.927972027972028,1.1480343980344,0.538676055352533,12,1.21916844702813,1.67416589200366,1.69933569726825,-0.679121405718605,0.533997529490023,-0.634954571499578,0.54875797892794,-0.176535621453509,0.276246500501092,168.0000000001,0.296799475199569,0.20858759172902,613.0000000001,0.817722610112076,1.11452208521164,0.0390082112592998,1.11369676492493,1.68642631467052,-0.473644449085117,-0.557744829684094,-0.113112818421507,-1.01585445858525,-0.0857020153520155,-0.153017297383624,0.295698882092425,0.523587350357909,0.246787019402401,0.0586589371346251,-0.834231792812585,0.113282821604315,0.528207847926239,1.07109749798066,2.19258446122347,2.15155944355969,2.28302402457116,-0.0552885627105458,-0.789711226875807,0.377346185521519,-0.0550246227944773,-0.0550246227944773,0.00455638762735783,-0.0584190557534328,0.117013659646413,0.0951625029003591,0.427795472971102,0.0140671460231373,-0.874151299741285,-1.07613506380556,0,613.0000000001,0.0103879651657989,0.0286202459935009,0.749621616855568,0.837197463630662,4992.66372922717,0.0312499339939208,1175,2,"SNETWORK (2 37 4992.66372922717 0.749621616855568 100000592 1175)",100
34,100000593,1.18794421007403,247,1.95876350285277,1.6240746339498,1.11742223327512,1.09970853501445,1.1005013034785,0.670919158908257,0.521120121422704,-0.241050035239278,-0.652669606228262,-0.626921249578894,0.593737488223999,1.61586376451732,-0.626921249578894,-0.626921249578894,-0.841093874925242,-0.659127115755667,-0.742553806378435,-0.693664466492849,-0.731821241464482,-1.3305954825462,1.62674650698603,0.565034965034965,-1.23832923832924,1.18794421007403,12,-0.738166800096128,-0.855405289280102,-0.841586083890342,1.12172457102662,1.18863824030784,0.617453025378624,-0.648903797464537,0.54328583418275,0.117530869284405,206.0000000001,0.154837528479881,0.0695627922603012,784.0000000001,0.348778841189692,0.503616369569573,0.0274841019423108,-1.17045225462916,-2.12914437199297,-0.044397919123356,1.26469555288152,2.16362730159085,0.767351995349058,2.58889219845717,-0.69456766158452,2.37089434303216,0.51933994429058,-0.386901578235829,-0.138782183152732,-0.0681841518875353,-0.124460862788349,0.596004386864676,1.11697181886013,2.19258446122347,2.15155944355969,2.28302402457116,-0.30880329409219,-0.0213718612207185,0.571554120574434,-0.289897566205594,-0.289897566205594,-0.164263000199414,1.06316675953723e-11,-0.608390651834474,-0.564016158073593,-0.224081745013242,-0.598144178812952,0.367281610347199,0.171965866761106,0,784.0000000001,0.00845002398052798,0.0190340778617828,0.0232213553818872,1.45275816787034,5696.30351295906,0.00781248349848019,962,2,"SNETWORK (2 34 5696.30351295906 0.0232213553818872 100000593 962)",100
17,100000594,-1.02083842942329,12,-0.711340194022643,-0.147031598306002,-0.358045591966192,-0.357303355798844,-0.355675841278248,0.00331755032528241,0.00287930957248082,0.40796205055329,1.43335074493168,0.607263060136832,0.0680235693966419,-0.104917012548404,0.607263060136832,0.607263060136832,0.515848160332596,0.0172803838538531,-0.00327201763858463,-0.574837941516758,0.0991829843042989,-0.596303901437372,0.141716566866268,0,-0.395577395577396,-1.02083842942329,9,0.602027210811709,0.0176176049448022,0.0175351082130158,-0.51784843231928,-1.01370696508521,1.28327921371226,1.43164925741119,-0.0686089830610335,0.372649141772301,1063.0000000001,0.633329859938878,0.200990201469906,2515.0000000001,0.808182513269159,1.44151237310804,0.0674222916882977,-1.49024084670982,-1.70639136760878,1.28008018530629,1.26299329549452,-0.043793257941694,0.955341783370127,-0.0452310148828296,1.26525961392931,-0.564242470513267,-1.63065193111596,-0.231669452173447,-0.491991154421346,-1.21322063108912,-0.302623027383809,-0.675181930528773,-0.587156310063935,-1.4058558810172,-1.37829262321507,-1.40813399619979,-0.399143707021576,-0.92119163842709,0.369030473061159,-0.367095530001171,-0.367095530001171,0.501721516873928,1.06316675953723e-11,0.531210571420912,0.320816759347822,-1.49423192476331,0.956837413383608,0.583220654880325,0.35185016235574,0,2515.0000000001,0.0296220492318969,0.0378002423564008,0.0403475541529821,0.709569403655602,1194.17070632348,0.125,431,2,"SNETWORK (2 17 1194.17070632348 0.0403475541529821 100000594 431)",100
41,100000595,-0.598413546433419,76,-0.886598059773572,-0.0928456434617663,0.315622755524543,0.310024668600395,0.31737100022456,1.00456268512965,1.17466380777857,0.738777935183255,-0.157483749384862,0.549497634604528,0.540440338684751,0.342445638695936,0.549497634604528,0.549497634604528,0.538653093581101,-0.476486774915275,-0.61124418334676,0.0697128676099799,-0.641311859419592,-0.720739219712526,0,-0.434965034965035,-0.700859950859951,-0.598413546433419,10,-0.173738116307373,0.614953855121743,0.616633006835304,0.22178755626547,-0.598556027407206,-0.600922009041478,-0.143573956537933,-0.247461891712338,0.353666847921407,1783.0000000001,4.03274938976304,0.0666108574164372,187.0000000001,0.0796603425682391,4.11240973223128,0.173185091568015,0.122622595648945,-0.11263821488384,-0.301515413798515,0.378567766693479,1.0533612008276,-0.768658646984494,0.973357998854562,-0.502763824038347,0.748585312119956,0.675215937106403,-0.778106972934623,-0.927588589861471,-0.579377527169444,-0.358397879745322,-0.658232714974315,0,0.102215627178156,0.139017963839622,0.167198521564845,0.318430607741684,0.319932609182011,-0.33415722117968,0.346124942041061,0.346124942041061,-7.52132311001283,1.06316675953723e-11,-0.102080681492762,-0.430329353869746,-0.268164290764273,-0.0329629480805335,-0.622005829814062,-0.495137105266669,0,1783.0000000001,0.16983037134153,0.00335472012648544,0.207107803816519,0.196876424412744,2112.17517988289,0.0625,1282,2,"SNETWORK (2 41 2112.17517988289 0.207107803816519 100000595 1282)",100
17,100000596,-0.291489931559916,165,0.152577399052067,0.406018494492994,0,0,0,-0.278898551586517,-0.280913972316738,0.0635002763183291,0.971629929706026,0.464824320098633,-0.172483667255292,-0.0235207800816339,0.464824320098633,0.464824320098633,0.448214168292141,0.02969747730234,0.068079151107804,-0.231999823207877,0.0520733646825372,-0.443531827515401,0.0161216029479497,0.044324905863371,-0.265923265923267,-0.291489931559916,9,-0.0895432653847956,0.634386619152515,0.636268114017392,0.113237839555558,-0.290892711169429,0.891501718124486,0.976626057636775,-1.48972661644447,0.106090025740839,2010.0000000001,0.340931544940021,0.131820164758527,1781.0000000001,0.375355119780638,0.716286664620659,0.0300622725259069,0.888191539588722,-0.102662422009522,1.01417999853262,0.563384034887824,-0.693031886181573,0.549352915190987,-0.637752053677884,0.912809016070051,-1.60851322678251,-3.68450509699499,0.153403048035016,0.0859681691851615,-0.747866177481304,0.299854541976035,0.121428129376515,-0.277526342387342,0.102215627178161,0.139017963839617,0.167198521564845,0.476133256155136,0.861764947156181,-0.0821656503129364,0.537576935232704,0.537576935232704,-0.560198323065364,1.06316675953723e-11,-0.220652742669507,-0.173874751280788,-0.220576139006849,-0.174324288337632,1.35052092703528,0.82543717014692,0,2010.0000000001,0.01430876419628,0.015753508229627,0.574777107772909,0.775941589847207,2084.06331384369,0.125,584,2,"SNETWORK (2 17 2084.06331384369 0.574777107772909 100000596 584)",100
34,100000597,1.20937966976625,249,1.95876350285277,1.6240746339498,1.11742223327512,1.09970853501445,1.1005013034785,0.664844464353245,0.51999212078863,-0.241050035239278,-0.653021869824239,-0.628633352296852,0.597364257861521,1.60922016315342,-0.628633352296852,-0.628633352296852,-0.844810271038649,-0.660668829510229,-0.744151030046273,-0.696963174278509,-0.733160337099306,-1.3305954825462,1.62674650698603,0.565034965034965,-1.23832923832924,1.20937966976625,12,-0.838412765142381,-0.760380452400513,-0.749074402007596,1.32605787767024,1.20621414591816,1.10710667963043,-0.649332054593736,-0.744948663585764,0.0841350597235754,413.0000000001,0.222220500080994,0.0475654054474659,412.0000000001,0.125327241385577,0.347547741366571,0.0186500181479556,-1.23743990085773,-1.21167450877017,1.74740199590414,-0.0431583381593581,-2.92251357946307,1.07105192507855,-3.44132565602372,-0.557832111271091,-3.06995879316766,-0.668255368574261,-0.611982257038557,-0.6446611327197,-0.0684857115462823,-0.250989649128237,0.596004386864676,1.11697181886013,2.19258446122347,2.15155944355969,2.28302402457116,0.595200141888149,-0.40068613963537,1.26010528958733,0.69176409053946,0.69176409053946,4.00925666237062,1.06316675953723e-11,-0.675774393541398,-0.634694151061925,-0.233884877739893,-0.669577436348893,0.858588617785656,0.14885109138316,0.0123613487860749,413.0000000001,0.0119247396635861,0.00672527838436944,0.0472139835273871,0.580690608509583,5706.34326177244,0.00781248349848019,964,2,"SNETWORK (2 34 5706.34326177244 0.0472139835273871 100000597 964)",100
17,100000598,-0.56685632469394,117,0.152577399052067,0.406018494492994,-0.358045591966192,-0.357303355798844,-0.355675841278248,-0.11021158640115,-0.0981512492860067,0.21548956198217,1.16364685045352,0.708614610219316,-0.00141360500143749,-0.0717920304871562,0.708614610219316,0.708614610219316,0.48925134978264,-0.0389111086727126,-0.0221562214876971,-0.416628604237793,-0.000623413511685204,-0.596303901437372,0.141716566866268,0,-0.395577395577396,-0.56685632469394,9,0.826610152258155,-0.258238007965353,-0.25611412928834,-0.627274105286504,-0.566471948965609,0.206146663727722,1.1627143359074,-0.819050211556378,2.15489068810403,155.0000000001,0.534015075150736,0.163181617143235,110.0000000001,0.0286985856322058,0.562713660682942,0.0276305036702221,-0.454232523175607,-0.452922505894162,-0.0321420683829827,0.115171050555464,0.234425292785376,0.279184600985887,0.251918043275736,0.853503624316573,0.286519752514704,0.735737831090243,0.468151727319804,0.581871098235548,-0.868431697626991,0.700665955788639,0.121428129376515,-0.277526342387342,-1.4058558810172,-1.37829262321507,-1.40813399619979,-0.339964289265011,0.645465474701894,-0.960757480145844,-0.316894255014405,-0.316894255014405,-0.145728889410839,1.06316675953723e-11,-0.816786102886662,-0.818630965523307,-1.27993775913121,-0.571314280652018,0.479308216048125,0.363222702427654,0,155.0000000001,0.0262213386155514,0.00140916495467068,0.406229707446184,0.33728445880115,1803.4106355785,0.125,536,2,"SNETWORK (2 17 1803.4106355785 0.406229707446184 100000598 536)",100
28,100000599,0.0333922672549014,207,-0.790377993358492,-0.853832397374456,-0.715996162004961,-0.715344983900652,-0.711097017555422,0.788146868137656,0.796493602956821,2.08249471056428,-0.468636823035923,0.0549647388559162,0.09306452123736,2.67151558519496,0.0549647388559162,0.0549647388559162,-0.100646398389974,-0.902920354350998,-0.968155877412732,0.751033657311694,-1.30364721445495,0.468172484599588,-2.26546906187625,-1.53286713286713,0.194922194922195,0.0333922672549014,8,-1.12261221141196,1.41988393526686,1.43717289667141,3.05383246742321,0.0334828097282316,-0.154362049503973,-0.465434824241163,0.293649217277315,0.0928986218189654,4714.0000000001,0.700154064900779,0.148018886602935,4525.0000000001,1.07085453946269,1.77100860426347,0.0647928832883535,-0.351969526987334,-1.05951408571574,-0.0292417439098996,-0.438798755332833,-0.645500335448009,-0.450802447545762,-0.517092208025457,-0.782448195615203,-0.847379174778601,-0.384404244898238,-0.548119439442922,-0.396706156027843,0.146004769428802,-0.125147357137431,-0.471792152073761,-0.752292666128177,-0.897784372821835,-0.860982036160383,-0.832801478435145,0.599212068040789,1.17059340104176,-1.45139071843706,0.697110234653586,0.697110234653586,1.51116578668419,1.06316675953723e-11,-0.493422257073215,-0.411801083001939,-0.370480396397071,-0.436859017727034,0.907710142176208,0.172450954366927,0,4714.0000000001,0.0256153473381434,0.0391775358502101,0.293131819592018,1.20670484846937,1848.86772372947,0.125,748,2,"SNETWORK (2 28 1848.86772372947 0.293131819592018 100000599 748)",100
29,100000600,-0.537186334317507,139,-0.790377993358492,-0.853832397374456,-0.715996162004961,-0.715344983900652,-0.711097017555422,0.613408419068203,0.5869966492092,1.76553775893156,-0.200015420981455,1.23881946224173,-0.260346787097321,3.59666325354435,1.23881946224173,1.23881946224173,0.152365909786303,-0.741400139558897,-0.838863788532455,0.639940354679072,-1.0796799424792,0.340041067761807,-1.74251497005988,-1.15244755244755,0.0515970515970513,-0.537186334317507,8,0.198392257245712,-0.2191577354911,-0.217466265554564,-0.275710199732482,-0.538792865748212,-0.504940302907242,-0.196270694696397,0.146920219738237,0.455287323552628,4028.0000000001,2.93203929201093,0.03804833994375,875.0000000001,0.0532278018522074,2.98526709376314,0.145576121758689,-0.222422903847079,-0.292426463217247,-0.400086389957693,-0.497893902252252,-0.143572849410759,-0.468377557244509,-0.154125036247557,-0.381869765158735,-0.123956084418653,-0.0954485039417458,-0.246082553694341,-0.079968822371819,0.126629577836956,-0.0265003699754381,-0.471792152073761,-0.752292666128179,-0.897784372821835,-0.860982036160383,-0.83280147843515,-0.0387454622511809,0.845494630739188,-0.517248545516879,-0.0387094538701634,-0.0387094538701634,-0.0673578443136359,1.06316675953723e-11,-0.357065296935755,-0.429555352377812,-1.74431178337192,0.0443750125870264,1.0897937941873,1.23306365962414,0,4028.0000000001,0.142980475540473,0.00259564611821574,0.846103620709744,0.656979940327878,1473.38359611537,0.25,934,2,"SNETWORK (2 29 1473.38359611537 0.846103620709744 100000600 934)",100
3,100000601,-0.473282112373397,66,-0.494845044588713,-0.486027089260215,-0.467885001197052,-0.45962963966976,-0.447550990366083,-0.331406305285892,-0.401821032413493,0.646461021251574,0.96214602611135,0.0306300935484342,-1.15943274884694,0.226382184198761,0.0306300935484342,0.0306300935484342,-4.87499222353331,0.234627865140495,0.274525593318782,1.28878938369516,0.0320283474766801,0.501026694045174,-0.58882235528942,1.04055944055944,1.3033033033033,-0.473282112373397,7,0.943893218395514,0.356935963216479,0.356782987716055,-0.642519178327276,-0.474515198340836,-0.508195324635977,0.962250792803471,-0.274167464713858,0.0688335305148495,20.0000000001,0.00220102560336468,0.151163977435649,792.0000000001,0.191411720305295,0.19361274580866,0.00853114816641446,0.100721873056088,0.853558013565976,-0.756388267366876,-0.816130121842181,-0.0769926411799832,-0.598434462288974,-0.0743865334723859,0.304670205785443,0.0915342082605856,0.213081553077639,-1.93193505514121,-0.907466428609494,0.284869788034019,-0.420396197271466,-0.393873950749204,-0.673522886990236,-0.897784372821835,-0.860982036160374,-0.83280147843515,0.108586898641196,0.881987364761329,-1.18492240031421,0.112292577227561,0.112292577227561,-6.28838987793259,-17.5877804082224,0.790136135868903,0.69272688919942,-1.23945392727975,1.17887443543587,0.843001751878526,0.1896685832121,3.14812875704572e-11,792.0000000001,9.69836691196649e-05,0.0084341643972948,0.377730708881908,0.99782142881304,1735.14678939509,0.0624998605480869,67,2,"SNETWORK (2 3 1735.14678939509 0.377730708881908 100000601 67)",100
43,100000602,-0.444505875233128,21,0.12371145778112,0.869954874556633,0.532114998802948,0.540517197237357,0.552449009633917,-0.292638243236164,-0.240895216298135,-0.647599597395968,0.0316893609590641,-0.277606043458875,0.477182336117451,-1.22792999085265,-0.277606043458875,-0.277606043458875,0.409077902031692,0.564200018230579,0.37503595217594,0.000284760960984112,0.683405350262012,0,0.0419161676646709,0.81118881118881,0.429975429975429,-0.444505875233128,11,-0.46571011556175,-0.111959927389429,-0.111250474244676,0.574803116868173,-0.445996170968702,-0.112201702386708,0.0346579145385756,-0.894109834387138,0.329882295281354,1e-10,1e-10,0.121608465389076,6.0000000001,0.719090452845518,0.719090452845518,0.0344097660957914,0.175510127507941,0.283999237046069,0.714729702986746,-0.465601841105643,-1.80573191348604,-0.0525473923200912,-1.89587863996785,0.0741498674599313,-1.72859756547034,-1.88558030367795,0.487545166773572,0.506999430678752,0.174029595337636,0.927000891879953,-0.353148128111646,0.538992472803681,0.102215627178156,0.139017963839617,0.167198521564845,0.519147094129977,-1.06853742156676,-0.252259896720867,0.592291261551585,0.592291261551585,-0.0795439461370861,1.06316675953723e-11,-0.774421996635896,-0.650864760464867,-0.802939055552245,-0.640148438899445,-0.508121042921311,-0.852632326737274,0.000291068488341694,6.0000000001,0,0.0344097659957914,0.0802671972609555,1.10109226535548,2914.657213187,0.0312500660060792,1492,2,"SNETWORK (2 43 2914.657213187 0.0802671972609555 100000602 1492)",100
16,100000603,0.87080252320649,334,0.288659805977357,0.708741764562854,0.0737102907633875,0.0682577010310203,0.067165878475577,-0.739250053316214,-0.844877562841704,-0.417883534880159,0.347447562993575,-0.501786065624113,-0.479490933112424,0.601882581936617,-0.501786065624113,-0.501786065624113,0.346675859147358,0.606937022038367,0.69641319340194,0.279399486227842,0.686187588158016,-0.443531827515401,0.0161216029479497,0.044324905863371,-0.265923265923267,0.87080252320649,9,-0.905524731505365,-0.221518372842734,-0.219801916272898,1.6661678226341,0.870253816834194,1.21577682136611,0.350713183835405,-0.885163050292293,2.06032316307966,487.0000000001,1.60420875024878,0.119618578320376,2355.0000000001,0.450387285945189,2.05459603609397,0.100233811661052,-0.111644964213879,-0.0863918583376962,0.708535610736515,0.817171136409351,0.161258907168167,0.983495661260148,0.172026722083243,0.803212651081795,0.320590347657937,0.498141601618473,0.703011286353103,0.920636879696848,0.282388016878561,2.47469114788045,0.562105955755759,0.451834062908154,-4.52365144789511e-15,0,-4.84823954093274e-15,0.553154335690842,-1.03015258425628,0.30196938400361,0.636334108948721,0.636334108948721,-0.216308176977458,1.06316675953723e-11,-0.458906957665003,-0.369833315094185,-0.0651908914955365,-0.472808177960061,-0.89583956263199,-2.11430781225102,0,2355.0000000001,0.0782615924250116,0.0219722191360409,0.723928840144073,1.12110542487624,3051.40530312273,0.0625,402,2,"SNETWORK (2 16 3051.40530312273 0.723928840144073 100000603 402)",100
17,100000604,-1.05259430709572,4,-0.711340194022643,-0.147031598306002,-0.358045591966192,-0.357303355798844,-0.355675841278248,0,0.000620156701222631,0.408295833014595,1.43854549907663,0.605114880992199,0.0680545477217547,-0.114579457391269,0.605114880992199,0.605114880992199,0.515426349228272,0.0228744488357083,0.0015890404710483,-0.580548128751132,0.107279343091154,-0.596303901437372,0.141716566866268,0,-0.395577395577396,-1.05259430709572,9,1.5326401167255,0.420567697492202,0.420717642728875,-0.778207559488644,-1.05152263110845,-0.397472174492152,1.43682302575725,-0.139527761541044,0.382499773619792,1e-10,1e-10,0.185483244376538,1552.0000000001,0.460249128799198,0.460249128799198,0.0200546335021764,-0.856252097186697,-0.351388865242811,0.525135480703962,-0.499965626604423,-1.62161070923402,-0.48129056917255,-1.54989652386202,0.544555362951989,-1.36533853248402,-3.96033905793284,-2.23195790872999,-1.36151837527881,0.216236299898224,-0.459807725312228,-0.675181930528773,-0.587156310063935,-1.4058558810172,-1.37829262321507,-1.40813399619979,0.0272221902577875,0.0387515074680734,0.258560767171336,0.027617888829008,0.027617888829008,-14.5902449656116,1.06316675953723e-11,0.469854759007945,0.868942064222409,-0.391548978554454,0.623251882815387,-1.34435508545699,-0.0551206240226216,0,1552.0000000001,0,0.0200546334021764,0.0102357886923125,0.178134801099077,1144.03081922081,0.125,423,2,"SNETWORK (2 17 1144.03081922081 0.0102357886923125 100000604 423)",100
17,100000605,-0.303201139532912,163,0.152577399052067,0.406018494492994,0,0,0,-0.272210651973722,-0.27204626901016,0.0739808130679782,0.977479319632346,0.477611624137628,-0.161867718496434,-0.0239618613572204,0.477611624137628,0.477611624137628,0.449608975648857,0.0247452799524791,0.0624719424472216,-0.240699186308481,0.047423948474134,-0.443531827515401,0.0161216029479497,0.044324905863371,-0.265923265923267,-0.303201139532912,9,-0.344631411521203,0.447197014770597,0.447502861665838,0.456147426535041,-0.2996670232163,0.287340721094779,0.988216143182644,0.6206560707093,0.152922408447336,623.0000000001,0.152319585967318,0.120712802447091,1286.0000000001,0.248193769775388,0.400513355642706,0.0173703673206602,-0.162721640945957,0.176709147460455,0.556850132848806,0.0179058326427537,-0.833507242737739,0.166010102475546,-0.792861667461573,0.730253229988995,-0.400853765121731,-0.893535613985596,-0.275890771045242,-0.177253783772057,0.181973218561365,-0.0850493347475867,0.121428129376515,-0.277526342387342,0.102215627178156,0.139017963839622,0.16719852156484,0.344591092561094,0.952476026075918,-0.100513635782985,0.376916105039363,0.376916105039363,-0.423083577293433,1.06316675953723e-11,-0.269832711715438,-0.121787722620668,-0.426411075389885,-0.178462552966565,1.49857608245832,0.807128964300293,0,1286.0000000001,0.0066061396075769,0.0107642276130833,0.567946571217715,2.6077638367315,2072.68960903135,0.125,582,2,"SNETWORK (2 17 2072.68960903135 0.567946571217715 100000605 582)",100
3,100000606,-0.237906326058134,121,-0.226804037760009,-0.273941878615531,-0.467885001197052,-0.45962963966976,-0.447550990366083,-0.379196239204114,-0.441471066572974,0.548985549427124,0.753557597743699,-0.0428376257028888,-1.24446699473307,-0.146579387928625,-0.0428376257028888,-0.0428376257028888,-4.38101467128066,0.160166227746333,0.228650661287024,1.1183924729912,-0.0306532049674798,0.0739219712525668,-0.0898203592814364,1.0005994005994,0.837837837837838,-0.237906326058134,7,0.301570376466234,2.27966178070273,2.3289099032614,-0.119688949748518,-0.231804233863408,1.22825509428285,0.753733301364843,0.535011328133275,1.73297968376408,2044.0000000001,5.66329777319925,0.184284965774333,5495.0000000001,1.61902157894952,7.28231935204876,0.229423567571098,-0.306787633674774,0.354960979048383,0.859293948889614,0.377853726338042,-0.748631147289108,0.316233363440916,-0.515794346850629,0.704042259622054,-0.124984965817873,-0.240494864163014,0.700150214601276,0.707315234821095,0.162002279457054,1.4126281198214,-0.183656619125852,-0.461007527196321,-0.821149641903404,-0.771489828416355,-0.732146337175012,0.415762557577688,-0.777148042614348,1.14790656203114,0.462615534720217,0.462615534720217,-0.241020815638271,-4.41222686274758,0.00154119093261557,-0.0300848012424155,0.540067771087786,-0.114724593445357,-0.212273939738442,-1.02551427733763,0,5495.0000000001,0.178417605155953,0.0510059623151443,0.602406599159026,1.90031005268867,2059.10711744799,0.0624998605480869,122,2,"SNETWORK (2 3 2059.10711744799 0.602406599159026 100000606 122)",100
37,100000607,0.245547113114697,65,1.29896932353205,1.22104076566898,1.45807027539656,1.42805593959054,1.43873085382348,0.109668830740932,0.0373640783779881,-0.494483065961884,0.661315938869415,-0.364183040982945,0.614876145422601,-1.05628450921519,-0.364183040982945,-0.364183040982945,-0.520614849625996,-0.556009636898506,-0.603000549574082,-0.466938300348976,-0.64332464753709,0.665297741273101,-1.69993346640053,-0.507226107226108,0.644007644007643,0.245547113114697,12,-0.970157528685297,-0.187645798582133,-0.18627395985179,1.91318898114089,0.244663084486977,0.730504573480808,0.662829693901709,-1.15808375208649,0.0551313067186334,493.0000000001,0.173821009105834,0.0601816305648916,750.0000000001,0.288657120556758,0.462478129562592,0.022427680426249,0.928648083449156,0.735840151716924,0.741248791686892,0.509637301482062,-0.351186113875362,0.664412376238114,-0.374096329272988,0.827783417798197,-0.340184456420197,-0.639995139547524,-0.219883827709706,0.0421615081299818,0.257144201967725,0.078133748231011,0.528207847926239,1.07109749798066,2.19258446122347,2.15155944355969,2.28302402457116,-0.211818395199324,-0.464137022597652,0.301622007053622,-0.20331366769082,-0.20331366769082,0.725133195961137,-1.89148348177305,0.279332468208443,0.344993040472908,0.514717534197952,0.195648532140095,-0.678632281766004,-0.769498661091499,0.0248847571401277,750.0000000001,0.00842937595448873,0.0139983043717603,0.378139598698227,1.10133295817744,4615.56606106745,0.0312499339939208,1113,2,"SNETWORK (2 37 4615.56606106745 0.378139598698227 100000607 1113)",100
12,100000608,0.460878031268401,258,0,-0.0695595240108285,-0.467885001197052,-0.45962963966976,-0.447550990366083,-0.696639740826516,-0.814933815199748,-0.0643420665636948,0.026576247304163,-1.23594290343951,-1.73232702643791,-0.0757251113098098,-1.23594290343951,-1.23594290343951,-5.4807799136657,0.508533830796213,0.657745846966807,1.73435209250893,0.295780058729511,0.184804928131415,-0.778443113772456,0.103496503496504,0.51023751023751,0.460878031268401,7,-0.29852346179106,1.39293231477281,1.40946629359063,0.535281838558658,0.461056911646904,0.289308905843468,0.0304492326808444,0.653740475144251,0.357204621120598,3267.0000000001,1.86578345421578,0.0718452146938977,2933.0000000001,0.336903050857447,2.20268650497323,0.0809655481136789,0.171285658523769,0.0517570912335181,-0.107415531134257,-0.240492716791269,-0.199298644752437,-0.0664404229860887,-0.159771903644545,0.0632950658940061,0.050355204874424,0.0716659992905566,-1.85956932742721,-1.99098304721969,-1.71280525149081,-0.472254655641492,0.223123099423871,0.103212322371746,-0.751834212897414,-0.690544926566656,-0.641104661755904,0.587153271215788,-1.79263818352463,-0.512764786859647,0.681071287463037,0.681071287463037,-12.6339560188449,1.06316675953723e-11,0.818358551934604,0.808631928364851,0.411913419541501,0.810847796254675,-0.097405819470588,1.27302663962792,0,3267.0000000001,0.0685817884220584,0.0123837595916206,0.758027738899776,0.538825738384931,2845.17073778958,0.0312499302740435,258,2,"SNETWORK (2 12 2845.17073778958 0.758027738899776 100000608 258)",100
34,100000609,1.2210882566438,250,1.95876350285277,1.6240746339498,1.11742223327512,1.09970853501445,1.1005013034785,0.664844464353245,0.51999212078863,-0.241050035239278,-0.653144330559321,-0.632549597549352,0.598448477210172,1.60473182285847,-0.632549597549352,-0.632549597549352,-0.846128456061911,-0.661520219319841,-0.744927266743373,-0.698471970807853,-0.733957487317762,-1.3305954825462,1.62674650698603,0.565034965034965,-1.23832923832924,1.2210882566438,12,-0.815435887430177,-0.687883211395597,-0.67832586739354,1.27361013723748,1.22035175432278,1.75125525079859,-0.649448166561864,-0.387961111485397,0.0639133294127444,481.0000000001,0.196604556810402,0.0370430183217172,540.0000000001,0.127925518917326,0.324530075627728,0.0171926042566433,-1.13510330997383,-1.2370881167679,1.4242461674212,1.11552468404916,-0.516604594642306,1.41126547285467,-0.601409929278714,-0.407571296814462,-0.381762433888342,-0.0821621107047939,-0.458931662768632,-0.413100909783215,-0.0686032968315941,-0.158566127130876,0.596004386864676,1.11697181886013,1.90525620652309,1.86424945848738,1.9666403990275,0.433166066953769,0.366171414064105,0.252752470624455,0.484008749991464,0.484008749991464,3.60284970351999,1.06316675953723e-11,-1.01781017678713,-0.844109822519816,-0.507711434575998,-0.978038489311882,0.939732822706857,0.42633778565187,0,540.0000000001,0.010415504058962,0.00677710009768138,0.0590010308928954,0.0460046464577317,5711.27556823272,0.00781248349848019,965,2,"SNETWORK (2 34 5711.27556823272 0.0590010308928954 100000609 965)",100
15,100000610,1.04624196404579,367,0.288659805977357,0.708741764562854,0.0737102907633875,0.0682577010310203,0.067165878475577,-0.279346041761707,-0.487075404881643,0.290631621714338,-0.190384866876866,-0.75038110497632,0.225551563651172,0.419209361289687,-0.75038110497632,-0.75038110497632,0.229007463658739,0.526099540638278,0.644784556626663,-0.550442291633726,0.736190647277362,0.813141683778234,-1.91189050470488,-0.485914085914086,0.874692874692874,1.04624196404579,9,1.67225092580811,2.40902683322847,2.46434877657989,-0.761672680970286,1.03823308287674,-0.990613221899411,-0.06597044724219,0.727350061457135,0.0304126552276759,38.0000000001,0.0018477130743698,0.0783132951328098,17430.0000000001,2.18237540714855,2.18422312012291,0.0672854523083101,2.2623963669107,0.3022675754654,-1.03391962181697,-1.06231333617988,-0.0249995843559143,-1.60597649663101,-0.0152379476791567,-1.06154655556008,-0.167791569906022,-0.0795551424151059,1.45834136728431,0.470521565569518,0.00249839073342418,0.504759037669971,0.562105955755759,0.451834062908154,-4.52365144789511e-15,-4.51494518067087e-15,-4.84823954093274e-15,-1.53912961910381,-0.0900942861524799,-0.342849051620432,-1.10652070473251,-1.10652070473251,-0.344409979141217,-0.0188186253139972,0.551364182332909,0.788353151049231,-0.0219535799456604,0.535856864692417,-0.183133581507153,-1.29503506536119,0,17430.0000000001,5.69191864567064e-05,0.0672285330218534,0.13398172919208,1.66674137760518,3243.80214463663,0.0625,353,2,"SNETWORK (2 15 3243.80214463663 0.13398172919208 100000610 353)",100
28,100000611,-0.289307337392891,177,-0.790377993358492,-0.853832397374456,-0.715996162004961,-0.715344983900652,-0.711097017555422,0.770915197196794,0.781670851652144,2.02531626570661,-0.424776225684552,0.468015188963479,0.104606301372993,2.82494768785798,0.468015188963479,0.468015188963479,0.00287139274912115,-0.867037022080066,-0.938438794929294,0.709535226027822,-1.25081174179299,0.468172484599588,-2.26546906187625,-1.53286713286713,0.194922194922195,-0.289307337392891,8,-0.212764271921912,-0.606153444260666,-0.598394077094716,0.10533253317856,-0.288594074977943,-0.111771377480198,-0.421410292948988,-0.0998537011978572,0.132128103389576,2402.0000000001,0.507414612054951,0.0983467142884028,2873.0000000001,0.451741766934467,0.959156378889418,0.0500831931107411,-0.200828069626557,-0.161697699085577,-0.0526766411086333,-0.0659518216119476,-0.0168063894863901,0.0704697852542612,-0.0202161322122112,-0.416639285000763,0.0330475937205233,0.0204928015316356,-0.0200779946672802,-0.241658454140737,-1.13561740856413,-0.0218918546320081,-0.471792152073761,-0.75229266612818,-0.897784372821839,-0.860982036160378,-0.832801478435155,0.669213274453367,-0.0605492396392499,1.4943918075045,0.792022261737619,0.792022261737619,0.65221442896076,1.06316675953723e-11,-0.308188250706394,-0.264574992123821,0.280807078089725,-0.391320646069515,0.733178918540467,0.160736716491955,0,2873.0000000001,0.0264950997657802,0.0235880932449609,0.0820700243578802,0.697731438887386,1681.30949584666,0.125,718,2,"SNETWORK (2 28 1681.30949584666 0.0820700243578802 100000611 718)",100
17,100000612,-0.602977787624666,110,0.152577399052067,0.406018494492994,-0.358045591966192,-0.357303355798844,-0.355675841278248,-0.102493342229808,-0.0905557711157347,0.222857479038787,1.17098995897565,0.709455533220382,0.00463465562716058,-0.0856438363427312,0.709455533220382,0.709455533220382,0.490696540591504,-0.0397660951696448,-0.0236436092374394,-0.427629384798486,0.00031447690002533,-0.596303901437372,0.141716566866268,0,-0.395577395577396,-0.602977787624666,9,0.745233959129175,0.0896058738563403,0.0892680229748497,-0.579676385854868,-0.602017567992958,0.246510772159369,1.17221440602697,-1.20133153639745,1.55945004924936,1216.0000000001,3.03180746482637,0.149044966743383,1317.0000000001,0.313833762735855,3.34564122746223,0.154511770334581,0.324139920668389,1.78340949549329,0.555372080669765,0.194923464848695,-0.535747287919602,0.223668511189514,-0.542980424040598,0.829445219621629,-1.53126644574937,-3.90244425997958,-2.32526817360591,-1.25417516179717,0.301513099917978,-0.432606793480554,0.121428129376516,-0.277526342387342,-1.4058558810172,-1.37829262321507,-1.40813399619979,-0.406342588884355,0.395623049453199,-1.57886528376856,-0.373108116492852,-0.373108116492852,-14.6265990563838,1.06316675953723e-11,0.820537767733808,0.855100069434746,-0.537822789757746,1.04267191988168,0.936522947008006,0.811610768557346,0,1317.0000000001,0.140017983564432,0.0144937866701495,0.382872616825949,1.74097660242127,1764.51813396563,0.125,529,2,"SNETWORK (2 17 1764.51813396563 0.382872616825949 100000612 529)",100
41,100000613,-0.46742660761796,105,-0.886598059773572,-0.0928456434617663,0.315622755524543,0.310024668600395,0.31737100022456,0.935595472184254,0.976171272799061,0.307433138576555,-0.254539173450513,0.649306342284793,0.447445465673705,0.449546961680245,0.649306342284793,0.649306342284793,0.516482286260053,-0.652412018827755,-0.778819094776482,-0.115376042799447,-0.829219454925698,-0.720739219712526,0,-0.434965034965035,-0.700859950859951,-0.46742660761796,10,-0.412409122989476,0.752853358086915,0.756160281285088,0.518493889875154,-0.46816379172985,-0.39237631844112,-0.251636500174168,-0.694837246105752,0.0745251987595709,855.0000000001,0.407497357258501,0.0769480149790985,837.0000000001,0.411887315604982,0.819384672763483,0.0336829157439805,-0.229177818069295,-0.468146532943105,0.295764576519199,-0.44046500387428,-1.15024289240731,-0.548314656023376,-1.03682756265565,-0.495767798860725,-1.09463966308742,-0.711550430576771,-0.226461529280301,0.180675249429854,-0.849575635284483,-0.0744424343539779,-0.658232714974315,0,0.102215627178161,0.139017963839617,0.16719852156485,-0.616009524007548,-0.672260349648668,-0.0321317612454101,-0.539640390416996,-0.539640390416996,2.18590060349549,1.06316675953723e-11,-0.165698060991734,-0.159400791806597,-0.065303325177415,-0.151646268720611,0.643985722345399,0.618674991780691,0,855.0000000001,0.0167512275543283,0.0169316880896522,0.301507020702459,0.852717728354037,2272.64381627354,0.0625,1311,2,"SNETWORK (2 41 2272.64381627354 0.301507020702459 100000613 1311)",100
29,100000614,-1.08265918670473,23,-0.790377993358492,-0.853832397374456,-1.31184600508887,-1.30651564302517,-1.32383268064034,0.426128553524761,0.38156636659777,1.57040023454877,0.256072200430427,0.588236346267632,-0.14763358771817,2.06889580473773,0.588236346267632,0.588236346267632,-0.23666914076358,-0.345309563070929,-0.487147722515883,0.0771033388945946,-0.477285546801301,0.279260780287474,-1.27411842980705,-0.441958041958041,0.405132405132405,-1.08265918670473,8,0.802728417484054,9.78767650010404,10.5722162310259,-0.0192731926756827,-1.08237999408191,-1.05949853873144,0.257401383994342,0.72998880415481,0.153800746472768,1995.0000000001,0.490564490683008,0.0891865665308176,38637.0000000001,5.50931504762843,5.99987953821144,0.0522840581170951,-1.38817653825708,-1.9162352092621,-1.07452204113175,-1.10659958485043,-0.0344319335590802,-2.27688942508718,-0.00222180277449138,-1.82343070935106,-0.0153768885222592,-0.0213787170402551,-1.22603279111519,-1.4288499929878,0.105028492348628,-0.481935914064412,-0.471792152073761,-0.752292666128179,-2.3587188560243,-2.29529197602235,-2.43477706343215,-2.40532547870233,-0.030499915533446,-0.511257350441792,-1.45640169524151,-1.45640169524151,0.197227007129421,1.06316675953723e-11,-0.0243034278045528,-0.0727832217213253,-0.349705858368193,0.0360065147287232,-2.19336287879789,-1.18555512096625,0,38637.0000000001,0.00427486954093782,0.0480091884761573,0.142528056983744,9.30804709499997,820.666088965483,0.25,818,2,"SNETWORK (2 29 820.666088965483 0.142528056983744 100000614 818)",100
3,100000615,-0.48002914619379,63,-0.494845044588713,-0.486027089260215,-0.467885001197052,-0.45962963966976,-0.447550990366083,-0.325144614214883,-0.399491020121677,0.64854741992983,0.968373381269404,0.0292140032743859,-1.15307397423672,0.209928329226563,0.0292140032743859,0.0292140032743859,-4.89250272439369,0.236278985800739,0.275061787768208,1.28150033662719,0.0354461802105746,0.501026694045174,-0.58882235528942,1.04055944055944,1.3033033033033,-0.48002914619379,7,0.352318367997962,0.702411257722032,0.705071083201403,-0.314557327126061,-0.481760407113786,-0.626810925505719,0.968499727815451,0.340921686999482,0.0563418981215447,690.0000000001,0.0621549324833467,0.112992909689264,1192.0000000001,0.215338895878053,0.2774938282614,0.0115083208349183,0.982089682137285,0.897944397954134,-0.791906683006959,-0.0716302197231389,1.0806921936494,-0.819662522695472,0.983501870433505,0.171057259132116,1.01035680684281,2.33286393352246,-0.0680145133727862,0.185845512634179,0.181201071135526,0.159730916723171,-0.308920577424141,-0.587640977543503,-0.897784372821839,-0.860982036160378,-0.832801478435155,0.0429948161801031,0.719705136236016,-1.52835149481437,0.0437816339690563,0.0437816339690563,0.400081462712057,-3.05221570691872,-0.548101633422825,-0.616268504046964,-1.12471950579617,-0.314537309078217,0.220159254804487,0.414502780694103,0,1192.0000000001,0.00257771101384162,0.00893060972107669,0.364227089469661,0.152127058361657,1715.67591083621,0.0624998605480869,64,2,"SNETWORK (2 3 1715.67591083621 0.364227089469661 100000615 64)",100
28,100000616,0.438153730645315,233,-0.268041164135857,-0.507523118116241,-0.715996162004961,-0.715344983900652,-0.711097017555422,0.716278191774551,0.800148091309577,1.97921139490873,-0.601276917738891,-1.26424504955242,-0.450752668823971,1.90700453833903,-1.26424504955242,-1.26424504955242,-0.336164939007959,-1.04647065573235,-1.06384964781095,0.430828545465689,-1.42600405014961,0.468172484599588,-2.26546906187625,-1.53286713286713,0.194922194922195,0.438153730645315,8,-0.593866025132466,1.35259355933506,1.36802670371301,0.897034609211891,0.441074950144881,0.964657182105736,-0.597565720127934,0.149083998205974,0.0981461533125578,10386.0000000001,1.62973264984536,0.0391489769333568,1718.0000000001,0.107532153096323,1.73726480284168,0.0643085788487617,-0.0513539323756456,0.0980496206292976,1.04928689405406,0.934069280034684,-0.188243272414267,0.405080462931088,-0.151961089866007,-0.674835951621141,1.04492352351647,0.301562063184518,0.674986705438343,0.23972565179818,-0.132770328490607,0.745378120524774,0.121428129376515,-0.277526342387342,-0.897784372821835,-0.860982036160378,-0.832801478435155,0.992179517021678,0.484949762844537,1.88133979959888,1.27245471148221,1.27245471148221,-0.130658610223,1.06316675953723e-11,-0.217615551232721,-0.424220489984022,0.763399871382961,-0.408706398624894,0.48973041414777,0.00129326038067337,0,10386.0000000001,0.0603280457188664,0.00398053302989536,0.477451608290165,1.65367341227829,1995.19594539428,0.125,774,2,"SNETWORK (2 28 1995.19594539428 0.477451608290165 100000616 774)",100
43,100000617,0.302108333439557,155,0.12371145778112,0.869954874556633,0.965149594579297,0.947078472655203,0.966783102940535,0.120600341581831,0.064874047307911,-0.455536104538258,-0.508832669500398,-0.118310081636046,0.818257410185101,-0.279158609020438,-0.118310081636046,-0.118310081636046,0.0659245182734878,0.617967332965021,0.471492880946985,-0.414678967145168,0.827156410962244,0.147843942505134,-0.958083832335329,-0.581818181818182,-0.163390663390663,0.302108333439557,11,-0.240796361264349,0.270071160992338,0.26966423342523,0.266820052542732,0.298816093368991,-0.140781758637553,-0.505507024774072,-0.320198408487967,0.111883544773522,3.0000000001,0.330792715075918,0.0386249386774136,1.0000000001,0.0380659144847106,0.368858629460629,0.0165029065759733,0.153928466849353,-0.618004520738978,0.556425241626038,-0.540719650672516,-1.70884650343114,-0.173296737828109,-1.67716909566503,-0.716431477970938,-1.70417017131647,-0.685458513458665,0.151660285756595,0.319029270543845,0.0239180431852528,0.0548604643965461,-0.353148128111645,0.538992472803679,2.19258446122347,2.15155944355969,2.28302402457116,-0.995270496436555,0.138176424757305,-0.089312139917486,-0.802397029108894,-0.802397029108894,0.705003410307603,-0.224022905023754,0.451561995488747,0.305470702755235,0.191117358534621,0.462457121531252,0.0386186556511054,-0.0784997826271941,0,3.0000000001,0.0147998197782262,0.00170308669774701,0.604238698639581,1.88696952915052,3678.95812575359,0.0312500660060792,1624,2,"SNETWORK (2 43 3678.95812575359 0.604238698639581 100000617 1624)",100
37,100000618,0.655371880162066,155,1.29896932353205,1.22104076566898,1.45807027539656,1.42805593959054,1.43873085382348,0.256197194865281,0.180768816701596,-0.447480699880185,0.474251874518567,-0.52184309050064,0.702086827941623,-1.00617347311495,-0.52184309050064,-0.52184309050064,-0.579693771676584,-0.738412804003279,-0.805150160688201,-0.711802765967415,-0.828457458439525,1.28439425051335,-2.76197604790419,-0.927972027972028,1.1480343980344,0.655371880162066,12,0.120324779913332,1.07811312542563,1.08699735847756,-0.0718470588573538,0.649539378160904,-0.81714952793421,0.476022124607745,0.0217281224374866,0.045546979334187,264.0000000001,0.0768989780593582,0.0856991986338952,1140.0000000001,0.624796623228877,0.701695601188235,0.0272497111506314,-0.21454812584259,-0.880995152059592,0.204581795333559,-0.836254898281235,-1.63802460921165,-1.15081393786581,-1.3947116020639,-0.288330517158982,-1.45694032454664,-2.42258432142545,-0.447893315131871,-0.277839492300379,-0.951029507950757,-0.295476733749919,0.528207847926239,1.07109749798066,2.19258446122348,2.15155944355969,2.28302402457116,-0.70940527624447,0.168427565092159,-0.998715663132158,-0.608729632330477,-0.608729632330477,0.672052335005288,-2.6694367248799,0.401490556262815,0.543657608015273,0.368069344884095,0.364868451395888,-0.497379579300218,0.312545076603405,0,1140.0000000001,0.00298630193239289,0.0242634091182385,0.918698057218082,0.471771162061486,5164.29607826444,0.0312499339939208,1203,2,"SNETWORK (2 37 5164.29607826444 0.918698057218082 100000618 1203)",100
37,100000619,0.423964367239194,102,1.29896932353205,1.22104076566898,1.45807027539656,1.42805593959054,1.43873085382348,0.146433125381832,0.0742268633748299,-0.505296479783245,0.594269442342538,-0.42054659748867,0.667330849282044,-1.0530913452299,-0.42054659748867,-0.42054659748867,-0.556936246310435,-0.618871745586272,-0.669143522459305,-0.5303330945354,-0.710971690613677,0.665297741273101,-1.69993346640053,-0.507226107226108,0.644007644007643,0.423964367239194,12,-0.503756280305678,-0.305079295088849,-0.302384362586727,0.612731490605665,0.422021467867398,0.146742402241092,0.594724746777893,0.07877132645308,0.102509458963029,190.0000000001,0.124558854076247,0.0914057737394292,1253.0000000001,0.732456372400558,0.857015226376805,0.0424307009527703,-1.0982428119847,-0.151559131337602,0.306988614160521,0.238753292718019,-0.109016384375129,0.239448515894828,-0.119032348990637,0.588790062676445,-0.142210670265719,-0.251250551504616,0.965514800593994,0.706510865441126,0.250196422018785,1.23906884356651,0.528207847926239,1.07109749798066,2.19258446122347,2.15155944355969,2.28302402457116,0.330066830558759,0.98402209420058,-1.17519797795408,0.359774439589996,0.359774439589996,-0.0959402586588285,-0.463112096256094,-0.864961639072806,-0.786654882907766,-0.770839261442364,-0.747065762428724,-0.206300859758439,-1.10437205445887,0.00147023127510154,1253.0000000001,0.0061668909834783,0.036263809869292,0.597269700737759,1.33497513929379,4838.00872710172,0.0312499339939208,1150,2,"SNETWORK (2 37 4838.00872710172 0.597269700737759 100000619 1150)",100
34,100000620,1.27824544476752,256,1.95876350285277,1.6240746339498,1.11742223327512,1.09970853501445,1.1005013034785,0.652472830320478,0.49763209215024,-0.307529259616304,-0.656406926439651,-0.642792291042061,0.597685262444875,1.62385943746937,-0.642792291042061,-0.642792291042061,-0.880082591168154,-0.651480961958922,-0.735642915613367,-0.692238454313128,-0.722442707997919,-1.3305954825462,1.62674650698603,0.565034965034965,-1.23832923832924,1.27824544476752,12,-0.790821236800479,-0.147140457920575,-0.146141557551397,1.22043259817358,1.27705667174174,0.960405195035368,-0.652669142716688,0.381704130561339,0.0509341879996017,166.0000000001,0.054072261887581,0.0299401997115245,921.0000000001,0.176348343198954,0.230420604986535,0.01109462689324,-0.503604006870278,-1.23729545146203,1.46555427114527,0.605572276222465,-1.38970029106748,0.806140333956056,-1.46828775271732,-0.692864501245687,-0.643300599007069,-0.135642198945258,-0.1674110401591,0.155267008198089,-0.0710404017657764,-0.160411784069392,0.596004386864676,1.11697181886013,1.92581220768354,1.88480415260445,1.98927480001292,-0.18457215707828,0.0209865615364345,0.49794210005507,-0.178275144323457,-0.178275144323457,1.33543840591389,1.06316675953723e-11,-1.29360510046695,-1.13666502402844,-0.285985734619234,-1.33366508452762,0.291195068392883,0.0118959608362703,0.0221420213170971,921.0000000001,0.00260354999369519,0.00849107679954478,0.131521866039878,1.94098225049675,5741.62201315725,0.00781248349848019,971,2,"SNETWORK (2 34 5741.62201315725 0.131521866039878 100000620 971)",100
17,100000621,0.21835789926684,241,0.152577399052067,0.406018494492994,0,0,0,-0.492476807692353,-0.555615567740743,-0.169661837755299,0.699860833201675,-0.0366249222215183,-0.365286200085082,0.168365748362162,-0.0366249222215183,-0.0366249222215183,0.377629001384688,0.237986887313769,0.304269410727796,0.0100399284364499,0.270356919160431,-0.443531827515401,0.0161216029479497,0.044324905863371,-0.265923265923267,0.21835789926684,9,0.102784715195945,0.153695822821271,0.153240451438199,-0.155248678239331,0.220211731849413,0.172916362981013,0.700036793922368,0.575509011364319,0.0898751699799489,2469.0000000001,0.354778578198334,0.217427530194069,1960.0000000001,0.681345165062197,1.03612374316053,0.0473148260474524,-0.0911178967970642,-0.127193006756752,-0.216041577591728,0.274602240473844,0.764332284935773,0.145101224904123,0.765482154124511,0.593693771787423,0.249473472827778,0.491089211314422,-1.09749531528066,-0.641561270488421,0.156797255458104,-0.422478188330159,0.121428129376515,-0.277526342387341,0.102215627178161,0.139017963839617,0.16719852156484,0.40091469714609,-1.18080610753316,0.69447713995949,0.444500847108799,0.444500847108799,-1.00825395671571,1.06316675953723e-11,0.00532728677779344,0.0892073555636847,0.075559210738918,0.00163829209279722,1.86081311446813,0.884423497468884,0,2469.0000000001,0.0162010443106183,0.0311137816368342,0.842335617000342,1.49284117928553,2529.58197542944,0.125,660,2,"SNETWORK (2 17 2529.58197542944 0.842335617000342 100000621 660)",100
29,100000622,-0.695956032146352,110,-0.790377993358492,-0.853832397374456,-0.715996162004961,-0.715344983900652,-0.711097017555422,0.607901146268527,0.569264622668726,1.84800003612345,-0.0691185019272447,0.958651022553747,-0.111588949793802,2.83256244949343,0.958651022553747,0.958651022553747,0.0597848630788657,-0.677942307493699,-0.801858327351086,0.253456967197142,-0.92892543919883,1.05602816075095,-3.18648417450813,-1.88851148851148,0.604422604422604,-0.695956032146352,8,0.392521895589941,-0.0407477887260327,-0.0405267208414912,-0.401973211899172,-0.695491626366927,-0.471586904410833,-0.0668133899718466,0.581792304433887,9.79182383961643,5418.0000000001,84.8198222458666,0.104410781516782,86.0000000001,0.0143561691247023,84.8341784148913,4.00885042553965,-0.740390119787996,-0.402422600601264,-0.829632019467409,-0.202695702069296,1.00230096987807,-0.466546980809077,1.03862186289562,-0.243796164900039,0.927876032376025,0.899809314622885,-0.538391069831455,-0.41081107931054,0.15532481729906,-0.260212306817958,-0.471792152073761,-0.75229266612818,-0.89778437282183,-0.860982036160378,-0.832801478435155,-0.572625149944612,0.152502450012695,0.110133379372494,-0.506506983601356,-0.506506983601356,1.15839138992013,-1.08302495085258,1.08109653902708,1.17618750747479,-0.606306153736748,1.34459083111867,-0.959744804798966,-0.507428275116746,0,5418.0000000001,4.00817202275599,0.000678402683656176,0.673992805192039,0.510844508426072,1313.7138346141,0.25,905,2,"SNETWORK (2 29 1313.7138346141 0.673992805192039 100000622 905)",100
43,100000623,-0.3406114433945,41,0.12371145778112,0.869954874556633,0.532114998802948,0.540517197237357,0.552449009633917,-0.321154707321667,-0.269077636055987,-0.740546961821006,-0.0294775084229552,-0.404252519205322,0.602184013678635,-1.23487454599482,-0.404252519205322,-0.404252519205322,0.380028902005643,0.663554334185049,0.459173886193356,0.0600513237992079,0.797722908445989,0,0.0419161676646709,0.81118881118881,0.429975429975429,-0.3406114433945,11,-0.00725780332816547,0.150206820191221,0.14975519797033,-0.0436312817659484,-0.341716907879397,-0.477910979465864,-0.0259947553581149,-0.0278395228246043,0.0529237818972898,6.0000000001,0.312946850659726,0.0281707813100649,1.0000000001,0.0277630616138327,0.340709912173559,0.0155681459942224,0.219120122025244,0.894846838655749,-0.604913398715737,-0.400427335843011,0.318773886172992,-0.516535395346956,0.319350516898038,-0.234309000933844,0.19510373966529,0.215571869085041,0.724608962053853,0.734722062677951,-0.686321041216368,1.19897082117666,-0.353148128111646,0.538992472803681,0.102215627178165,0.139017963839617,0.167198521564845,-0.032326469657457,0.734776905811042,-0.999802612169302,-0.0323448680044757,-0.0323448680044757,0.00682419009677175,-0.127648439317636,-0.784801122751017,-0.674684722390611,-0.702838262655114,-0.675698439686895,0.420739753951793,-0.548436046803616,0,6.0000000001,0.0142995611633376,0.0012685847308848,0.159264964773287,0.179291662325803,3029.88879666346,0.0312500660060792,1512,2,"SNETWORK (2 43 3029.88879666346 0.159264964773287 100000623 1512)",100
41,100000624,0.328505346188932,230,0.680412427894334,0.334368660703197,0.315622755524543,0.310024668600395,0.31737100022456,1.03283725219266,0.9218714304402,-0.454580068713065,-0.530996550689295,0.654669232335739,0.963003521866645,0.223439851070501,0.654669232335739,0.654669232335739,0.382146847849197,-0.749227341278019,-0.869190394407486,-0.453178510921327,-0.889435571213627,-0.720739219712526,0,-0.434965034965035,-0.700859950859951,0.328505346188932,10,-0.278768953571674,-0.183025493042746,-0.181698346080199,0.255412800118079,0.330602305642971,0.229021007102229,-0.527584886142414,1.06377713121787,0.135071417642486,2022.0000000001,1.74662691537206,0.176946779505667,303.0000000001,0.342878955279493,2.08950587055156,0.101247170092134,-0.506683602215043,-0.530853810039683,-0.246649928684097,-0.045495786950597,0.322660284850599,0.27923270507411,0.342455800720619,-0.537195703367518,0.315875609309086,0.149599277248993,0.0883439662229388,0.413929122857614,-0.946827442518539,0.513056053389003,0.562105955755759,0.451834062908154,0.102215627178161,0.139017963839617,0.16719852156485,0.138420938874342,0.71653505526209,-1.76962999185261,0.144155689275149,0.144155689275149,-0.262001366088151,1.06316675953723e-11,-0.934119218074297,-0.868520147912641,-0.984253425364019,-0.771253793748419,0.557854637236023,-0.331047277807685,0,2022.0000000001,0.0846329434648445,0.0166142265272895,0.715127257560905,0.478564476245083,2975.75426127281,0.0625,1436,2,"SNETWORK (2 41 2975.75426127281 0.715127257560905 100000624 1436)",100
29,100000625,-0.994344312878646,45,-0.790377993358492,-0.853832397374456,-0.959757100198023,-0.960709455694412,-0.961711264614227,0.432304780811618,0.357695732749155,1.58875471951748,0.119953313734576,0.882152286183455,-0.210645226101538,2.93025930391117,0.882152286183455,0.882152286183455,-0.0871669342366159,-0.34825971965549,-0.447594822958653,0.49369582209856,-0.557268797461745,0.388090349075976,-1.93862275449102,-1.29510489510489,0.10534398034398,-0.994344312878646,8,0.709719570237992,-0.222291543861465,-0.220566871885088,-0.58024704877811,-0.99177467924448,-0.124499868698607,0.12430841751451,0.165978468591308,1.4090701342629,16.0000000001,0.0360451933470843,0.935649162215053,43.0000000001,0.0643244756803818,0.100369668927466,0.00489721908145073,-0.0297759658693245,0.0312003183853568,-0.130281381687263,-0.195530868076297,-0.0955578116395922,-0.0378530622196925,-0.102822565878233,0.154267592189989,-0.0859056559100003,-0.0933158017978701,-1.98862044159945,-1.94457228518956,-1.67925990841581,-0.484240171736127,-0.471792152073761,-0.752292666128179,-1.4058558810172,-1.37829262321507,-1.40813399619979,-1.6032099444845,0.197073934055788,-0.369084147647073,-1.1375277978355,-1.1375277978355,2.82618217901301,-10.9441769647541,1.33736899936088,1.4939133666308,0.297024915630106,1.40704485627204,-1.25083389050801,-1.70579191352605,0,43.0000000001,0.00175871064059321,0.00313850834085753,0.274321814189177,1.26136690927882,942.933116270242,0.25,840,2,"SNETWORK (2 29 942.933116270242 0.274321814189177 100000625 840)",100
17,100000626,0.547307897902645,276,0.152577399052067,0.406018494492994,0.0737102907633875,0.0682577010310203,0.067165878475577,-0.536121064928785,-0.626901374802821,-0.167437361846014,0.637162448700669,-0.263912920095228,-0.380856427351179,0.150655456022637,-0.263912920095228,-0.263912920095228,0.364024488624495,0.250458834340519,0.317785464642113,0.00642499737348692,0.286743456230114,-0.443531827515401,0.0161216029479497,0.044324905863371,-0.265923265923267,0.547307897902645,9,-0.661220152696253,0.445456145007421,0.445751276678666,1.10020701074794,0.546391831966832,0.460893606333339,0.63782339822032,-0.435769061553782,0.121857611387758,1887.0000000001,0.367638626986095,0.154904817380016,2584.0000000001,0.639961735916152,1.00760036280225,0.0437132397457363,0.217537237195091,-0.239070844890669,0.45670136640346,0.965667678822055,0.780345108790735,0.301506367267449,0.742743955395285,0.641259760266622,0.527292369757128,0.994421490393195,0.458576247417959,0.229455452014354,0.254595780933553,0.74514741340746,0.337676328221549,0.0803828949255398,-4.52365144789511e-15,0,-4.84823954093274e-15,0.821405748887987,-1.02715582604056,1.37153695322115,1.0094038658773,1.0094038658773,0.864947959403445,1.06316675953723e-11,-0.593601369712084,-0.443839103842259,0.341094921838165,-0.718481877296399,-0.274056965485328,-1.26820554715411,0,2584.0000000001,0.0159494537665726,0.0277637858791637,0.960534260094948,1.35981670069121,2726.39762306036,0.125,695,2,"SNETWORK (2 17 2726.39762306036 0.960534260094948 100000626 695)",100
12,100000627,0.447284635661137,255,0,-0.0695595240108285,-0.467885001197052,-0.45962963966976,-0.447550990366083,-0.689641513112724,-0.805039237174466,-0.0757144473268818,0.0372091652033113,-1.17545723691119,-1.74907126853529,-0.0737810146566421,-1.17545723691119,-1.17545723691119,-5.44023676588734,0.500103668906654,0.645690882120724,1.71530266755997,0.288639324642665,0.184804928131415,-0.778443113772456,0.103496503496504,0.51023751023751,0.447284635661137,7,-0.126395018907368,0.176796861437985,0.176324334570593,0.154594758489515,0.445489879460934,0.307805980590956,0.0391968369290345,0.00236718389943996,0.623587652904977,4236.0000000001,4.22326655627978,0.136375520234831,3398.0000000001,0.740891869623356,4.96415842580314,0.225770340719561,-0.211197718188586,-0.381793543429856,-0.0219960975313585,0.370222745682,0.614253334533773,0.251574668412529,0.612673232324011,0.232670969020918,0.827986877323732,0.923039117946445,0.325145225177047,0.602562456618214,-0.953656482705615,0.936217922566814,0.223123099423871,0.103212322371745,-0.386442114754971,-0.338191621997878,-0.273546835403851,0.0930811157858731,0.576308320781436,0.530035949831746,0.0959067834839498,0.0959067834839498,-0.0484288353453881,-3.25753075140435,-0.464064897350446,-0.483046683271025,0.335974755806211,-0.575371144236721,0.748253609005666,1.2601866133005,0,4236.0000000001,0.19207451639315,0.0336958242264113,0.69693573156457,0.669007613026742,2828.02261244996,0.0312499302740435,255,2,"SNETWORK (2 12 2828.02261244996 0.69693573156457 100000627 255)",100
41,100000628,-0.807491647965782,23,-0.886598059773572,-0.0928456434617663,-0.0369605603324269,-0.0422694509956289,-0.0386919408759992,0.928414698556679,1.10678162704071,0.902501107360708,-0.0718156618209004,0.322276418990175,0.419557760607655,0.346583427953252,0.322276418990175,0.322276418990175,0.554979913441257,-0.278238561320558,-0.432884868683956,0.040458330158472,-0.386022917678913,-0.720739219712526,0,-0.434965034965035,-0.700859950859951,-0.807491647965782,10,0.122091588986789,1.11155167872077,1.12114486653956,-0.0698803657234957,-0.808515657515377,-0.909187048840929,-0.0694553142336685,0.599195397502055,0.0617143413326731,357.0000000001,0.140899630188942,0.0587587446206065,2085.0000000001,0.783491170319482,0.924390800408424,0.0356887711941948,-0.126653062299063,-0.137934583090323,-1.0392921945778,-0.91157544575347,0.214801771757747,-1.29447178816686,0.18261749088848,-0.793954035494321,0.225756941364968,0.217644123174703,0.476205680493279,-0.107745590508391,-1.12395801906307,-0.248226790723323,-0.658232714974315,-1.30374704394875e-15,-1.4058558810172,-1.37829262321507,-1.40813399619979,-0.268010140299247,-1.18526215744764,-0.395402196238804,-0.253956660455591,-0.253956660455591,1.8475010643112,-0.0627430292713814,-0.47013837405781,-0.472730185878036,-0.870159820540152,-0.290645731023569,-0.0714277097625378,0.104435608508607,0,2085.0000000001,0.00543983631579113,0.0302489347784037,0.0321436537372868,0.0449761226773262,1814.75471913491,0.0625,1229,2,"SNETWORK (2 41 1814.75471913491 0.0321436537372868 100000628 1229)",100
43,100000629,-0.318185126670842,45,0.12371145778112,0.869954874556633,0.532114998802948,0.540517197237357,0.552449009633917,-0.354977072078551,-0.326195811632882,-0.756862896697189,-0.0815218089718363,-0.48515119506212,0.535258702363297,-1.16720351810132,-0.48515119506212,-0.48515119506212,0.405886814191815,0.706344517869621,0.49661645407407,0.100365583144266,0.84428674244342,0,0.0419161676646709,0.81118881118881,0.429975429975429,-0.318185126670842,11,0.787675899520527,-0.724932460916112,-0.714499601382595,-0.633199181869291,-0.313036308780063,0.437080915593247,-0.0793263394721882,0.507198844811348,1.01659190664755,1.0000000001,1.0018786283668,0.0929909070091082,4.0000000001,0.366580145605126,1.36845877387193,0.0729740781401239,2.56970236265066,0.783546347491431,0.212542250608751,0.775875590249094,0.811584053629606,0.593654793927544,0.948257552982359,0.290364237314525,0.531594026753487,-2.54798124560333,0.0428585250653026,0.11140109029156,-0.820210830336039,-0.0585405242678566,-0.353148128111645,0.538992472803681,0.102215627178161,0.139017963839613,0.167198521564845,-0.805007976772338,0.283409369940398,0.188319922618593,-0.676397273865456,-0.676397273865456,-0.192443568685689,-0.447135634736563,0.84366928740211,0.575110272290415,0.322681842763801,0.860125814928005,1.12616314777857,1.05741357864011,0,4.0000000001,0.0534259201717529,0.019548157868371,0.178669800617297,2.09205800235301,3058.19402644172,0.0312500660060792,1516,2,"SNETWORK (2 43 3058.19402644172 0.178669800617297 100000629 1516)",100
41,100000630,0.409477019933645,240,0.680412427894334,0.334368660703197,0.315622755524543,0.310024668600395,0.31737100022456,1.05121555778024,0.912552311339387,-0.517471391657536,-0.54537737182632,0.636733919316339,0.960327392170619,0.569368697676829,0.636733919316339,0.636733919316339,0.366192508175461,-0.779339360280553,-0.8969961506647,-0.416582460349163,-0.934098049195625,-0.720739219712526,0,-0.434965034965035,-0.700859950859951,0.409477019933645,10,-0.199966658294483,-0.806221097380527,-0.793734130486277,0.0628167136293662,0.407939587910392,-0.343959134535467,-0.540343631107753,0.719592990477167,0.170642941086804,1140.0000000001,1.2440811739057,0.120868830488597,613.0000000001,0.47383848768606,1.71791966149176,0.0929386976658314,-0.461173721965566,-0.00811245970547393,-0.422965439454679,0.044380554794999,0.734920506724953,-0.134741472616539,0.870959778004769,-0.781324366429361,0.365729358970007,0.135011370089546,0.368040595577093,0.873080376938486,0.0052029542588574,1.4495018695717,0.562105955755759,0.451834062908154,0.102215627178161,0.139017963839613,0.167198521564845,-0.262810539469748,0.00802183296441545,-0.0540670112605573,-0.24932612428013,-0.24932612428013,-0.0730976501447134,-0.123636475823202,-0.504187666245285,-0.465830926433088,0.0742325764638584,-0.556083278418108,0.264928050917795,-0.293240524594136,0.00633092139618399,1140.0000000001,0.0673042439400228,0.0256344536258085,0.748148686868387,0.0598721736459993,3031.8871817296,0.0625,1446,2,"SNETWORK (2 41 3031.8871817296 0.748148686868387 100000630 1446)",100
3,100000631,-0.312528277848358,104,-0.226804037760009,-0.273941878615531,-0.467885001197052,-0.45962963966976,-0.447550990366083,-0.348310451607122,-0.41601545709475,0.578024787993618,0.794207002486255,-0.0614701172209842,-1.20878820837307,-0.152063373607121,-0.0614701172209842,-0.0614701172209842,-4.38934257594409,0.168236483405,0.230400447819988,1.14532644315642,-0.0254068793614122,0.0739219712525668,-0.0898203592814364,1.0005994005994,0.837837837837838,-0.312528277848358,7,0.338363132744555,2.41488637659212,2.47049092999732,-0.140178867896591,-0.31146027693126,-0.486487938733641,0.794138758325756,0.581683600905305,0.634777811656296,5400.0000000001,5.4803782230668,0.524056285757311,1735.0000000001,1.45369215897069,6.93407038193749,0.213388602976218,-0.00632294150803555,4.77287689082141,-0.301259813378983,-0.132117091155669,0.244180312202382,-0.984724676258582,0.166495948760164,-0.0120181156038881,-1.00836515365519,-2.06745434880551,1.08662512679179,0.65772538334177,0.16567504839521,0.49921925335299,-0.183656619125852,-0.461007527196321,-0.824752533875998,-0.775697199578568,-0.736878520561041,-1.32157320349479,0.221313976385334,-0.850094206277336,-0.994046931585285,-0.994046931585285,0.0681671071756207,-0.832212210597977,-0.93987170358893,-0.944499909459706,-0.201043715455971,-0.966761817696844,0.290009486537341,0.317676415354601,0,5400.0000000001,0.16865278081043,0.0447358220657875,0.530137889181358,2.59915839560514,1954.90281246694,0.0624998605480869,105,2,"SNETWORK (2 3 1954.90281246694 0.530137889181358 100000631 105)",100
17,100000632,0.595436130072467,285,0.152577399052067,0.406018494492994,0.0737102907633875,0.0682577010310203,0.067165878475577,-0.529007753113325,-0.621549323752956,-0.161516978072113,0.627075312596145,-0.297740595640937,-0.364182314699273,0.104137449030206,-0.297740595640937,-0.297740595640937,0.36167633407124,0.249880521011795,0.316609164157382,-0.00850658533826517,0.288748472760876,-0.443531827515401,0.0161216029479497,0.044324905863371,-0.265923265923267,0.595436130072467,9,-0.753969371929003,0.0181164226405793,0.018031705100749,1.25193046144894,0.598878806624729,0.192250525413895,0.628558567932287,0.301141723452804,2.68639472837577,1140.0000000001,4.89633644906404,0.0914384171983154,4196.0000000001,0.613423985733787,5.50976043469783,0.257679405552808,0.538202419145407,-0.231412883856574,0.304763731298997,0.848143374949891,0.829823424032577,0.196141000140928,0.851021244302186,0.584361251102112,1.49697235607038,2.7907117604866,0.121015054910004,0.171120721475704,0.149438863435555,0.534956348525303,0.562105955755759,0.451834062908154,-4.52365144789511e-15,-4.51494518067087e-15,-9.69647908186547e-15,0.567572615144552,-0.776911342158235,0.934294679807916,0.655219522039441,0.655219522039441,0.181364638378454,1.06316675953723e-11,-0.0879325713649116,-0.0953511035093204,0.353213835550759,-0.167579816948259,-0.88089672314374,-0.362393231505688,0,4196.0000000001,0.228990911681637,0.0286884937711714,0.99098803899225,1.74841564371388,2777.10700566879,0.125,704,2,"SNETWORK (2 17 2777.10700566879 0.99098803899225 100000632 704)",100
16,100000633,0.841231463872291,327,0.288659805977357,0.708741764562854,0.0737102907633875,0.0682577010310203,0.067165878475577,-0.73579340119708,-0.835655062129918,-0.417047534337691,0.369111018215656,-0.408897295818445,-0.493122934758006,0.538975302019528,-0.408897295818445,-0.408897295818445,0.355551132613633,0.583827482693921,0.67365836953188,0.253591460540195,0.661778866271859,-0.443531827515401,0.0161216029479497,0.044324905863371,-0.265923265923267,0.841231463872291,9,-0.841502953744106,-0.183185736731243,-0.181857049036194,1.46405964985074,0.838905090658499,0.467540195193837,0.370768887421153,-0.469589278682625,0.0875913453928084,274.0000000001,0.0383714609815597,0.121389695849739,4123.0000000001,0.800187443821151,0.838558904702711,0.0406335854828872,-0.239428821060719,-0.211581607551423,0.614566704636585,0.300857551814746,-0.492551844721565,0.471609335943136,-0.524062271528524,0.577031443709949,-0.483846104076302,-0.729797761892505,0.318264840902013,0.79026583096487,0.120177140950028,2.15708059837548,0.562105955755758,0.451834062908154,-4.52365144789511e-15,-4.51494518067087e-15,0,0.743627373290519,-0.384173536186578,-0.0837649081669774,0.896379970768434,0.896379970768434,-0.588339100430501,1.06316675953723e-11,-0.532757310567685,-0.364040903941156,-0.0177341232903956,-0.56515666657014,-0.371123195397427,-0.240810057392063,0,4123.0000000001,0.00185934467267469,0.0387742407102125,0.621809104439251,1.32345937798058,3014.82870312505,0.0625,395,2,"SNETWORK (2 16 3014.82870312505 0.621809104439251 100000633 395)",100
37,100000634,0.0769538356001476,33,1.29896932353205,1.22104076566898,1.50580654500643,1.48232234240258,1.49987706507974,0.0837879173023223,0.0154984513779521,-0.489177669239481,0.698270355506538,-0.310647058092692,0.602783064652138,-1.08281310126211,-0.310647058092692,-0.310647058092692,-0.509273653709348,-0.526644965084786,-0.564285401551764,-0.419110273327648,-0.615060496479541,0.170020533880904,-0.850299401197607,-0.17062937062937,0.240786240786241,0.0769538356001476,12,0.20125155288818,-0.35521548741396,-0.351845246255788,-0.240493353140451,0.0774454886544041,0.665725503339486,0.69845344890244,-0.500930735322637,0.0991291495400644,268.0000000001,0.169899944105901,0.264612642473761,116.0000000001,0.196302414288668,0.366202358294569,0.0182918332939045,-0.25804015271047,-0.25243450366168,0.704493061128642,0.129533369649007,-0.900621329323522,0.66461353185281,-0.987509752872407,0.845113176158689,-0.90154480332198,-1.7564365021092,-0.429803511107583,-0.252063379147954,-1.22593220878976,-0.0834287579235234,0.528207847926239,1.07109749798066,2.42043012535971,2.38442051794213,2.52138448925425,0.598601122115955,-0.84523089603559,0.769404757125317,0.696295463819959,0.696295463819959,1.85783228781557,-1.95699354533777,0.534325568176906,0.666468323873572,1.22585600906026,0.303130805790301,0.358952441892217,0.47772550998919,0,268.0000000001,0.0084865139884174,0.00980531920548706,0.189534157057593,1.93732415113906,4424.10949313529,0.0312499339939208,1081,2,"SNETWORK (2 37 4424.10949313529 0.189534157057593 100000634 1081)",100
3,100000635,-0.69863546460788,8,-0.494845044588713,-0.486027089260215,-0.640656641110964,-0.630828421199535,-0.621755757978306,-0.306545713493457,-0.395308592069958,0.670745627963012,1.20890591916231,-0.00052096999395198,-1.14899897924156,0.388171771807978,-0.00052096999395198,-0.00052096999395198,-4.86166304415489,0.269108198787313,0.262875728538972,1.10159556826744,0.109767648930715,0.0221765913757709,0.149700598802395,1.22237762237762,0.834152334152334,-0.69863546460788,7,0.343586911813401,2.26290556016289,2.3113902875921,-0.160791683754106,-0.694960854894078,0.221718701470458,1.20777181133162,0.333618402790942,0.132774352245797,1422.0000000001,0.301862261880824,0.316457227432579,3623.0000000001,1.83306720276711,2.13492946454794,0.0674550471894245,-0.490541655404797,-0.550405806739668,-0.0951832089461983,-0.0707954165834107,0.0426773551451605,-0.322374782354433,0.0311379993819669,0.556519561977799,0.464002565895493,1.21865981962608,-0.824696543674103,-1.0007434537719,-1.45652914907248,-0.414403439224149,-0.471792152073761,-0.752292666128177,-1.48074956831335,-1.423857898781,-1.44749212629168,-0.488730189826136,-0.860316881162713,0.372817304266053,-0.440498219353541,-0.440498219353541,0.961527529188627,-20.2789161405828,0.799757783647155,0.718668439008147,-0.172924399608905,0.931760546116608,-1.67687488972004,-1.14928160603233,0,3623.0000000001,0.00953761396899876,0.0579174331204257,0.132736901232315,1.45265831596333,1381.89004164526,0.0624998605480869,9,2,"SNETWORK (2 3 1381.89004164526 0.132736901232315 100000635 9)",100
29,100000636,-0.512577224964703,145,-0.790377993358492,-0.853832397374456,-0.715996162004961,-0.715344983900652,-0.711097017555422,0.591235336426962,0.574565365954311,1.78346538721154,-0.228479226652899,1.18282611090019,-0.211908936060944,3.49308040461666,1.18282611090019,1.18282611090019,0.12673222377108,-0.768805798171811,-0.854187537328811,0.830932214754508,-1.14919332424091,0.340041067761807,-1.74251497005988,-1.15244755244755,0.0515970515970513,-0.512577224964703,8,-0.211538606834109,-0.114137737027867,-0.113411293661418,0.170716111056283,-0.510743021409736,0.156906874224874,-0.225527894769382,0.239355932502346,0.23564251521638,3433.0000000001,1.29336831861439,0.0680304002265043,446.0000000001,0.0485101536874366,1.34187847220183,0.0642359393218859,-0.334839915911768,-0.326862977361533,0.162733223546813,-0.0789882973278166,-0.376236628609073,0.199360818075522,-0.395514817117861,-0.0609154219116515,-0.360784684631534,-0.2719932057394,-0.223792914679899,-0.370408285678354,0.01542876371432,-0.0873507789178711,-0.471792152073761,-0.752292666128179,-0.89778437282183,-0.860982036160374,-0.832801478435145,0.691351826514127,1.2996618182861,-0.584785290942353,0.822690948765369,0.822690948765369,0.524857011782334,1.06316675953723e-11,0.0570371385265206,-0.0478521712743642,-1.27444255284009,0.384406495421314,1.11836971486615,0.81222518415201,0,3433.0000000001,0.0619137503334942,0.00232218888839172,0.88147126561025,1.05871018860489,1506.19468593061,0.25,940,2,"SNETWORK (2 29 1506.19468593061 0.88147126561025 100000636 940)",100
29,100000637,-1.12939905151509,10,-0.790377993358492,-0.853832397374456,-1.31184600508887,-1.30651564302517,-1.32383268064034,0.417777720743471,0.373514573797276,1.551983833647,0.256699622715106,0.583812620083329,-0.147859421251741,2.06593389955135,0.583812620083329,0.583812620083329,-0.236727556933394,-0.343083407547535,-0.484800071700273,0.0767229112393113,-0.474410027512181,0.279260780287474,-1.27411842980705,-0.441958041958041,0.405132405132405,-1.12939905151509,8,0.926224428558095,10.8763483310743,11.8106413770722,0.265127077102277,-1.12563285802877,-0.948872395591112,0.260646487311375,0.683659257533806,0.0497554767829317,11547.0000000001,0.918554275219947,0.0974494517478597,37763.0000000001,5.8835663290056,6.80212060412555,0.0492849119984425,-0.323887272920684,1.57188155319288,-0.916391145884399,-0.930922500598965,-0.00656148424993225,-2.26668417809049,0.00349698672506212,-1.79334762370985,-0.0177669221714765,-0.0242975435774416,-1.32104239303136,-1.29057338683255,0.105075442589574,-0.479170242158068,-0.471792152073761,-0.752292666128179,-2.3587188560243,-2.29529197602235,-2.43477706343215,-2.95365779795627,-0.103937687201926,-0.411599653992196,-1.61491667816788,-1.61491667816788,-0.212790769890383,1.06316675953723e-11,0.445065707029078,0.27437085722152,-0.0683143098710617,0.55837230915906,-2.32632763242129,-1.53691302154259,0,37763.0000000001,0.00665540485954228,0.0426295070389002,0.0694352029990062,7.70696719863918,752.856762003171,0.25,806,2,"SNETWORK (2 29 752.856762003171 0.0694352029990062 100000637 806)",100
17,100000638,0.281864809345046,250,0.152577399052067,0.406018494492994,0,0,0,-0.513020071188259,-0.591614448907119,-0.179272848063575,0.688855997514501,-0.0908286064007947,-0.378645566369504,0.155488349913469,-0.0908286064007947,-0.0908286064007947,0.374002323370312,0.238785151612878,0.30550089333595,0.0178628267058311,0.269931189478221,-0.443531827515401,0.0161216029479497,0.044324905863371,-0.265923265923267,0.281864809345046,9,-0.529769171057833,1.48719967637865,1.50644209378671,0.823686534464284,0.286001123224857,0.829504128415205,0.689663622120385,-0.521554293166579,0.380219134718076,3349.0000000001,2.0358496008969,0.0905811325578092,3359.0000000001,0.486456851398756,2.52230645219566,0.0912028521298623,-0.368556043161737,-0.387287256115627,0.483746117394334,1.21791948358453,1.14378603931437,0.286638319817602,0.908226193812436,0.659303702098249,1.07534509836715,2.08954680413514,-0.263859560035935,-0.123185950707902,0.259889959294543,0.195214796766724,0.121428129376515,-0.277526342387342,0.0240009566442961,0.0326424071837615,0.0392594026750322,0.948475532505762,0.00849311094105058,0.0114940507817587,1.20312437901716,1.20312437901716,-0.125773584965805,-0.289098543359747,-0.164647024584228,0.0964891209759371,0.315550565806232,-0.242501784247354,1.37190377766353,0.331561033189042,0,3359.0000000001,0.0736132953798163,0.0175895566500461,0.872824423804951,0.654618383385241,2580.34968392115,0.125,669,2,"SNETWORK (2 17 2580.34968392115 0.872824423804951 100000638 669)",100
17,100000639,0.00590526796973819,212,0.152577399052067,0.406018494492994,0,0,0,-0.387612031647831,-0.420521995502879,-0.0710200952634985,0.855142557146453,0.191953577084425,-0.287199043364528,0.00111798650517665,0.191953577084425,0.191953577084425,0.418637214927761,0.119293201938348,0.168175347305745,-0.0887607064786885,0.138806821191967,-0.443531827515401,0.0161216029479497,0.044324905863371,-0.265923265923267,0.00590526796973819,9,-0.402672221800496,0.0233291099250837,0.0232215626155046,0.484917873703771,0.00681596322234381,1.34798863190557,0.855031191896893,-0.920368737352509,0.128469943308594,1807.0000000001,0.371155806660907,0.402375840310981,2872.0000000001,1.84762107210744,2.21877687866835,0.103672137841519,0.546570699423371,0.433040784473921,0.637235374443855,1.26023485582727,0.934402140930883,0.99045660481342,0.957434982255483,1.06644749409323,0.964623253072995,2.08761218568931,-0.17756148669132,-0.120846354459768,0.171374675539184,0.282804723306202,0.121428129376515,-0.277526342387344,0.102215627178161,0.139017963839617,0.167198521564845,0.858048221312178,-1.56305982816586,0.66144858973128,1.06409106525306,1.06409106525306,-0.796297885889346,1.06316675953723e-11,-0.50321826880468,-0.369508558982938,0.0271638008131835,-0.543650709618572,-1.17648602579528,1.57318257386618,7.88226165879577e-13,2872.0000000001,0.0173422196134363,0.0863299181280832,0.738694985723878,0.485610236413777,2357.00725349098,0.125,631,2,"SNETWORK (2 17 2357.00725349098 0.738694985723878 100000639 631)",100
34,100000640,1.25750528084063,253,1.95876350285277,1.6240746339498,1.11742223327512,1.09970853501445,1.1005013034785,0.664844464353245,0.51999212078863,-0.288549167764009,-0.654108897830706,-0.639038972568549,0.600285533970964,1.6073073498305,-0.639038972568549,-0.639038972568549,-0.856148549915943,-0.657189490873271,-0.741468097440416,-0.696958178440219,-0.728774460240358,-1.3305954825462,1.62674650698603,0.565034965034965,-1.23832923832924,1.25750528084063,12,-0.747836322158571,-0.461820503459331,-0.456792386675278,1.1334907892979,1.25365003531024,0.794306217605846,-0.650402697416735,-0.0663422471863325,0.0622713172943985,403.0000000001,0.160490806895381,0.0416838370375746,621.0000000001,0.165545107677688,0.326035914473069,0.0165951576983205,-1.34524874141631,-1.20377478269546,0.377087402230616,1.36830145378188,1.6066852553189,0.783717504034504,1.79313127282111,-0.693409307078372,1.70603743171486,0.375478301115966,-0.145761273814935,0.0898523618352023,-0.0694464532458787,0.00714910713532098,0.596004386864676,1.11697181886013,2.05956227552295,2.01854571601049,2.13655029405181,-0.505410908770582,0.20658034896327,0.0954462070459586,-0.453829526745539,-0.453829526745539,0.150924750986513,1.06316675953723e-11,-1.25660944158082,-1.10198773267119,-0.520219376327867,-1.23655980323517,0.574453888657101,0.014965816566334,0.00979175114121224,621.0000000001,0.00816894739026622,0.00842621020805423,0.0949159846968253,1.52423308417201,5726.3042308973,0.00781248349848019,968,2,"SNETWORK (2 34 5726.3042308973 0.0949159846968253 100000640 968)",100
17,100000641,0.534409798060715,274,0.152577399052067,0.406018494492994,0.0737102907633875,0.0682577010310203,0.067165878475577,-0.531710848569198,-0.620414328317001,-0.172509366558966,0.641596736799375,-0.244303571124243,-0.379083097533899,0.127921788067612,-0.244303571124243,-0.244303571124243,0.364836168355993,0.24940566699474,0.317601561500087,0.00881547084283268,0.284978105146487,-0.443531827515401,0.0161216029479497,0.044324905863371,-0.265923265923267,0.534409798060715,9,-0.659116416156106,0.280440303722501,0.280053954634943,1.06117019786387,0.533537063282891,1.13804800588111,0.641925015795752,-1.14718590512735,0.252944279483946,572.0000000001,0.231322280607043,0.115446156983841,634.0000000001,0.117021406317607,0.34834368682465,0.0155566880851094,-0.105582628520762,-0.196664773396243,0.955622367079676,0.693415797063178,-0.415933294200142,0.797336585577454,-0.40750825907606,0.879334755391278,-0.202904542192476,-0.360649954815556,0.820771208122381,0.601471438312966,0.150998958127479,1.8044475830616,0.17534138526447,-0.188295299544115,-4.52365144789511e-15,0,-4.84823954093274e-15,1.16058937276033,0.232133657043614,-1.81927530941974,1.55325230109844,1.55325230109844,-0.881066184530986,-0.143273852370802,-0.646640324050458,-0.438078924233736,-0.134888397860597,-0.661583956484819,0.472506345394065,-0.167686274316459,0,634.0000000001,0.0103306265593284,0.00522606142578106,0.953441288391592,0.288088921908936,2714.58693062875,0.125,693,2,"SNETWORK (2 17 2714.58693062875 0.953441288391592 100000641 693)",100
3,100000642,0.195633995567998,208,-0.226804037760009,-0.273941878615531,-0.467885001197052,-0.45962963966976,-0.447550990366083,-0.418982914316721,-0.491669330853566,0.497960927793182,0.495798916449274,-0.845884573149358,-1.25252135445628,-0.629454016314303,-0.845884573149358,-0.845884573149358,-4.87689475022648,0.233110975658653,0.327077464916251,1.28237057762049,0.0312933773202171,0.0739219712525668,-0.0898203592814364,1.0005994005994,0.837837837837838,0.195633995567998,7,0.160168345045802,0.624282888764827,0.62605806581773,-0.160362183271006,0.196583306994191,-0.212883708170866,0.497704903694924,0.231825167339881,0.33084368726561,2188.0000000001,1.15735130145974,0.0448444922807085,727.0000000001,0.0521240984620052,1.20947539982174,0.0508511796063055,-0.421399287559343,0.781429144550782,-0.339937654501171,0.64883429901589,1.51801692648581,-0.328644864165576,1.40032064691614,0.24012151726838,1.29241532622009,2.19676104233672,0.00343723939480046,-0.112893203806058,0.239341512579146,0.323364159930675,0.223123099423871,0.103212322371743,-0.751834212897414,-0.690544926566656,-0.641104661755909,0.946131430163441,-1.62897698331516,0.947281923009309,1.19944563411086,1.19944563411086,-1.08161572195342,-5.69392990733686,-0.11335487481002,-0.0774688674961669,0.0567242808506692,-0.123797273586327,-0.52604462965317,-1.03647508577774,0,2188.0000000001,0.048659674095761,0.00219150541054448,0.944737362645753,0.750945857726038,2552.71409194345,0.0624998605480869,209,2,"SNETWORK (2 3 2552.71409194345 0.944737362645753 100000642 209)",100
3,100000643,0.23155660410365,215,0,-0.0695595240108285,-0.467885001197052,-0.45962963966976,-0.447550990366083,-0.463804079952894,-0.544105677925543,0.381179106738215,0.421403263956555,-0.928000427768138,-1.32287934062631,-0.413083281047509,-0.928000427768138,-0.928000427768138,-5.12791040096937,0.319394002368622,0.424605492098749,1.45939288572837,0.107664953756227,0.0739219712525668,-0.0898203592814364,1.0005994005994,0.837837837837838,0.23155660410365,7,0.0616622320417878,0.228195025169678,0.227731982738699,0.0775393876498167,0.229669979336072,0.420943501724676,0.422334664851098,-0.851438407895171,0.0677979849402032,924.0000000001,0.100157572838933,0.061568811217117,1359.0000000001,0.133775092195544,0.233932664934478,0.0105435692671371,0.731716042055663,1.59330164741424,0.312302509007347,0.462799403492053,0.220200391037846,0.327505132853528,0.217617244365018,0.537894400714793,-0.344244990551828,-0.544889132980555,0.313764427828394,0.28019948765192,-0.949850437002129,0.430080269195817,0.223123099423871,0.103212322371745,-0.751834212897414,-0.690544926566656,-0.641104661755909,0.00345058665979181,-0.646458053571949,0.208733305251973,0.00348074265339487,0.00348074265339487,0.39048227364755,-3.23752292453726,0.277963409061566,0.2990719488115,0.706625594038376,0.147787834848645,-0.539236318819442,-0.201975708115699,0,1359.0000000001,0.00451419769245441,0.00602937147468269,0.972695429386838,0.651873971008768,2593.02684851914,0.0624998605480869,216,2,"SNETWORK (2 3 2593.02684851914 0.972695429386838 100000643 216)",100
37,100000644,0.663708161446079,158,1.29896932353205,1.22104076566898,1.45807027539656,1.42805593959054,1.43873085382348,0.264584578802359,0.185786034996536,-0.444202157506748,0.46854913510216,-0.533602543753178,0.707806327113836,-0.981604997541465,-0.533602543753178,-0.533602543753178,-0.58448380723002,-0.746118849622513,-0.81399081505852,-0.719510206283015,-0.836760126762882,1.28439425051335,-2.76197604790419,-0.927972027972028,1.1480343980344,0.663708161446079,12,-0.306872461838338,0.983253249899642,0.990262547900221,0.481115128772128,0.659147412305433,0.121940791763922,0.469426361639018,-1.08516721441207,1.24456033207593,242.0000000001,1.92614236017081,0.0980446310057508,1192.0000000001,0.747406952308599,2.67354931237941,0.105560616745587,0.422395034369696,0.225861154546235,0.271035494169754,0.511641755289964,0.364844607946839,-0.103066507794345,0.316589187990177,0.346274837366015,0.435569941152918,0.733223190316498,1.62729701047413,1.18690828435652,0.23623412400632,2.10199786736592,0.900506284941564,1.20849856688057,2.96178355069553,2.87349608014433,3.01926165767975,-0.169896400335296,0.096651403394001,0.750025290630354,-0.164655881090921,-0.164655881090921,0.102123167630844,-1.27158009196096,-0.815253784786088,-0.636325599828305,0.563501470629226,-1.01497341665741,-0.228287254675631,-0.434301181572163,0.000320036043970401,1192.0000000001,0.0760505049756909,0.0295101116698957,0.935120190697381,0.00153421348631218,5180.96646320519,0.0312499339939208,1206,2,"SNETWORK (2 37 5180.96646320519 0.935120190697381 100000644 1206)",100
41,100000645,-0.605855876019146,75,-0.886598059773572,-0.0928456434617663,0.315622755524543,0.310024668600395,0.31737100022456,0.993771136620982,1.16073950248294,0.733911610642923,-0.145816718611688,0.508019919503229,0.485066864040537,0.349970582418281,0.508019919503229,0.508019919503229,0.544470815229798,-0.468837744721484,-0.605779385468891,0.0567183045106037,-0.629289419741474,-0.720739219712526,0,-0.434965034965035,-0.700859950859951,-0.605855876019146,10,-0.228699261312942,0.781446998894777,0.78514703037619,0.32557368594266,-0.603622483030943,0.375539971411094,-0.143427685617045,0.656300208669679,0.360247291759958,3156.0000000001,7.27098516150287,0.0877531817977567,381.0000000001,0.213817568740715,7.48480273014358,0.306145494201471,-0.118071750900229,-0.535860097285526,-0.601423483153686,0.028039485956941,0.992961311922052,0.150901352276268,0.89134199959118,0.00876260735567584,0.865610173169876,0.752757738340057,1.24804128487559,0.613003575079585,-0.578918684290212,0.317832816117987,-0.658232714974315,-2.60749408789749e-15,0.102215627178161,0.139017963839617,0.167198521564845,-0.781635857495289,-0.831592691677981,0.0104285904644904,-0.660132532154411,-0.660132532154411,0.177224777370455,1.06316675953723e-11,-0.514361222642969,-0.550621208300343,-0.476152286928348,-0.434264357345782,-0.0184493589123376,-0.22963771642,0,3156.0000000001,0.297399868123069,0.00874562597840245,0.203245631348283,0.512320647016168,2105.60989714085,0.0625,1281,2,"SNETWORK (2 41 2105.60989714085 0.203245631348283 100000645 1281)",100
36,100000646,0.771571263601341,180,1.29896932353205,1.22104076566898,1.45807027539656,1.42805593959054,1.43873085382348,0.433109180494706,0.378584583487207,-0.165888026318884,-0.0251127659268879,-0.346540532504115,0.8417398813536,-1.72334965575304,-0.346540532504115,-0.346540532504115,-0.703193217279347,-0.543476223907937,-0.647894669978044,-0.8642924660248,-0.554783228531285,0,0.0419161676646709,0.81118881118881,0.42997542997543,0.771571263601341,12,0.230747117670519,3.08974686561322,3.18209546534885,0.0480130441947995,0.770035221078919,0.182684416534625,-0.0227903666273092,0.128886998972517,0.0669614573190877,297.0000000001,0.127185736082271,0.0923641904073714,1839.0000000001,1.08628158827988,1.21346732426215,0.0332263554799305,0.142638090866537,0.432491223670812,0.240284594482388,0.0932578733818416,-0.223713438983164,-0.53449629276998,-0.132296774653245,-0.241845208659055,-0.0986830016262653,-0.100063977077007,0.961678097925516,1.11399387746647,0.164018300500783,1.98145058506762,0.584307028956001,1.10905687512099,2.67197886773542,2.60149807475628,2.74187558589854,-0.470002208609292,-0.0209585586159082,-0.902473769370233,-0.425406404283799,-0.425406404283799,-0.165593441676487,-1.32355941343504,-0.702452814292525,-0.531681302514845,0.147061439405899,-0.790825746365694,-0.00956337147294491,-0.437026508545134,0,1839.0000000001,0.00348251525101656,0.0297438401289139,0.322906563626067,1.05562617750648,5308.65727626939,0.0156249669969604,1028,2,"SNETWORK (2 36 5308.65727626939 0.322906563626067 100000646 1028)",100
43,100000647,-0.499182485290391,10,0.12371145778112,0.869954874556633,0.532114998802948,0.540517197237357,0.552449009633917,-0.312334814222344,-0.262909520470712,-0.648376951906349,0.0394028754082969,-0.232867450912691,0.469010601688451,-1.23535102879939,-0.232867450912691,-0.232867450912691,0.409950876221282,0.562054562503651,0.377212899645592,0.00180486169607472,0.680422549141459,0,0.0419161676646709,0.81118881118881,0.429975429975429,-0.499182485290391,11,0.405493269017005,0.088604222549093,0.0882690270700686,-0.400750877873374,-0.499333548927579,-0.347394032994622,0.0413215351510134,0.414030465173093,0.272023558716638,1e-10,1e-10,0.120028369228704,1.0000000001,0.118291181685502,0.118291181685502,0.00546400547722449,-0.0109306601443164,-0.0456152017689021,-0.471719698732382,-0.748619499305107,-0.417084717648675,-0.349677184169777,-0.422841598037332,-0.0803232681201486,-0.407081744928893,-0.450417261488857,-0.397571706444085,-0.249433442167871,0.0713423158923841,0.00991196554023448,-0.353148128111646,0.538992472803681,0.102215627178161,0.139017963839617,0.167198521564845,0.675073139190357,-1.33604834968051,1.17588411983029,0.800109128232952,0.800109128232952,0.293903278707357,1.06316675953723e-11,-0.212465857241175,0.261922809459897,1.44795212469974,-0.568440380510535,-1.50763848181383,-0.920802119188794,0,1.0000000001,0,0.00546400537722449,0.0364183970860138,1.21934154070914,2850.69633382527,0.0312500660060792,1483,2,"SNETWORK (2 43 2850.69633382527 0.0364183970860138 100000647 1483)",100
43,100000648,0.096005225634822,115,0.12371145778112,0.869954874556633,0.965149594579297,0.947078472655203,0.966783102940535,0.0121050537837435,0.0120677002530015,-0.464534919702301,-0.351178835761256,-0.326501150241839,0.791415997326666,-0.868629284158371,-0.326501150241839,-0.326501150241839,0.250405115519106,0.458929446128692,0.269015074132338,-0.410143966080681,0.62582426815227,-1.14579055441478,2.23053892215569,2.01958041958041,-0.227886977886978,0.096005225634822,11,1.17768500257906,0.287429447596117,0.287058462330389,-0.712132187933636,0.09658460249315,-0.431395316728297,-0.34825673713306,0.772397191019357,0.158396050433977,7.0000000001,1.09272493354254,0.110145467950897,9.0000000001,0.976961852506707,2.06968678594924,0.0923167489773245,0.355061224619061,1.64761317412852,-0.654883625054385,-0.383417961356893,0.412965673600602,-0.491117308146419,0.40402992328221,-0.597937389258163,0.130564597981785,0.0817846992195945,-0.0301076500465098,-0.38346562637933,0.0849429424042938,-0.321287795874844,-0.353148128111645,0.538992472803679,2.19258446122348,2.15155944355969,2.28302402457116,-0.713238144895724,-0.418006986708421,0.519973466994788,-0.611501094213727,-0.611501094213727,0.747088149008632,-5.12871644800759e-12,0.724834314080744,0.488533303101107,1.0945467317274,0.54350545907062,-0.222100746069571,-0.0173316877485847,0,9.0000000001,0.0487401349626018,0.0435766139147227,0.452313796065801,1.56753977946937,3457.35000131702,0.0312500660060792,1584,2,"SNETWORK (2 43 3457.35000131702 0.452313796065801 100000648 1584)",100
17,100000649,0.465740256359076,266,0.152577399052067,0.406018494492994,0,0,0,-0.530335163538908,-0.618201499449617,-0.176793044446613,0.648661662910952,-0.216737787494425,-0.38942604590093,0.166719099486687,-0.216737787494425,-0.216737787494425,0.366466359197454,0.249451188167571,0.316994601032258,0.0165257898407292,0.283622708399832,-0.443531827515401,0.0161216029479497,0.044324905863371,-0.265923265923267,0.465740256359076,9,-0.534691321244272,-0.220487005508816,-0.218781483543412,0.688551486269067,0.467786261104372,1.35270864328666,0.649315467169718,-0.612085966707226,0.134953873033572,362.0000000001,0.0781070972683747,0.0954578441384508,2248.0000000001,0.343087190064533,0.421194287232908,0.0205442958363598,0.594876161623316,-0.714501015938165,2.4341660059304,1.62343118737113,-1.28043944959326,1.06217403521356,-1.37056827260298,1.00369328696046,-2.04484158972132,-3.85343675523903,0.556764540497117,0.241424435000742,0.316811338464237,0.761049323493581,0.339737618235176,0.0837945059382472,0.0506370681752143,0.0688687464614039,0.0828292421521462,1.07758653843737,-1.04831372537267,1.84742176565002,1.41209653928778,1.41209653928778,0.77018159957396,-0.0500353355410951,-0.462448114243102,-0.467406946462603,-0.0157706249428364,-0.488625432339463,0.0701217256959788,-1.69201332442161,0,2248.0000000001,0.00380977461555488,0.016734521120805,0.926907830895436,2.10253144448786,2670.40537757307,0.125,685,2,"SNETWORK (2 17 2670.40537757307 0.926907830895436 100000649 685)",100
35,100000650,1.08434756367271,234,1.95876350285277,1.6240746339498,1.11742223327512,1.09970853501445,1.1005013034785,0.660861913938877,0.626286137232769,-0.187421356790241,-0.45270483258786,-0.156248340375314,1.12051997557235,-0.682144985187275,-0.156248340375314,-0.156248340375314,-0.77186024868031,-0.580131654902527,-0.696493844509939,-1.01045298355743,-0.574237141020543,-1.3305954825462,1.62674650698603,0.565034965034965,-1.23832923832924,1.08434756367271,12,-0.61932053542381,-0.45509943730719,-0.450184812314954,0.823133186578929,1.07936239179779,0.569965568547962,-0.449506373340692,-0.487588022718637,0.145546999238411,457.0000000001,0.425379462092141,0.102466312642307,1071.0000000001,0.701823070448056,1.1272025324402,0.0573062468720593,-1.26778567944537,-0.286417062145338,0.253180880939414,0.148004518010169,-0.1677123036256,0.622126211089624,-0.187833284657285,-0.19971869204314,-0.165482432239623,-0.07691279130717,-0.337868128081319,-0.505342485286875,0.0484797706035805,-0.204904495693936,0.596004386864676,1.11697181886013,2.19258446122347,2.1515594435597,2.28302402457116,0.755437982992583,0.0884828538684033,1.28205977915779,0.913279238424475,0.913279238424475,2.2753856164849,-3.00925427735939,0.503582348800916,0.545847751152911,0.422490799916618,0.463536649995334,0.031280810839148,-0.296784733278896,0.0228766609891312,1071.0000000001,0.0216260163735423,0.035680230398517,0.750518286049563,1.3924811205056,5624.64537881568,0.0156249669969604,1007,2,"SNETWORK (2 35 5624.64537881568 0.750518286049563 100000650 1007)",100
17,100000651,-0.382883773884641,155,0.152577399052067,0.406018494492994,-0.241215637293384,-0.241906399880321,-0.243823950879704,-0.240765784878326,-0.237418989384331,0.096895625716638,1.00820940483327,0.498095545468022,-0.163447582545667,0.00483015847454797,0.498095545468022,0.498095545468022,0.45670181815516,0.0124795631030656,0.0476992994438498,-0.241002356096869,0.0320143361445508,-0.443531827515401,0.0161216029479497,0.044324905863371,-0.265923265923267,-0.382883773884641,9,-0.138640847705844,-0.495017351043006,-0.489410875463393,0.117933424657813,-0.377319634404355,1.01448659948529,1.00777120815257,0.0665765289297676,0.39953885781323,4659.0000000001,2.97610540549688,0.280359955318337,397.0000000001,0.177952077906394,3.15405748330327,0.161485773503037,-0.0930434370909132,0.0104589504506589,0.807889685980767,-0.27287173177393,-1.67366502308063,0.937749801417876,-1.88056242118868,1.10586214170346,-1.61893697636748,-3.80064307980121,-0.454970810987152,-0.540597587807295,0.184506112164401,-0.131370822302063,0.121428129376516,-0.277526342387342,-1.4058558810172,-1.37829262321507,-1.40813399619979,1.12766084612749,-0.679689913920342,0.939840814303563,1.49659770561391,1.49659770561391,-2.06728269499232,1.06316675953723e-11,-0.338685837314882,-0.257868199816931,0.258029718739901,-0.419220754970911,1.16012668800964,1.18920211276801,0,4659.0000000001,0.152374738152006,0.00911103525103096,0.539029055402935,0.788869874821849,2024.53829820447,0.125,574,2,"SNETWORK (2 17 2024.53829820447 0.539029055402935 100000651 574)",100
37,100000652,0.352220702305573,87,1.29896932353205,1.22104076566898,1.45807027539656,1.42805593959054,1.43873085382348,0.12003435824361,0.0538569564424274,-0.514650169941842,0.627374661059678,-0.395706405002378,0.637663645110918,-1.07509718287775,-0.395706405002378,-0.395706405002378,-0.54178842498151,-0.584980351418741,-0.632250685940217,-0.497291988123496,-0.674291698140392,0.665297741273101,-1.69993346640053,-0.507226107226108,0.644007644007643,0.352220702305573,12,-0.378299418272201,0.471415279905973,0.471877769977163,0.517515682247616,0.352315503559245,0.798796814319889,0.627827213327844,-0.181968615811126,0.04871617284751,152.0000000001,0.0473558692253785,0.072972108218332,699.0000000001,0.326205388462465,0.373561257587843,0.0161327421352621,-0.055582954303783,-0.371667388165951,0.587435644029416,0.542417392480815,-0.0748577959998603,0.532711687369211,-0.0707762569390199,0.74818789910697,0.223858172783916,0.422245166142372,0.306713747332933,0.222971005223424,0.253627522279279,0.399880144839054,0.528207847926239,1.07109749798066,2.19258446122348,2.1515594435597,2.28302402457116,0.748965872249126,-0.503870569430334,1.18581432267276,0.90400704000557,0.90400704000557,0.0655798573950363,-0.332934942021684,0.571400882919385,0.600771195019688,0.571096733355933,0.501914266413356,-0.354123076013565,0.210304842235924,7.86494763887434e-14,699.0000000001,0.00204512648231523,0.0140876155529469,0.504009483688045,2.65902533603366,4743.3387063132,0.0312499339939208,1135,2,"SNETWORK (2 37 4743.3387063132 0.504009483688045 100000652 1135)",100
41,100000653,-0.598413546433419,76,-0.886598059773572,-0.0928456434617663,0.315622755524543,0.310024668600395,0.31737100022456,1.00456268512965,1.17466380777857,0.738777935183255,-0.157483749384862,0.549497634604528,0.540440338684751,0.342445638695936,0.549497634604528,0.549497634604528,0.538653093581101,-0.476486774915275,-0.61124418334676,0.0697128676099799,-0.641311859419592,-0.720739219712526,0,-0.434965034965035,-0.700859950859951,-0.598413546433419,10,-0.173738116307373,0.614953855121743,0.616633006835304,0.22178755626547,-0.598556027407206,-0.600922009041478,-0.143573956537933,-0.247461891712338,0.353666847921407,1783.0000000001,4.03274938976304,0.0666108574164372,187.0000000001,0.0796603425682391,4.11240973223128,0.173185091568015,0.122622595648945,-0.11263821488384,-0.301515413798515,0.378567766693479,1.0533612008276,-0.768658646984494,0.973357998854562,-0.502763824038347,0.748585312119956,0.675215937106403,-0.778106972934623,-0.927588589861471,-0.579377527169444,-0.358397879745322,-0.658232714974315,0,0.102215627178156,0.139017963839622,0.167198521564845,0.318430607741684,0.319932609182011,-0.33415722117968,0.346124942041061,0.346124942041061,-7.52132311001283,1.06316675953723e-11,-0.102080681492762,-0.430329353869746,-0.268164290764273,-0.0329629480805335,-0.622005829814062,-0.495137105266669,0,1783.0000000001,0.16983037134153,0.00335472012648544,0.207107803816519,0.196876424412744,2112.17517988289,0.0625,1282,2,"SNETWORK (2 41 2112.17517988289 0.207107803816519 100000653 1282)",100
37,100000654,0.218159243333888,59,1.29896932353205,1.22104076566898,1.45807027539656,1.42805593959054,1.43873085382348,0.102257503719871,0.0296681115322349,-0.50564356712723,0.67120048560973,-0.343278995960392,0.613638804600833,-1.10270275195616,-0.343278995960392,-0.343278995960392,-0.517690581621252,-0.554140623928198,-0.599766564046518,-0.474792380087433,-0.639531514235101,0.170020533880904,-0.850299401197607,-0.17062937062937,0.240786240786241,0.218159243333888,12,-0.605298582717994,-0.447588519380816,-0.442799290516324,0.875521847546927,0.217222899432414,0.462558126978662,0.671639124003058,0.125179586757481,0.113515249021703,331.0000000001,0.240291972075518,0.270484271804366,228.0000000001,0.394397293100402,0.63468926507592,0.0322243850781781,-0.351641917636844,-0.399111606006338,-0.626767578905941,0.240564387130172,1.36703111116315,0.53857724382728,1.52172768717501,0.772625853251903,1.44564967111293,2.77426272912504,0.333181450778869,0.406760395150348,0.258038634723843,0.843800027572314,0.528207847926239,1.07109749798066,2.19258446122347,2.15155944355969,2.28302402457116,0.631633022271638,0.381889822472509,-1.16775088763493,0.740682863468323,0.740682863468323,-0.100635920438381,-1.38418527864634,-0.491422195849062,-0.328420333348318,-0.596121813966136,-0.380158021880192,-0.447055735819322,-1.26606422997574,0,331.0000000001,0.0122000818973966,0.0200243030807815,0.3446317345562,0.119045625440776,4581.5516624819,0.0312499339939208,1107,2,"SNETWORK (2 37 4581.5516624819 0.3446317345562 100000654 1107)",100
17,100000655,-0.923395073214713,36,-0.711340194022643,-0.147031598306002,-0.358045591966192,-0.357303355798844,-0.355675841278248,-0.0324554087009446,-0.0302813327234924,0.3546618703669,1.35199750845319,0.661277987885843,0.0517151757634883,-0.0851935835937843,0.661277987885843,0.661277987885843,0.511611363199802,0.0135873429231436,0.00711221021769843,-0.484504187666785,0.077988904675458,-0.596303901437372,0.141716566866268,0,-0.395577395577396,-0.923395073214713,9,0.549278121390496,-0.179999084273813,-0.178700910721026,-0.502713395509028,-0.921778588534805,0.666096060897871,1.35050357911372,-1.0464048962775,3.23748553250741,243.0000000001,1.25779737648522,0.347819885196464,2326.0000000001,1.29348290185832,2.55128027824354,0.123556526316301,-0.091803958887535,-0.111382761636855,0.115349932841764,-0.177161146559851,-0.450467601748308,0.617168322588381,-0.479056603465454,1.08215265859403,-0.302336166782627,-0.836798907278247,0.18002006135907,-0.0366560450010546,0.31454295147879,-0.103016354883816,-0.675181930528773,-0.587156310063935,-1.4058558810172,-1.37829262321506,-1.40813399619979,-0.797566266100846,-0.774577110227006,0.223130859973934,-0.671237819636084,-0.671237819636084,-0.173237921920301,1.06316675953723e-11,0.0432398842705434,-0.0748854728851596,-0.896089184972206,0.277892176431934,-1.07678055546405,-1.26655543967018,0,2326.0000000001,0.0609141519422634,0.0626423742740381,0.120523362256622,0.469206771813333,1327.67353836208,0.125,455,2,"SNETWORK (2 17 1327.67353836208 0.120523362256622 100000655 455)",100
29,100000656,-1.02748855791054,38,-0.790377993358492,-0.853832397374456,-0.959757100198023,-0.960709455694412,-0.961711264614227,0.425958110885024,0.353948225196925,1.58806349573805,0.124683926574962,0.871540689069222,-0.2177858844517,2.93553915230366,0.871540689069222,0.871540689069222,-0.0896653021181045,-0.334164073046133,-0.435489976517174,0.504728191680621,-0.54151838779489,0.388090349075976,-1.93862275449102,-1.29510489510489,0.10534398034398,-1.02748855791054,8,0.824802751781438,-0.490036754326922,-0.48451894114251,-0.636369742297098,-1.02736753329561,-0.651378811170552,0.126405972679005,0.38167383613534,0.122760132093651,387.0000000001,0.0759561735158765,0.0430146944439137,22.0000000001,0.00151298393393892,0.0774691573498155,0.00396288134387477,-0.26761200542595,0.063871395880066,-0.698076193658694,-0.883195959876999,-0.273477521377549,-0.606113203038691,-0.307712677796321,-0.159482728750821,-0.304577446245341,-0.37026562914654,-0.302234283045472,-0.635800706757094,0.0846528930960521,-0.283952631889913,-0.471792152073761,-0.752292666128179,-1.4058558810172,-1.37829262321507,-1.40813399619979,-0.930432354383441,-0.155621240664064,-0.193724551016686,-0.760710452637674,-0.760710452637674,0.141690166444902,1.06316675953723e-11,0.207428384953009,0.59130433388975,0.416056159238847,0.201199042231932,-0.331208806843039,-0.323723189901835,0,387.0000000001,0.00388548560061938,7.73956432553882e-05,0.232987094121042,0.696809090422174,904.586282138125,0.25,833,2,"SNETWORK (2 29 904.586282138125 0.232987094121042 100000656 833)",100
43,100000657,-0.345868359255629,40,0.12371145778112,0.869954874556633,0.532114998802948,0.540517197237357,0.552449009633917,-0.329469608970841,-0.275869806785939,-0.725801740349436,-0.0235449661456542,-0.397011019317549,0.586455041029887,-1.23897645061859,-0.397011019317549,-0.397011019317549,0.383416535690134,0.655845995462685,0.453193493227875,0.0599249150584637,0.788026848899426,0,0.0419161676646709,0.81118881118881,0.429975429975429,-0.345868359255629,11,0.00375856317473635,0.0287476956805457,0.028617147646945,-0.0695131088327042,-0.346008376983016,-0.397757448642248,-0.021451309124742,0.0506483525405631,0.344474560681148,8.0000000001,2.71591145290642,0.052429324115975,2.0000000001,0.103341014105258,2.81925246691168,0.131603698437349,0.884860152602866,0.284684618536635,-0.478587740539635,-0.266381108416526,0.328337654302335,-0.393811908584609,0.335925262171696,-0.1599966969485,0.382727877323871,0.401339682502647,0.930988685041779,0.913699049590855,-0.72074390301713,1.64103379296568,-0.353148128111646,0.538992472803681,0.421730084114769,0.463833960668427,0.499773853167645,0.0186126837775937,-0.477610838496187,-0.414901229491634,0.0188450132914666,0.0188450132914666,-0.0469465096186614,1.06316675953723e-11,-0.74633520645644,-0.653665669465549,-0.324700963764084,-0.724919330134562,-0.183566487362349,-0.326570962321882,0,8.0000000001,0.126779703397866,0.0048239949394827,0.155653531997867,0.810193432494998,3024.62091213412,0.0312500660060792,1511,2,"SNETWORK (2 43 3024.62091213412 0.155653531997867 100000657 1511)",100
12,100000658,0.542842984677875,269,0,-0.0695595240108285,-0.467885001197052,-0.45962963966976,-0.447550990366083,-0.706596611212546,-0.835153095717889,-0.10760078076657,-7.33252549564471e-05,-1.35589989914172,-1.69451246246802,-0.0902790245861533,-1.35589989914172,-1.35589989914172,-5.61575665296625,0.537704121814477,0.694882740987569,1.77965813324504,0.324261186727101,0.184804928131415,-0.778443113772456,0.103496503496504,0.51023751023751,0.542842984677875,7,-0.453068007246289,3.57487896190442,3.69851972963809,1.2586667631903,0.544147811724769,0.903718623830374,0.00200330843711783,-0.57550833855894,0.0902938421121459,6774.0000000001,0.977908811587724,0.0776509699685535,5616.0000000001,0.697218686029158,1.67512749751688,0.0421826832791014,0.103695855783908,0.897303581044002,1.27939338112556,1.03352941654931,-0.384586430327214,-0.180578540024809,-0.210098119635542,-0.0218997429870611,0.0156466530845723,0.0192052156879554,0.942869308540342,0.672559349849128,0.168478989343409,1.37712735876926,0.223123099423871,0.103212322371745,-0.384473162686968,-0.336292929455787,-0.271566212412609,0.554428759768146,-1.62293977199922,-0.277795630938328,0.637998260011889,0.637998260011889,-0.0155198226792887,-0.331879471234807,-0.867909620120697,-0.835438619216947,-0.570491422797464,-0.798694489753758,-0.289995385192203,-0.659874525745327,1.61773936855745e-14,6774.0000000001,0.0246254793361394,0.0175572038429621,0.97419214132905,0.121765206567943,2905.84666625405,0.0312499302740435,269,2,"SNETWORK (2 12 2905.84666625405 0.97419214132905 100000658 269)",100
17,100000659,-0.802430766942154,67,-0.711340194022643,-0.147031598306002,-0.358045591966192,-0.357303355798844,-0.355675841278248,-0.0467220690794584,-0.0387999285272901,0.302109334637039,1.30244021912912,0.688136455090707,0.0524031515021359,-0.0969648967445124,0.688136455090707,0.688136455090707,0.508018708064194,-0.0118987221931752,-0.0121999066095054,-0.451690546233173,0.0398503712224911,-0.596303901437372,0.141716566866268,0,-0.395577395577396,-0.802430766942154,9,0.841770710175715,0.072097839580197,0.0718100434240181,-0.618497649993435,-0.802137627265137,0.111892521297362,1.30295799008675,-0.485644524368874,0.12256175579687,637.0000000001,0.124821955146786,0.146180263458749,2495.0000000001,0.583117217117199,0.707939172163985,0.0327956476742731,0.0996412971209683,-0.838960175521606,0.162462243488208,-0.171666613550725,-0.52119577434668,0.112462305291075,-0.529885387368043,0.819701925127554,-0.167964091611219,-0.449652620754154,0.363657035392669,0.267927254595789,-0.953415760836225,0.383983861755794,-0.573486960481418,-0.669724488096057,-1.4058558810172,-1.37829262321507,-1.40813399619979,0.0509952390898081,0.892081425171431,-0.32701204099392,0.052026089957638,0.052026089957638,-0.431979199211258,1.06316675953723e-11,-0.234996087577917,-0.235796758415779,-0.597965441945547,-0.0988641085568709,0.557242545172275,1.1035693558216,0,2495.0000000001,0.00578244149890914,0.027013206075364,0.227784724236657,0.160183107480407,1506.2772335583,0.125,486,2,"SNETWORK (2 17 1506.2772335583 0.227784724236657 100000659 486)",100
43,100000660,-0.0912425269727402,87,0.12371145778112,0.869954874556633,0.545150200838989,0.54037036033024,0.554967563992924,-0.100649927719798,-0.0844657124747012,-0.439635016997112,-0.285418932883202,-0.537736880322962,0.629389443221755,-0.728406124596943,-0.537736880322962,-0.537736880322962,0.26256614774131,0.584309534703513,0.389349900429144,-0.0889966264163824,0.725102012858623,-1.14579055441478,2.23053892215569,2.01958041958041,-0.227886977886978,-0.0912425269727402,11,0.164876642321282,-0.631444766125993,-0.623148558848513,-0.276148167205437,-0.0933675170052801,-0.759066239778383,-0.282659506931281,0.648790895997653,0.0610212299731009,3.0000000001,0.180414183077433,0.0448512026177479,1.0000000001,0.0442020648274317,0.224616247804865,0.01178115586887,-0.100963743787847,-0.122632170880992,-0.513053167383585,-0.716934725602032,-0.305106356764089,-0.737733820820544,-0.352035800792112,-0.650746180459321,-0.309373198922211,-0.206804569362427,-0.298723487140876,-0.425218756144643,-0.910952051418308,-0.358859293979951,-0.353148128111646,0.538992472803681,1.14740004420081,1.14528870369965,1.22511257450739,-1.37914513232834,0.256866024485194,-0.256004647586266,-1.02493188040907,-1.02493188040907,-1.14571206206177,-0.345086661040504,1.26696152337617,1.30531129128933,0.15310011048657,1.36470094033547,-1.07418274449327,0.157399329909255,0,3.0000000001,0.00946275086637251,0.00231840490249748,0.342718722032908,0.395162924655253,3297.48707962042,0.0312500660060792,1556,2,"SNETWORK (2 43 3297.48707962042 0.342718722032908 100000660 1556)",100
3,100000661,0.205854688657486,210,-0.226804037760009,-0.273941878615531,-0.467885001197052,-0.45962963966976,-0.447550990366083,-0.418982914316721,-0.491669330853566,0.499455006877443,0.494677115641486,-0.850687397929432,-1.25039353554897,-0.63371821972988,-0.850687397929432,-0.850687397929432,-4.87276084682133,0.231959011790874,0.325911602730174,1.2817439938218,0.0299554252391033,0.0739219712525668,-0.0898203592814364,1.0005994005994,0.837837837837838,0.205854688657486,7,-0.155592663123968,0.903958536001069,0.909556491882098,0.238096095595708,0.204217372980068,0.546888935687489,0.495758143294232,-0.924534166375496,0.147553219317752,4610.0000000001,1.08753852132006,0.107584706859152,3225.0000000001,0.554721877067297,1.64226039828736,0.0657473540320204,-0.401176379601901,-0.482998225162099,0.841928959094263,-0.341300464088601,-1.86275596991153,0.246501566948223,-1.63535817722359,0.539637397395973,-1.31874121165739,-2.22787935346985,0.610619127792345,0.435313646976578,-0.852743175611696,1.00559324084416,0.223123099423871,0.103212322371745,-0.751834212897418,-0.690544926566652,-0.641104661755909,0.658304184695246,-1.68098335393339,0.216818005407835,0.777026093449626,0.777026093449626,-0.0275602987875632,-2.15003797198548,-0.745438102589532,-0.702159228094874,-0.335552127981115,-0.721315132762135,-0.723679214293806,-0.825577510077753,0,4610.0000000001,0.0435392463632945,0.0222081075687259,0.953146909078296,0.223873422772158,2564.83982300299,0.0624998605480869,211,2,"SNETWORK (2 3 2564.83982300299 0.953146909078296 100000661 211)",100
3,100000662,-0.392111782695732,87,-0.226804037760009,-0.273941878615531,-0.467885001197052,-0.45962963966976,-0.447550990366083,-0.340503823269011,-0.414865372169282,0.582925042402549,0.837482509658901,-0.0421101252630561,-1.19562465273204,-0.0785884323590866,-0.0421101252630561,-0.0421101252630561,-4.66745455806945,0.209235141509945,0.26759087852797,1.19845306566334,0.0165547234054124,0.637577002053388,-1.16766467065868,0.37272727272727,1.11578624078624,-0.392111782695732,7,0.416904248914173,-0.200138504578283,-0.19864304461901,-0.428976132757959,-0.387345775434809,0.635483914810725,0.837732016593456,0.980619113691653,0.628706724453924,2568.0000000001,2.58129808478673,0.178347383505666,2440.0000000001,0.695747417240243,3.27704550192698,0.159269452815926,0.191535245077825,-0.366678573830376,-0.335633765802472,0.588094902528194,1.43402590290887,0.600773624571612,1.52833486027221,0.878774332787397,1.49335962569296,3.20634886663568,1.06557056526559,1.09480608610011,0.170430169098785,2.75218116698412,-0.183656619125852,-0.461007527196321,-0.89778437282183,-0.860982036160374,-0.83280147843515,0.373986271693846,-0.217274182952818,1.27012233611704,0.411966530953806,0.411966530953806,-0.108655745912256,-6.23066453780951,-0.104844757824958,-0.126222343558668,0.384549394382977,-0.193672436955952,-0.0657112303272718,-0.0469865500347094,0,2568.0000000001,0.125455057921997,0.0338143947939286,0.46112167881883,1.63475949655397,1855.38828902415,0.0624998605480869,88,2,"SNETWORK (2 3 1855.38828902415 0.46112167881883 100000662 88)",100
15,100000663,1.03423539326881,364,0.288659805977357,0.708741764562854,0.0737102907633875,0.0682577010310203,0.067165878475577,-0.488014466035291,-0.669389437522472,0.0966941178193784,-0.0679604164572109,-1.01142068969455,0.0642921547572087,0.784629385416875,-1.01142068969455,-1.01142068969455,0.253021997771431,0.659892457017898,0.771421244475313,-0.07914664559002,0.818588336477593,0.850102669404518,-2.28293413173653,-0.85454545454545,0.879299754299754,1.03423539326881,9,1.59604871084986,2.6149787874747,2.68061820997326,-0.778887901309208,1.02730868713418,-0.95472396378432,-0.0657563186775902,0.663965866764714,0.146564041567453,509.0000000001,0.119272902888959,0.0794036333712878,14900.0000000001,1.89157348592084,2.0108463887098,0.0597728018239755,0.711837800834246,1.51526172993014,-0.891376220317691,-0.981008257517201,-0.117173145192342,-1.58173192161868,-0.0746157736018269,-1.03804785912472,-0.024286690798116,-0.0235565108613582,0.315141788777557,-0.0115714477828464,0.00249839073342418,0.280613005691713,0.562105955755759,0.451834062908154,-4.52365144789511e-15,-4.51494518067087e-15,-4.84823954093274e-15,-1.53912961910381,-0.0900942861524799,-0.462316307168445,-1.10652070473251,-1.10652070473251,-0.472227816072852,1.06316675953723e-11,0.423581743685213,0.544392029935617,-0.0219535799456604,0.38202450201644,-0.00128681355080251,-0.566141394934195,0,14900.0000000001,0.00354541033558326,0.0562273913883922,0.108906454758806,1.33004042402425,3226.30031886658,0.0625,350,2,"SNETWORK (2 15 3226.30031886658 0.108906454758806 100000663 350)",100
3,100000664,-0.371172962835889,90,-0.226804037760009,-0.273941878615531,-0.467885001197052,-0.45962963966976,-0.447550990366083,-0.341342310377166,-0.415682729954575,0.577961682009429,0.827675067825861,-0.0531323329951711,-1.19923768708572,-0.100860973592393,-0.0531323329951711,-0.0531323329951711,-4.62440941227102,0.202428830863651,0.26199194942326,1.18907693645578,0.0096903634522368,0.637577002053388,-1.16766467065868,0.37272727272727,1.11578624078624,-0.371172962835889,7,0.448127985547052,1.75869053864051,1.78677875296992,-0.428976132757959,-0.370187758672945,-0.269825210103061,0.829305605192165,0.449970128350355,0.650955458614118,5775.0000000001,6.01032969865249,0.0551546318203478,275.0000000001,0.0242498869910408,6.03457958554353,0.208125635922569,1.07793697851907,0.703236159693701,-0.451246644563026,-0.49895031610064,-0.0617577345549737,-0.63489609838162,-0.045518463730814,0.22659618345223,0.194820618166211,0.41540692737947,-0.39697718070102,-0.554876239657284,0.273094600192432,-0.333042604852165,-0.183656619125852,-0.461007527196319,-0.897784372821835,-0.860982036160374,-0.83280147843515,-0.620357781895851,-0.456641079993114,0.572591617111282,-0.542924352774604,-0.542924352774604,0.311092887305708,-17.5750606551684,1.44193090344278,1.35194392327995,1.26338332582042,1.28811288913726,0.471514783135743,0.120188785478574,0,5775.0000000001,0.207289285409692,0.000836350412876738,0.473405778999916,0.4660329125353,1873.10074192504,0.0624998605480869,91,2,"SNETWORK (2 3 1873.10074192504 0.473405778999916 100000664 91)",100
41,100000665,0.340313261032954,231,0.680412427894334,0.334368660703197,0.315622755524543,0.310024668600395,0.31737100022456,1.03030203178934,0.923601989983283,-0.470582437100472,-0.531667816940855,0.653232663055265,0.961695700251977,0.244281362545966,0.653232663055265,0.653232663055265,0.381000139129617,-0.748794268865902,-0.868899334373115,-0.448762608850792,-0.889697581599978,-0.720739219712526,0,-0.434965034965035,-0.700859950859951,0.340313261032954,10,-0.193717091589249,-0.184320325225943,-0.182980709445321,0.137276013823465,0.33956002540531,-0.245642191679,-0.527640680205021,0.556136198720524,0.132656166494433,1575.0000000001,1.33617560993806,0.0719674629679499,330.0000000001,0.151881777766556,1.48805738760462,0.0721204030997969,-0.617384409407428,-0.503014301695417,-0.201278386588633,0.230969245522348,0.686511584112189,-0.173512544733241,0.729364942582837,-0.769660337615635,0.616433368648759,0.234883720895232,0.166964409217356,0.51683628362057,-0.940074925298121,0.71449712882179,0.562105955755759,0.451834062908154,0.102215627178161,0.139017963839617,0.167198521564845,0.0867046437995808,0.696373694071663,-1.72462065192543,0.0892027916319835,0.0892027916319835,-0.318312979292004,1.06316675953723e-11,-0.859389176942103,-0.846627287354096,-0.96174329624018,-0.694844189270799,0.484503837989735,-0.443050422420102,0,1575.0000000001,0.0647592789560486,0.00736112404374834,0.718485462792462,1.29861373801424,2981.46285327182,0.0625,1437,2,"SNETWORK (2 41 2981.46285327182 0.718485462792462 100000665 1437)",100
43,100000666,0.595237275677393,196,0.721649711577335,0.853833126238706,0.965149594579297,0.947078472655203,0.966783102940535,0.664110579141752,0.49942845914572,0.164993894458339,-0.671525535709021,-0.0134588773998211,1.1209217013971,-2.18380931815657,-0.0134588773998211,-0.0134588773998211,-0.58338023986648,0.742295564746383,0.583816378184672,-1.05340138823204,1.10082544136611,0.147843942505134,-0.958083832335329,-0.581818181818182,-0.163390663390663,0.595237275677393,11,-1.10692463086079,-10.1650305040666,-8.27483788610518,0.251274354180119,0.589402267619871,0.65421500171357,-0.667799889316643,0.398833173632975,0.0415421278284622,3.0000000001,0.122822648035166,0.326228976349695,1.0000000001,0.321507418288993,0.444330066224158,0.146307696951951,-0.120230722071808,-10.4087652034473,0.833957944663887,0.802235223036445,0.127569883678448,3.90507649400359,0.111330748649253,0.536569940300325,0,-0.000117896751581071,2.28238896545476,1.25502794945594,-0.189992644500158,2.58278587284662,0.579055171310218,0.784402590912209,1.75104491241192,1.71004796982675,1.79683489939872,-0.265116736758475,0.60121937835688,-0.414777763443216,-0.251381310536475,-0.251381310536475,0.0199972365053798,-0.942980741161956,-0.252645919811154,-0.274204182317249,-0.567936552043896,-0.125449372445923,0.229918362850844,-0.528875642534656,5.00715690787074e-06,3.0000000001,0.0404426801395672,0.105865016712384,0.767413835317877,0.202822324428995,3916.97661634566,0.0312500660060792,1665,2,"SNETWORK (2 43 3916.97661634566 0.767413835317877 100000666 1665)",100
41,100000667,-0.65467678285885,61,-0.886598059773572,-0.0928456434617663,0.315622755524543,0.310024668600395,0.31737100022456,0.982287484617856,1.16354909928965,0.862774173972271,-0.109843499716148,0.430672855753018,0.479511033269798,0.382419731857732,0.430672855753018,0.430672855753018,0.557649620572418,-0.389257835334455,-0.530313885736244,0.10249535941529,-0.53734151220536,-0.720739219712526,0,-0.434965034965035,-0.700859950859951,-0.65467678285885,10,-0.282217053435103,1.0404898259452,1.04860624233421,0.449876403799669,-0.65493718217332,-0.407316891163458,-0.107570198732419,-0.249324798888016,0.0826847102812912,482.0000000001,0.254875321279122,0.0640374128392305,457.0000000001,0.187156759358052,0.442032080537174,0.017279146648742,0.790099147950852,0.928883452848292,-0.414574009965145,-0.463958749378059,-0.0648207956741426,-0.626496262977266,-0.0549420160581255,-0.377951469925241,0.0141608420207638,0.0147146274178238,0.33886563118005,0.363487480738861,0.146912076939975,0.0737559400048955,-0.658232714974315,-1.30374704394875e-15,0.102215627178161,0.139017963839613,0.167198521564845,-1.47927425184741,0.0884518640807929,-0.344924564187546,-1.07670735538388,-1.07670735538388,-0.09689816622228,-0.144058119609796,0.269693308576311,0.116994283359056,-0.210375400066454,0.360258920903873,0.405994682176231,0.376537783623052,7.26044889821053e-14,482.0000000001,0.00996314118639557,0.00731600536234639,0.156246063560007,0.41964775044471,2025.71562679909,0.0625,1267,2,"SNETWORK (2 41 2025.71562679909 0.156246063560007 100000667 1267)",100
17,100000668,-0.958324799009846,28,-0.711340194022643,-0.147031598306002,-0.358045591966192,-0.357303355798844,-0.355675841278248,-0.0348319220993218,-0.0330062943345836,0.349145778967244,1.36031879099505,0.647699768774533,0.0466519814618062,-0.084946536509804,0.647699768774533,0.647699768774533,0.5130224009944,0.0223167641864309,0.0147199521061072,-0.495666946647158,0.0910370479516012,-0.596303901437372,0.141716566866268,0,-0.395577395577396,-0.958324799009846,9,0.514801299270178,-0.696718384845343,-0.686955692492606,-0.48296570561304,-0.956671261197074,0.395690992580775,1.35916673829418,-1.53425469484048,0.300399248525611,2037.0000000001,0.978332419919773,0.402311057134432,1473.0000000001,0.947460886478969,1.92579330629874,0.102182373776585,-0.285398076784137,-0.283354639287928,0.278257382449129,0.361787992016804,0.129269164727678,0.552993615373283,0.149390960050282,1.05466103776938,0.1171507923983,0.333118843233707,-0.201052320982739,-0.155909198288584,0.315119889340676,-0.2021303832833,-0.675181930528773,-0.587156310063934,-1.4058558810172,-1.37829262321507,-1.40813399619979,-0.677770417502595,-0.991554927204737,-0.104087682545298,-0.58566465660069,-0.58566465660069,0.697340961536907,1.06316675953723e-11,0.218940419472136,0.122267727324247,-0.969375280415306,0.488031057033017,-0.0393747735604821,-0.861832703223574,2.7860614081179e-13,2037.0000000001,0.0519102068639264,0.0502721668126584,0.0940101058018064,0.750435347110734,1283.52562258794,0.125,447,2,"SNETWORK (2 17 1283.52562258794 0.0940101058018064 100000668 447)",100
17,100000669,-0.303201139532912,163,0.152577399052067,0.406018494492994,0,0,0,-0.272210651973722,-0.27204626901016,0.0739808130679782,0.977479319632346,0.477611624137628,-0.161867718496434,-0.0239618613572204,0.477611624137628,0.477611624137628,0.449608975648857,0.0247452799524791,0.0624719424472216,-0.240699186308481,0.047423948474134,-0.443531827515401,0.0161216029479497,0.044324905863371,-0.265923265923267,-0.303201139532912,9,-0.344631411521203,0.447197014770597,0.447502861665838,0.456147426535041,-0.2996670232163,0.287340721094779,0.988216143182644,0.6206560707093,0.152922408447336,623.0000000001,0.152319585967318,0.120712802447091,1286.0000000001,0.248193769775388,0.400513355642706,0.0173703673206602,-0.162721640945957,0.176709147460455,0.556850132848806,0.0179058326427537,-0.833507242737739,0.166010102475546,-0.792861667461573,0.730253229988995,-0.400853765121731,-0.893535613985596,-0.275890771045242,-0.177253783772057,0.181973218561365,-0.0850493347475867,0.121428129376515,-0.277526342387342,0.102215627178156,0.139017963839622,0.16719852156484,0.344591092561094,0.952476026075918,-0.100513635782985,0.376916105039363,0.376916105039363,-0.423083577293433,1.06316675953723e-11,-0.269832711715438,-0.121787722620668,-0.426411075389885,-0.178462552966565,1.49857608245832,0.807128964300293,0,1286.0000000001,0.0066061396075769,0.0107642276130833,0.567946571217715,2.6077638367315,2072.68960903135,0.125,582,2,"SNETWORK (2 17 2072.68960903135 0.567946571217715 100000669 582)",100
17,100000670,-0.288018496462029,166,0.152577399052067,0.406018494492994,0,0,0,-0.280241635953203,-0.283727693227965,0.0585954943495231,0.97077421642138,0.463669140491008,-0.173352691491633,-0.0236141235910114,0.463669140491008,0.463669140491008,0.448008080849249,0.0292672571146072,0.0676119331954997,-0.232558735555142,0.0516346314938959,-0.443531827515401,0.0161216029479497,0.044324905863371,-0.265923265923267,-0.288018496462029,9,-0.332425251080827,-0.657270326732907,-0.64840788428387,0.30520544293371,-0.285132672324157,1.01698694350672,0.971010460632765,-0.132977910253763,0.172781510294278,3513.0000000001,0.97044737592996,0.157598154196867,1123.0000000001,0.282961570606056,1.25340894643602,0.0660427541574121,1.02177390294806,0.898193349604381,-0.244393483130444,0.898331137633189,1.69813239195354,0.985191899004896,1.96172216438865,1.11266281342656,0.38644978944456,0.918181572530602,0.381430126513196,0.506756027888119,0.285509143698899,0.998216240092958,0.121428129376515,-0.277526342387342,0.102215627178161,0.139017963839617,0.16719852156485,0.634059405538155,0.956050484260308,-0.0817539115581266,0.743970460186804,0.743970460186804,0.0109644206162731,1.06316675953723e-11,-0.594429304714191,-0.52528881129561,-0.496606460682929,-0.51701680940406,1.20226558833603,0.828873588559746,0.000294326672098359,3513.0000000001,0.0511333651757879,0.0149093888816242,0.577939589622718,0.963623539705732,2089.32924496688,0.125,585,2,"SNETWORK (2 17 2089.32924496688 0.577939589622718 100000670 585)",100
28,100000671,0.661227384917503,247,-0.268041164135857,-0.507523118116241,-0.715996162004961,-0.715344983900652,-0.711097017555422,0.706419766011654,0.81040307216363,2.0238002433047,-0.611534894128159,-1.55186244115251,-0.447121419090882,1.66908953835618,-1.55186244115251,-1.55186244115251,-0.394361449156197,-1.08800147781446,-1.07937363405308,0.370197708442327,-1.4672636356896,0.468172484599588,-2.26546906187625,-1.53286713286713,0.194922194922195,0.661227384917503,8,-0.570498920795967,0.800677192442302,0.804652259989684,0.88142645883054,0.660562630323749,0.034482081878336,-0.607872542233843,0.705962824616094,0.0628955597355736,7467.0000000001,0.750863343173906,0.0637342599339,1273.0000000001,0.129716767060883,0.880580110134788,0.0358966827729321,0.317531754572448,0.0768449952324266,-0.0579542675528667,0.271243691975356,0.506338744474775,-0.135150310693454,0.453215651657546,-0.982841099697305,0.416348125507875,0.121534975656397,1.59704126136455,0.95314049656978,-0.139348224929524,1.73207869926202,0.121428129376515,-0.277526342387342,-0.449228031335132,-0.430813143319712,-0.41671114963889,-0.0547405634748863,-0.389215027552166,0.823416048551383,-0.0544861908444058,-0.0544861908444058,-0.179951098603959,-0.202215030594224,-0.824059426351192,-0.709433984681913,0.232039501525121,-0.944543106889358,0.312475090320903,-0.0614786592894736,0,7467.0000000001,0.0306088030491582,0.00528787962377384,0.579417584626758,1.09155226964504,2076.14493135522,0.125,788,2,"SNETWORK (2 28 2076.14493135522 0.579417584626758 100000671 788)",100
35,100000672,1.02609796637988,227,1.95876350285277,1.6240746339498,1.11742223327512,1.09970853501445,1.1005013034785,0.66526215822486,0.634667186058161,-0.127298479990413,-0.444583115688354,-0.15582127886395,1.12020665880504,-0.78494762873354,-0.15582127886395,-0.15582127886395,-0.776999985533892,-0.529709170528518,-0.640040143170541,-0.930375554253332,-0.525328244040274,-1.3305954825462,1.62674650698603,0.565034965034965,-1.23832923832924,1.02609796637988,12,-0.186479605638316,-0.514434514517633,-0.508475999503116,0.049393132502923,1.02562001601505,0.0424268865024668,-0.440793451888177,0.497247780492335,0.058578516814848,52.0000000001,0.019480440734917,0.128385081292523,1606.0000000001,1.31861242279324,1.33809286342815,0.0687451447056277,0.924509298054515,0.368588616748143,0.159330076694759,0.309315809646011,0.225856466708841,0.19816307497247,0.253672627647806,-0.388366612147593,0.547069221408152,0.268534738585908,-0.181083891280066,-0.00807620095862924,-1.11313818706249,-0.0179754606405217,0.596004386864676,1.11697181886013,2.19258446122347,2.15155944355969,2.28302402457116,-0.123849384892966,0.579881232886029,-1.47791461461759,-0.121312528342174,-0.121312528342174,-0.471889515833149,-0.681981353876781,0.30718533203625,0.390498334967692,0.598059128220442,0.206020270974586,-0.102601441412198,-0.00830124140610957,0,1606.0000000001,0.00100081671842853,0.0677443278871992,0.575492379762674,0.807037044493186,5581.19008321559,0.0156249669969604,1000,2,"SNETWORK (2 35 5581.19008321559 0.575492379762674 100000672 1000)",100
37,100000673,0.384272141244105,94,1.29896932353205,1.22104076566898,1.45807027539656,1.42805593959054,1.43873085382348,0.137377532790518,0.0706546151426949,-0.518402985050295,0.607449845903575,-0.404562813539859,0.672681155353678,-1.1174987135224,-0.404562813539859,-0.404562813539859,-0.558231119710056,-0.614605920685882,-0.663764209264138,-0.545438371886723,-0.702826445782889,0.665297741273101,-1.69993346640053,-0.507226107226108,0.644007644007643,0.384272141244105,12,-0.30812836421036,0.852327942501482,0.85708398843384,0.461728618504634,0.383375250677582,0.512438116729711,0.607911748872432,-0.147577496042041,0.211310155263105,382.0000000001,0.516227093065987,0.0766167957290015,1710.0000000001,0.837870995445811,1.3540980884118,0.0547027957297437,4.35686897672619,3.54054604809691,0.587042889365906,-0.358156424682883,-1.25533100667351,0.234929454488317,-1.11196218802013,0.593280466921189,-1.01116279545223,-1.82151297313004,0.752289054816748,0.400442483058413,0.25158585168996,0.476638090870469,0.528207847926239,1.07109749798066,2.19258446122348,2.1515594435597,2.28302402457116,0.0944548354261735,0.433706945084265,-1.88580834611198,0.097353679231643,0.097353679231643,0.0507576619515139,-1.08952540169859,-0.791463751409227,-0.740480018173011,-1.1572681161719,-0.573214709241164,-0.0560553254253787,-0.978063003938041,0.00332448104859926,1710.0000000001,0.0208545196310422,0.0338482759987015,0.544947944208802,2.00537153444597,4784.89602872951,0.0312499339939208,1142,2,"SNETWORK (2 37 4784.89602872951 0.544947944208802 100000673 1142)",100
29,100000674,-0.490647548073426,148,-0.790377993358492,-0.853832397374456,-0.715996162004961,-0.715344983900652,-0.711097017555422,0.57799294553106,0.558716134409816,1.77838852171403,-0.231737286950448,1.18485977397389,-0.20961427981233,3.49880574650434,1.18485977397389,1.18485977397389,0.125315364638421,-0.780233304201399,-0.864809039056635,0.852179636593019,-1.1674909856258,0.340041067761807,-1.74251497005988,-1.15244755244755,0.0515970515970513,-0.490647548073426,8,0.0061012395189062,-0.0760583387712461,-0.0756113758039283,-0.0838946010755137,-0.492068136847021,-0.565992016863817,-0.229071571718744,-0.262719735736594,0.548854133207818,2619.0000000001,2.29819673355248,0.185854885100318,2455.0000000001,0.729491511450916,3.0276882449034,0.143966600292041,-0.23781644420829,-0.321498997607794,0.248250788428876,-0.491878225147159,-1.15236613820012,-0.578532498551145,-1.20238577587808,-0.485261910431337,-1.19902314942689,-0.904508275388437,-0.927451914463194,-0.610580043706318,-1.38672972702029,-0.184382816258662,-0.471792152073761,-0.752292666128179,-0.897784372821835,-0.860982036160378,-0.83280147843515,0.81835321912852,1.44237086610009,-1.06552572902013,1.00489020986556,1.00489020986556,1.16011978460995,1.06316675953723e-11,0.0443175366425942,-0.0166066504352857,-1.36069526936971,0.391312659785717,1.0352397638004,0.808319987892081,0,2619.0000000001,0.109279273008207,0.0346873271838346,0.898782687787098,0.982873928576416,1522.25474956991,0.25,943,2,"SNETWORK (2 29 1522.25474956991 0.898782687787098 100000674 943)",100
43,100000675,0.232745918605913,142,0.12371145778112,0.869954874556633,0.965149594579297,0.947078472655203,0.966783102940535,0.148564538762055,0.0773414366624693,-0.381995749151175,-0.498533872866103,-0.161615117627713,0.766919373485322,-0.198335591491878,-0.161615117627713,-0.161615117627713,0.0845518481220682,0.614762017642185,0.464320190571724,-0.3547270802977,0.81213960554026,0.147843942505134,-0.958083832335329,-0.581818181818182,-0.163390663390663,0.232745918605913,11,-0.448057232884075,-0.322932259365859,-0.320004472185349,0.521699228518535,0.23276944105874,0.35253184112655,-0.495204726511077,-0.233464703129627,0.0357118783121688,8.0000000001,0.281560121329357,0.0264546704547239,8.0000000001,0.208574305486734,0.490134426716091,0.0243430870690671,-0.339060232451706,-0.365956459112732,0.173786019236657,0.936604256448167,1.19156569165422,0.418184444830561,1.29753742090965,-0.392856516082001,1.20118589574354,1.02228763040742,-0.553562888468276,-0.576195980959422,0.0285965183673976,-0.316217866296785,-0.353148128111646,0.538992472803679,2.19258446122347,2.15155944355969,2.28302402457116,-0.441219227345591,-0.173714259851364,0.0720798733263538,-0.401952875060793,-0.401952875060793,2.80716360032338,1.06316675953723e-11,0.572678953803645,0.293354684862023,0.0556655042011614,0.627831517452567,0.138644298544373,0.422933484425213,1.3466373870331e-12,8.0000000001,0.01398400550116,0.0103590814679071,0.555899884413147,1.35772656200008,3608.44780271418,0.0312500660060792,1611,2,"SNETWORK (2 43 3608.44780271418 0.555899884413147 100000675 1611)",100
41,100000676,-0.146912218232643,166,-0.886598059773572,-0.0928456434617663,0.315622755524543,0.310024668600395,0.31737100022456,0.909003581042141,0.894254256193684,-0.132622179693598,-0.367624858924477,0.887443090357276,0.471251495307576,0.868443504411604,0.887443090357276,0.887443090357276,0.490243131662642,-0.649240466388562,-0.763876874569281,-0.0867427455565538,-0.830461589538779,-0.720739219712526,0,-0.434965034965035,-0.700859950859951,-0.146912218232643,10,-0.579653192976526,0.592491247880794,0.593947634677891,0.937880212892496,-0.144502899877944,0.784406905760771,-0.364357094064266,-0.789105207940958,0.113026993158697,2366.0000000001,1.7102218610645,0.0898167536800625,189.0000000001,0.108561215534205,1.8187830764987,0.0768962382068223,0.246572532193213,0.121529477044689,-0.239493576030924,0.945484894564277,1.81596467403715,0.490945275153963,1.68444343093278,-0.111610289407679,1.6704211190695,0.979978104467348,0.441574526996377,0.5218891073448,-0.024416382359341,0.854626381077515,-0.595298362594136,0.111185879667025,0.10221562717817,0.139017963839626,0.16719852156485,0.290736060796949,0.212560859414444,-0.0539907363212051,0.313935662820128,0.313935662820128,0.112795457952666,-0.189351614942699,-0.905550142127616,-0.75824471255602,0.123487286200988,-1.00757152573044,0.809469618341929,0.749547772221769,0,2366.0000000001,0.0723063839458059,0.00458985416101633,0.504819932257095,0.875015579276644,2618.25415875347,0.0625,1372,2,"SNETWORK (2 41 2618.25415875347 0.504819932257095 100000676 1372)",100
15,100000677,0.994145656945698,356,0.288659805977357,0.708741764562854,0.0737102907633875,0.0682577010310203,0.067165878475577,-0.439799190868724,-0.588067454030704,0.141809352822124,-0.0231911906887509,-0.859251206920105,0.0844115175215884,0.146207442717893,-0.859251206920105,-0.859251206920105,0.284486652788247,0.578283601579711,0.688807151537571,-0.276273129730539,0.751789607144233,0.279260780287472,-1.27411842980705,-0.441958041958041,0.405132405132405,0.994145656945698,9,1.48437922671344,-0.0126055983566276,-0.0125417359613411,-0.778887901309208,0.986751767238646,-0.585146072691865,-0.0210833699010636,0.0348800492566273,0.0528794937835766,4.0000000001,0.000338176934081139,0.0991858264669566,5076.0000000001,0.804947959965341,0.805286136799423,0.0378657541201525,-1.40835422187557,0.0491083179570322,-0.0788133047536025,-0.458082939428693,-0.596220621206799,-0.6173977792819,-0.615313555285805,-0.289270564991419,-0.323456653358848,-0.330832174749216,0.14170846257251,0.42868946354027,-0.100732560038906,1.05076681981493,0.562105955755759,0.451834062908154,-4.52365144789511e-15,-4.51494518067087e-15,-4.84823954093274e-15,-0.0682924126102691,-0.188404240725428,-0.240802229137472,-0.0677610798820477,-0.0677610798820477,-0.404283118959419,1.06316675953723e-11,-0.203610130564882,-0.154141414208002,-0.200021154792323,-0.209571329159911,-0.56501179421549,-0.410668084047481,0,5076.0000000001,1.5901578620383e-05,0.0378498524415321,0.0411431884915914,0.0585804097354412,3179.00349334333,0.0625,342,2,"SNETWORK (2 15 3179.00349334333 0.0411431884915914 100000677 342)",100
35,100000678,0.914562152098324,207,1.95876350285277,1.6240746339498,1.45807027539656,1.42805593959054,1.43873085382348,0.622397853864253,0.541364967949893,-0.12446492382806,-0.261780987290541,0.0146413939208027,1.13710227506461,-0.284792517077781,0.0146413939208027,0.0146413939208027,-0.5761947184054,-0.464783075337578,-0.569268698445687,-0.790439620745526,-0.469092238797986,-1.14579055441478,2.23053892215569,2.01958041958041,-0.227886977886978,0.914562152098324,12,-0.0367230863614727,-0.201586774563364,-0.200076720508151,-0.0527480644490627,0.910340217442092,-0.429412534954201,-0.259349652342672,0.569694718195921,0.117147782660566,29.0000000001,0.0217264681999314,0.145697703757802,1075.0000000001,1.0016551611052,1.02338162920513,0.0497506280732584,-0.649719790965951,0.402319131473686,-0.429922889760727,-0.266673115839327,0.261394331983067,-0.378948909508583,0.278226700770716,-0.408634057916791,0.344531702366045,0.249675615339994,0.971240427230623,0.889020699206545,-0.723376371842827,1.00122105962091,0.596004386864676,1.11697181886013,1.752540016459,1.71154297880835,1.79848119208223,-0.592304773797565,0.398436357636394,-1.13811717592432,-0.521619908170401,-0.521619908170401,-0.247043384953353,-0.107484511015367,-0.051072708146163,0.0268390096908587,0.136919102682944,-0.0749568417277613,0.365836960017074,-0.411901480309432,0,1075.0000000001,0.00105620953207625,0.0486944184411822,0.102034892698647,2.89101792284055,5463.64042733366,0.0156249669969604,980,2,"SNETWORK (2 35 5463.64042733366 0.102034892698647 100000678 980)",100
3,100000679,-0.48002914619379,63,-0.494845044588713,-0.486027089260215,-0.467885001197052,-0.45962963966976,-0.447550990366083,-0.325144614214883,-0.399491020121677,0.64854741992983,0.968373381269404,0.0292140032743859,-1.15307397423672,0.209928329226563,0.0292140032743859,0.0292140032743859,-4.89250272439369,0.236278985800739,0.275061787768208,1.28150033662719,0.0354461802105746,0.501026694045174,-0.58882235528942,1.04055944055944,1.3033033033033,-0.48002914619379,7,0.352318367997962,0.702411257722032,0.705071083201403,-0.314557327126061,-0.481760407113786,-0.626810925505719,0.968499727815451,0.340921686999482,0.0563418981215447,690.0000000001,0.0621549324833467,0.112992909689264,1192.0000000001,0.215338895878053,0.2774938282614,0.0115083208349183,0.982089682137285,0.897944397954134,-0.791906683006959,-0.0716302197231389,1.0806921936494,-0.819662522695472,0.983501870433505,0.171057259132116,1.01035680684281,2.33286393352246,-0.0680145133727862,0.185845512634179,0.181201071135526,0.159730916723171,-0.308920577424141,-0.587640977543503,-0.897784372821839,-0.860982036160378,-0.832801478435155,0.0429948161801031,0.719705136236016,-1.52835149481437,0.0437816339690563,0.0437816339690563,0.400081462712057,-3.05221570691872,-0.548101633422825,-0.616268504046964,-1.12471950579617,-0.314537309078217,0.220159254804487,0.414502780694103,0,1192.0000000001,0.00257771101384162,0.00893060972107669,0.364227089469661,0.152127058361657,1715.67591083621,0.0624998605480869,64,2,"SNETWORK (2 3 1715.67591083621 0.364227089469661 100000679 64)",100
17,100000680,-0.0736782368776362,201,0.152577399052067,0.406018494492994,0,0,0,-0.373911946635838,-0.398616905830111,-0.046603459878353,0.881432306804962,0.273473875770548,-0.25876287607086,-0.00631410582756124,0.273473875770548,0.273473875770548,0.426012527249076,0.101148082839909,0.149780938561065,-0.116430657204223,0.120997284109882,-0.443531827515401,0.0161216029479497,0.044324905863371,-0.265923265923267,-0.0736782368776362,9,-0.409611684678496,0.150732149025496,0.150279942848712,0.518355521287767,-0.0738363508057915,0.338925919262761,0.882430600479829,-0.776426936108855,0.139584701096542,2395.0000000001,0.534490404646849,0.17257500379753,1413.0000000001,0.38986713617409,0.924357540720938,0.0422330052876183,-0.372531497105495,-0.222956090319702,0.694184800652762,-0.126266869485621,-1.28448030667186,0.28330303195936,-1.28752567563176,0.744898917435167,-1.90496003103398,-4.14114033866385,0.685922448549539,1.02836445655273,0.173744567601462,3.34360730272431,0.121428129376515,-0.277526342387342,0.0532947653586266,0.0724833371178465,0.0871765523639193,0.798909502206276,1.33199646354368,-0.794714733914576,0.97629014406782,0.97629014406782,0.212439017086137,1.06316675953723e-11,-1.08089535066045,-0.966304449224943,-0.758107426989857,-0.986641358304386,0.462954848502143,0.129116476051687,0,2395.0000000001,0.024420351472219,0.0178126537153993,0.700538664378159,1.38433492835611,2293.47216628308,0.125,620,2,"SNETWORK (2 17 2293.47216628308 0.700538664378159 100000680 620)",100
41,100000681,-0.179162313104127,157,-0.886598059773572,-0.0928456434617663,0.315622755524543,0.310024668600395,0.31737100022456,0.973241377352814,0.977027510783787,0.0640642517076975,-0.305809401204802,0.815912845872474,0.565818389568425,0.403293066647091,0.815912845872474,0.815912845872474,0.5019117438365,-0.793156845262963,-0.919353696963229,-0.287347356910793,-0.975176365406826,-0.720739219712526,0,-0.434965034965035,-0.700859950859951,-0.179162313104127,10,0.187176978609409,0.623140724876757,0.624904034979198,-0.18539211236718,-0.182840004248612,-0.988583373338665,-0.303001720568255,0.531855816352498,0.100470622187815,2739.0000000001,1.75989461700319,0.0898167536800625,1e-10,1e-10,1.75989461700319,0.0740078171487885,0.221321391104047,0.124463483551849,-0.890622560616365,-0.795651914531558,0.160173523673014,-1.34736150129736,0.148033352382071,-1.10708922560833,0.123987510188331,0.082397854622157,-1.43778256757229,-0.975953693438978,-0.0055070632851402,-0.480323777744641,-0.658232714974314,0,0.102215627178161,0.139017963839622,0.167198521564845,-0.110085941389105,-0.76391249728868,0.794037531299476,-0.108175161684593,-0.108175161684593,-4.69930137953783,1.06316675953723e-11,-0.218662129341847,-0.273105836500472,0.846622429451531,-0.42995758248085,0.531264435464226,1.07814421355171,0,2739.0000000001,0.0740078170487885,0,0.476595956984134,1.09821307426565,2570.27640030397,0.0625,1363,2,"SNETWORK (2 41 2570.27640030397 0.476595956984134 100000681 1363)",100
36,100000682,0.881817840027788,201,1.53264647786662,1.1941726428676,1.45807027539656,1.42805593959054,1.43873085382348,0.436935694709337,0.381204132405967,-0.234847154173393,-0.0738022470788957,-0.351724304930032,0.929844984700673,-1.45816736913944,-0.351724304930032,-0.351724304930032,-0.619129704296644,-0.573373955265815,-0.69657909804159,-0.938301115777368,-0.578925140465926,0,0.0419161676646709,0.81118881118881,0.42997542997543,0.881817840027788,12,0.387006448572912,-0.229775132765376,-0.227970136339699,-0.41238686548407,0.875777777459023,-0.713090379637885,-0.0700057151215481,0.345452722102375,2.5771270354151,19.0000000001,0.313145726972844,0.177230980343147,1359.0000000001,1.54033845619948,1.85348418307232,0.0905543384196417,-0.14958836509104,-0.176730080359916,-0.457645951698809,-0.464922072834721,-0.00197313566579494,-0.750514763633194,-0.00266917560925048,-0.416414109841453,-0.0131110403274492,-0.00549558461482989,-0.472615699185788,-0.808531820053844,-1.33311050616352,-0.397122913437001,0.596004386864676,1.11697181886013,2.19258446122347,2.15155944355969,2.28302402457116,-0.610549687790542,-0.320879941689658,-1.88854244423411,-0.535507464930687,-0.535507464930687,2.13107179911884,1.06316675953723e-11,0.845727369422329,0.954745941555436,0.8565727418114,0.733402658695792,-0.305230697134989,-0.335872526832276,0,1359.0000000001,0.01529913465413,0.0752552036655117,0.944344885065744,2.13515100952171,5427.65042944956,0.0156249669969604,1049,2,"SNETWORK (2 36 5427.65042944956 0.944344885065744 100000682 1049)",100
37,100000683,0.1323253444985,43,1.29896932353205,1.22104076566898,1.45807027539656,1.42805593959054,1.43873085382348,0.0930418329635458,0.0216958305057859,-0.500727272560575,0.686818008984989,-0.320582945960226,0.608207447104089,-1.08721722466731,-0.320582945960226,-0.320582945960226,-0.51451111321915,-0.53700391273996,-0.577940788790786,-0.443935222537656,-0.623573679499276,0.170020533880904,-0.850299401197607,-0.17062937062937,0.240786240786241,0.1323253444985,12,0.706066688518612,-0.154964105367899,-0.153896486661941,-0.575335457432157,0.130278810721496,-0.0907362593070763,0.687649004075983,-0.614232688649401,0.0946125056519108,956.0000000001,0.578446900037349,0.128699900925586,406.0000000001,0.334165267259716,0.912612167197066,0.0440024311274564,-0.549100896384431,-0.131136876842127,-0.302977397697926,-0.28183307138635,0.0401943483979741,-0.0206466713579968,0.0420362671531286,0.502939544273068,0.124127100941804,0.244318317024372,-0.151141872791366,0.164379972574947,-0.87585521891208,0.464646947772973,0.528207847926239,1.07109749798066,2.19258446122348,2.1515594435597,2.28302402457116,0.57897277954699,0.843761215066512,-0.527927575428538,0.670242054879278,0.670242054879278,0.364097529437091,-0.212009999658874,-0.00491336795612289,0.251181279539208,0.0624176408933808,-0.00640299154935757,-0.400376881802451,-1.05204054382001,0,956.0000000001,0.0278903467817036,0.0161120842457528,0.251607346334536,0.537613849155605,4487.1210355181,0.0312499339939208,1091,2,"SNETWORK (2 37 4487.1210355181 0.251607346334536 100000683 1091)",100
3,100000684,0.195633995567998,208,-0.226804037760009,-0.273941878615531,-0.467885001197052,-0.45962963966976,-0.447550990366083,-0.418982914316721,-0.491669330853566,0.497960927793182,0.495798916449274,-0.845884573149358,-1.25252135445628,-0.629454016314303,-0.845884573149358,-0.845884573149358,-4.87689475022648,0.233110975658653,0.327077464916251,1.28237057762049,0.0312933773202171,0.0739219712525668,-0.0898203592814364,1.0005994005994,0.837837837837838,0.195633995567998,7,0.160168345045802,0.624282888764827,0.62605806581773,-0.160362183271006,0.196583306994191,-0.212883708170866,0.497704903694924,0.231825167339881,0.33084368726561,2188.0000000001,1.15735130145974,0.0448444922807085,727.0000000001,0.0521240984620052,1.20947539982174,0.0508511796063055,-0.421399287559343,0.781429144550782,-0.339937654501171,0.64883429901589,1.51801692648581,-0.328644864165576,1.40032064691614,0.24012151726838,1.29241532622009,2.19676104233672,0.00343723939480046,-0.112893203806058,0.239341512579146,0.323364159930675,0.223123099423871,0.103212322371743,-0.751834212897414,-0.690544926566656,-0.641104661755909,0.946131430163441,-1.62897698331516,0.947281923009309,1.19944563411086,1.19944563411086,-1.08161572195342,-5.69392990733686,-0.11335487481002,-0.0774688674961669,0.0567242808506692,-0.123797273586327,-0.52604462965317,-1.03647508577774,0,2188.0000000001,0.048659674095761,0.00219150541054448,0.944737362645753,0.750945857726038,2552.71409194345,0.0624998605480869,209,2,"SNETWORK (2 3 2552.71409194345 0.944737362645753 100000684 209)",100
17,100000685,0.12498234287925,227,0.152577399052067,0.406018494492994,0,0,0,-0.474144996199926,-0.523044693716313,-0.149908204167986,0.722816929516288,0.0438872903047214,-0.345101356306073,0.186595290372259,0.0438872903047214,0.0438872903047214,0.383949434547479,0.23472340809413,0.298115108380776,0.00076799426046861,0.267940931808963,-0.443531827515401,0.0161216029479497,0.044324905863371,-0.265923265923267,0.12498234287925,9,-0.530079826994563,0.352118628700738,0.351946731889018,0.797371885140948,0.125259806422523,-0.0938131283635117,0.725210471791577,0.10371687695017,0.0883738797936617,1363.0000000001,0.192582292380767,0.0884922183728448,3467.0000000001,0.490518620497799,0.683100912778566,0.0301249133921412,2.01104567279796,2.14607136210927,-0.0538956496653652,0.0337694079789755,0.128251759856308,-0.146789673462951,0.124097089030532,0.454485511726712,0.16041167065839,0.326597051327455,0.148919181720089,0.24970383137582,0.159108810960693,0.604793081037282,0.121428129376515,-0.277526342387342,0.102215627178161,0.139017963839622,0.167198521564845,0.700554588100062,-0.686268569103354,1.19842118086295,0.835533229098373,0.835533229098373,-0.165867764944512,1.06316675953723e-11,-0.383727287256846,-0.329452874168075,-0.184978499725899,-0.361529988328609,-0.109640365661208,-0.36073604505656,0,3467.0000000001,0.00849292505526164,0.0216319882368796,0.793868922861243,0.201763622817919,2448.87881720552,0.125,646,2,"SNETWORK (2 17 2448.87881720552 0.793868922861243 100000685 646)",100
41,100000686,0.45799994287392,247,0.680412427894334,0.334368660703197,0.315622755524543,0.310024668600395,0.31737100022456,1.07503786860438,0.986327921763454,-0.614644932842399,-0.601051650460777,0.872566423295946,0.99933675321519,1.50275871719386,0.872566423295946,0.872566423295946,0.419511418334597,-0.675559630530708,-0.794135437517787,-0.236142448922589,-0.836293969891477,-0.720739219712526,0,-0.434965034965035,-0.700859950859951,0.45799994287392,10,-0.0856274172774562,0.143996128526202,0.143551933103032,0.0448839972705263,0.460300216888641,0.726171440741637,-0.59602610558951,-0.682677143519298,0.10443206970533,1461.0000000001,0.975752426872373,0.0716748802898211,200.0000000001,0.0916753361599109,1.06742776293228,0.0488275612715469,3.353766187859,2.69910644946712,0.121210034422559,1.00545154817339,1.21241197671525,0.571551567018501,1.21639618032801,-0.590005964531751,1.23686331682395,0.358946580915039,-0.0303121678520432,-0.0930479342998234,-1.18379419704658,-0.0755903429376894,0.562105955755759,0.451834062908154,0.102215627178165,0.139017963839622,0.16719852156485,-0.0809660424699512,-0.355866949032652,0.772560136652133,-0.0800998726436634,-0.0800998726436634,0.538373357133799,1.06316675953723e-11,0.273586919888717,0.315750670883487,0.808519967866682,0.118378786018594,0.260034372448833,1.11806159914259,0,1461.0000000001,0.0446340379793918,0.0041935231921551,0.771196379810401,0.356004681883828,3071.06581032802,0.0625,1453,2,"SNETWORK (2 41 3071.06581032802 0.771196379810401 100000686 1453)",100
3,100000687,-0.0164219192495648,168,-0.226804037760009,-0.273941878615531,-0.467885001197052,-0.45962963966976,-0.447550990366083,-0.410298842881694,-0.483788809657214,0.524658568961855,0.595172023315919,-0.380998254243451,-1.26839088081142,-0.554972373402884,-0.380998254243451,-0.380998254243451,-4.61648518314374,0.172526558149411,0.249066281186888,1.06057821218439,-0.00448415971857331,0.0739219712525668,-0.0898203592814364,1.0005994005994,0.837837837837838,-0.0164219192495648,7,-0.141295540832451,2.46757481617861,2.52574952392091,0.45583263493398,-0.0141391206259165,0.467652833657614,0.597114843784164,-0.272358091025658,0.143424563423029,4461.0000000001,1.02294149049008,0.0577236699573713,701.0000000001,0.0646944443522769,1.08763593474236,0.0331665184006586,2.24334372911547,4.38797508468184,-0.0189607995093895,0.386224682981047,0.552575315033237,-0.192138366722309,0.371324220337045,0.367402110117154,-0.0294680634303427,-0.044398289444838,-0.0479606732705767,0.410425085474901,0.146114397327385,0.847480087443624,-0.183656619125852,-0.461007527196321,-0.751834212897414,-0.690544926566656,-0.641104661755904,0.919372743874902,-0.865227498717103,1.02271504346463,1.15773582577535,1.15773582577535,-1.13778471128513,-17.5980830830732,-0.0899065147323397,-0.0706293666233576,0.264486520994784,-0.148306880174635,-0.285366102110785,-0.196813823178309,0,4461.0000000001,0.0311937171078131,0.00197280119284551,0.786471482221183,1.1886564730656,2324.51040494043,0.0624998605480869,169,2,"SNETWORK (2 3 2324.51040494043 0.786471482221183 100000687 169)",100
43,100000688,0.238700751327827,143,0.12371145778112,0.869954874556633,0.965149594579297,0.947078472655203,0.966783102940535,0.148564538762055,0.0773414366624693,-0.381995749151175,-0.498697153846212,-0.161484526534496,0.76775587788835,-0.199322503059036,-0.161484526534496,-0.161484526534496,0.0841371721556975,0.61364316186488,0.463428256715378,-0.356270998031542,0.811011322432062,0.147843942505134,-0.958083832335329,-0.581818181818182,-0.163390663390663,0.238700751327827,11,-0.0926735665505757,-0.328531682221415,-0.32552912884136,-0.00549279036713277,0.238621051402789,0.175393719560856,-0.495322346426843,-0.0778144153644019,0.0245069713400436,8.0000000001,0.193218227164849,0.0252525136874748,4.0000000001,0.0995481216632707,0.292766348728119,0.0145549577129443,-0.335765933722687,-0.334629948709301,-0.285015471314348,0.355390111698918,1.0060430088224,0.270729583080011,1.09649162819225,-0.465230234773306,1.0023569441489,0.418209752071375,-0.43932392034138,-0.444791891108932,-1.25874243658422,-0.295246026632605,-0.353148128111646,0.538992472803679,2.19258446122347,2.15155944355969,2.28302402457116,-0.77369434735974,-0.0930806744010993,0.0296332923446631,-0.654565457309857,-0.654565457309857,1.72896705273116,1.06316675953723e-11,0.636744516968369,0.379452591837814,0.0238161659922311,0.705692788250151,0.0752394360527288,0.411551546297766,0,8.0000000001,0.00960589602649096,0.00494906158645334,0.559714825885944,0.350110770399407,3614.01253904312,0.0312500660060792,1612,2,"SNETWORK (2 43 3614.01253904312 0.559714825885944 100000688 1612)",100
3,100000689,0.1323253444985,193,-0.226804037760009,-0.273941878615531,-0.467885001197052,-0.45962963966976,-0.447550990366083,-0.396471245886278,-0.466689084973539,0.5396321047744,0.527705229451353,-0.707612526125646,-1.19992646693946,-0.822715679169274,-0.707612526125646,-0.707612526125646,-4.8095840594916,0.223196600994955,0.317220016983999,1.20361092851321,0.033211599413955,0.0739219712525668,-0.0898203592814364,1.0005994005994,0.837837837837838,0.1323253444985,7,-0.218941838175225,0.156504806103111,0.156046637305035,0.219124351173783,0.13054356992163,-0.0431015679130486,0.529243628544242,-1.44974030166957,0.118009305268216,5181.0000000001,0.97751826277193,0.0575152829182428,4164.0000000001,0.38290321688668,1.36042147955861,0.0620932721099058,-0.169883840707154,-0.121854582564596,-0.306211827613872,0.467150105680462,1.20433868599376,-0.050813877108076,1.20565173314901,0.406632354399549,1.15667677756037,2.01323412784068,0.0678096064094544,0.45638793749838,-0.907722865258628,1.23930517768668,-0.116886197562359,-0.368394415512772,-0.751834212897414,-0.690544926566652,-0.641104661755899,0.824356261192738,0.532249476800154,-1.465060775483,1.01377279494316,1.01377279494316,1.00874186373459,-7.56039127637226,-0.173852312018946,-0.114228790678679,-0.562357162985923,-0.040499258116304,0.288013322290127,0.00712882952084578,0,5181.0000000001,0.0446165458978887,0.0174767261120171,0.883398739872373,1.06155597785559,2464.26988757658,0.0624998605480869,194,2,"SNETWORK (2 3 2464.26988757658 0.883398739872373 100000689 194)",100
3,100000690,-0.625503233852677,26,-0.494845044588713,-0.486027089260215,-0.640656641110964,-0.630828421199535,-0.621755757978306,-0.302686401851927,-0.389965182449601,0.665919447495135,1.17649918019341,-0.00619302798433393,-1.15189590098073,0.37445956675963,-0.00619302798433393,-0.00619302798433393,-4.86529580438059,0.264172736070162,0.264097421501699,1.19280999738414,0.0868494351434243,0.0221765913757709,0.149700598802395,1.22237762237762,0.834152334152334,-0.625503233852677,7,0.353341105946104,0.457367396090744,0.457737303594959,-0.335904526709201,-0.619132911749339,1.01532793984738,1.17907104393707,0.91631341202065,0.0790175123513612,434.0000000001,0.0548287212517398,0.0618277798830811,629.0000000001,0.0621769381699745,0.117005659321714,0.0050655168568454,-0.0763573200182355,-0.0802709714026681,0.751404575666433,0.871028675169443,-0.104612024742865,0.674626263352592,-0.106752726906561,1.04943258311054,0,-0.000117896751581071,0.385765056371653,0.315033865586098,0.301916818920555,0.425471753852387,-0.471792152073762,-0.752292666128179,-1.48074956831335,-1.423857898781,-1.44749212629168,0.703260185916013,1.21311263459698,-0.957312740089363,0.839319354751966,0.839319354751966,0.230683810331343,-1.96626235189029,-0.229074722835379,-0.392419413985115,-2.08824018331527,0.267641445858782,0.410035717603434,0.137934835598891,1.29221886105024e-13,629.0000000001,0.00237369549129465,0.00269182126555075,0.205129722946025,1.87674241009409,1486.27330342792,0.0624998605480869,27,2,"SNETWORK (2 3 1486.27330342792 0.205129722946025 100000690 27)",100
43,100000691,0.538080087553676,189,-0.0343645341584618,0.726058121384469,0.965149594579297,0.947078472655203,0.966783102940535,0.612728629504445,0.466288099322008,0.165895153465475,-0.66831283123928,0.0299712130131793,1.12533794524426,-2.10970086228399,0.0299712130131793,0.0299712130131793,-0.560905466945743,0.792616493587299,0.638935632967467,-0.990472610686871,1.15274600913945,0.147843942505134,-0.958083832335329,-0.581818181818182,-0.163390663390663,0.538080087553676,11,-0.604820993875492,-0.611867380022154,-0.603988254735891,0.761881531906768,0.534905961403529,-0.27192534276646,-0.664538198575593,-0.0117756215880698,0.0686989973988764,6.0000000001,0.406228242133819,0.09284122629364,9.0000000001,0.823477698198587,1.22970594023241,0.0642751432177088,0.0447732613014983,0.977475149593424,0.144141076281489,0.439985078906988,0.447107143602017,-0.0992254635366774,0.511668980060715,-1.19049480055268,0.0837759586299517,0.216026755670792,-0.823307095045903,-0.757129618516109,-1.41499976478133,-0.317832816117987,-0.353148128111646,0.538992472803681,2.19258446122347,2.15155944355969,2.28302402457116,0.43666100663109,0.533569995536772,-1.12132785418385,0.488325907890745,0.488325907890745,2.6174133948971,1.06316675953723e-11,0.991752460325625,0.898102274826255,0.837647874861718,0.897907517453506,-0.667300458285717,-0.448825046072018,0,9.0000000001,0.0212330261593821,0.0430421169583267,0.743348233888216,0.125203727659248,3881.87287294405,0.0312500660060792,1658,2,"SNETWORK (2 43 3881.87287294405 0.743348233888216 100000691 1658)",100
41,100000692,0.486977060118348,250,0.680412427894334,0.334368660703197,0.315622755524543,0.310024668600395,0.31737100022456,1.06482225925826,0.98637584567301,-0.59371807997322,-0.609572498644995,0.812030051350442,0.964466545040954,1.48902145483905,0.812030051350442,0.812030051350442,0.401931534324172,-0.664417896100005,-0.790577546485801,-0.23172492769052,-0.823055052398959,-0.720739219712526,0,-0.434965034965035,-0.700859950859951,0.486977060118348,10,-0.251502239198234,-2.47118149628246,-2.37366993546334,-0.0804693289167773,0.482228415856348,-0.546691473564255,-0.605993639476863,-0.605676058938842,0.137871228085664,1509.0000000001,1.3305108574452,0.0324811665468143,64.0000000001,0.013294350775689,1.34380520812089,0.0979063850484144,1.88120957368585,3.34820031362929,0.611638834541281,-0.206205117210095,-1.14094734829681,0.0111630634289088,-1.826970858973,-0.899811682976229,-1.39154119037197,-0.377611913190301,0.171170605088053,0.400012142556137,-0.0348758692562368,0.471343081177957,0.562105955755758,0.451834062908154,0.102215627178156,0.139017963839617,0.167198521564845,-0.0550525219373228,0.721826407345469,-0.762640282640173,-0.0547927198573918,-0.0547927198573918,-0.0607329879025566,1.06316675953723e-11,-0.877272299778088,-0.706261703693432,-0.401983870439665,-0.849656789156544,0.580780089500118,-0.457069733647666,0,1509.0000000001,0.0969377908343834,0.000968594114030983,0.781732045661601,0.55125237442553,3088.97532259286,0.0625,1456,2,"SNETWORK (2 41 3088.97532259286 0.781732045661601 100000692 1456)",100
29,100000693,-0.835177501646019,82,-0.790377993358492,-0.853832397374456,-0.959757100198023,-0.960709455694412,-0.961711264614227,0.518783496282834,0.474862385567505,1.7214729242917,-0.014566024100575,0.976055172337464,-0.166680268912712,2.80867646052426,0.976055172337464,0.976055172337464,-0.0101127001806577,-0.547935748692877,-0.641818636287035,0.211700140826648,-0.757380939678414,1.05602816075095,-3.18648417450813,-1.88851148851148,0.604422604422604,-0.835177501646019,8,0.239353156598072,1.40245506152185,1.41925401745055,-0.153531025756951,-0.833138207113089,-0.186127935284375,-0.0121397324599301,-0.243431678386664,0.323738239008268,271.0000000001,0.14026782301118,0.665710171163741,6.0000000001,0.00638603383443793,0.146653856745618,0.00538170525202966,1.15417076442132,0.0747437418089939,-0.617304567325274,-0.129545063840007,0.743343205698332,-0.477154017410767,0.599312673155722,-0.198981330429596,0.292451484536731,0.305480323494693,-0.054383508870247,-0.328936085539243,-1.17725704645414,-0.207436646981535,-0.471792152073761,-0.752292666128179,-1.4058558810172,-1.37829262321507,-1.40813399619979,-0.0999517299097607,-0.597714607792291,0.936273244098851,-0.0984477952481815,-0.0984477952481815,1.18325145515485,-1.25487193781895,0.909867300304174,0.989498363946224,0.720808183969248,0.83644906399505,-1.04634167821283,-1.58751517443348,0,271.0000000001,0.00514735911138848,0.00023434604064118,0.500080643809784,1.76921015560168,1152.37293778233,0.25,877,2,"SNETWORK (2 29 1152.37293778233 0.500080643809784 100000693 877)",100
37,100000694,0.348649542316966,86,1.29896932353205,1.22104076566898,1.45807027539656,1.42805593959054,1.43873085382348,0.12003435824361,0.0538569564424274,-0.514650169941842,0.627722389072874,-0.394798598507732,0.63734660363222,-1.07406332533405,-0.394798598507732,-0.394798598507732,-0.543050331004144,-0.583771520983978,-0.630905260112871,-0.495707741171755,-0.673057730351507,0.665297741273101,-1.69993346640053,-0.507226107226108,0.644007644007643,0.348649542316966,12,-0.407544771221177,-0.121030878010361,-0.120249851456162,0.469418555026479,0.34761802426533,0.538191177414172,0.62817404128459,-0.0383183393199374,0.0562581460158345,19.0000000001,0.00683590603475673,0.0726164768060783,716.0000000001,0.332510418703757,0.339346324638514,0.0162643116596713,-0.375930287768789,0.0327280212267798,0.796300783618435,0.255401999828234,-0.845985243554665,0.508370067409759,-0.889878594506539,0.736743102286556,-0.439879321966867,-0.812822293578522,-0.200968486523964,-0.131764647532012,0.253691687604279,0.0497849078156256,0.528207847926239,1.07109749798066,2.19258446122348,2.15155944355969,2.28302402457116,0.674733905915907,-0.129446917318809,0.886504034433048,0.799640367672714,0.799640367672714,-0.946129084505328,-3.47551450098498,0.922817490635863,0.979027634760027,0.982114018557513,0.787507011416943,-0.318616791644291,0.283475393414819,0,716.0000000001,0.000327633735437354,0.015936677824234,0.497452720487344,1.62043489318203,4736.68282529391,0.0312499339939208,1134,2,"SNETWORK (2 37 4736.68282529391 0.497452720487344 100000694 1134)",100
3,100000695,-0.140858057544254,141,-0.226804037760009,-0.273941878615531,-0.467885001197052,-0.45962963966976,-0.447550990366083,-0.391934483133365,-0.455603816882284,0.550447947763571,0.69520883712949,-0.126943719857484,-1.26515683916614,-0.286409361464579,-0.126943719857484,-0.126943719857484,-4.43989860617438,0.148873808847916,0.221012443686134,1.06054140023717,-0.0342977068165597,0.0739219712525668,-0.0898203592814364,1.0005994005994,0.837837837837838,-0.140858057544254,7,-0.115071075729804,-1.32347434097042,-1.29352917403731,-0.0374347840069483,-0.143255282695544,-0.516797914901123,0.695399854935437,0.191235037012933,0.212035553286677,979.0000000001,0.331884075031514,0.145793549029996,1945.0000000001,0.453370176315118,0.785254251246632,0.0465724182610273,-0.0122153483644927,0.11561095275137,-0.463466226900808,-0.727995635635291,-0.396824485740493,-0.228989994117918,-0.518104527933773,0.39620223184064,-0.112384287193502,-0.207763228331441,0.517955995389762,0.736835350011725,-0.775434142564764,1.79338489543622,-0.183656619125852,-0.461007527196321,-0.751834212897414,-0.690544926566656,-0.641104661755904,0.492959575416453,0.937114498048551,0.112395159660218,0.558849460508257,0.558849460508257,-0.311726605849259,-1.07504667907447,-0.37747456562419,-0.258218559156062,0.457375475439687,-0.509861488790978,0.394143844027409,0.160743161400828,0,1945.0000000001,0.0196836169891807,0.0268888011718466,0.67924287089627,1.74820113601129,2169.89739302076,0.0624998605480869,142,2,"SNETWORK (2 3 2169.89739302076 0.67924287089627 100000695 142)",100
29,100000696,-1.0069470499166,42,-0.790377993358492,-0.853832397374456,-0.959757100198023,-0.960709455694412,-0.961711264614227,0.425958110885024,0.353948225196925,1.58781959944567,0.124538787925976,0.872571968244075,-0.217784872916147,2.93628097492241,0.872571968244075,0.872571968244075,-0.0885310139740638,-0.335224675962164,-0.436928053380341,0.502305644483828,-0.542413278929104,0.388090349075976,-1.93862275449102,-1.29510489510489,0.10534398034398,-1.0069470499166,8,0.680668268591361,-0.221592962688171,-0.219875714236588,-0.567775257326432,-1.00547245924806,-0.404611269288654,0.126220495119527,0.219808463218866,1.34095987769159,1863.0000000001,3.99414111087085,1.54094373924931,540.0000000001,1.33037877692097,5.32451988769181,0.259761012030314,-0.198863624992375,-0.218696147406686,-0.36136504970708,-0.725382215514851,-0.556945051188936,-0.344673343511736,-0.596573074626716,-0.00926035395811771,-0.519340666020914,-0.630506108993873,-0.302234283045472,-0.635800706757094,-1.08468929053518,-0.283952631889913,-0.471792152073761,-0.752292666128177,-1.4058558810172,-1.37829262321507,-1.40813399619979,0.218072696142685,-0.786190970721118,1.09445623674997,0.231432820290383,0.231432820290383,-1.7893801772501,1.06316675953723e-11,0.67790948894813,0.610004114759629,0.6142073398439,0.608152310749167,-0.331208806843039,-0.323723189901835,0,1863.0000000001,0.19485740660752,0.0649036053227942,0.25553264970114,0.53834743170536,925.502129126356,0.25,837,2,"SNETWORK (2 29 925.502129126356 0.25553264970114 100000696 837)",100
43,100000697,0.298239388013643,154,0.12371145778112,0.869954874556633,0.965149594579297,0.947078472655203,0.966783102940535,0.115898326156617,0.0642921453122394,-0.455536104538258,-0.508763123897759,-0.11830808648947,0.818147675138138,-0.280107584370357,-0.11830808648947,-0.11830808648947,0.0661105695136768,0.618474043118171,0.471987877559705,-0.413491672636846,0.827577498705607,0.147843942505134,-0.958083832335329,-0.581818181818182,-0.163390663390663,0.298239388013643,11,-0.226838806355692,0.329859620500986,0.329607654875927,0.255440339315128,0.294054234601131,-0.537023645255962,-0.505380357172478,-0.31058929295701,0.203104000638588,4.0000000001,0.80065779068249,0.038949076651944,4.0000000001,0.153541444358174,0.954199234940665,0.0422452423898288,-0.621154143355498,-0.265851679762424,-0.141938918558298,-0.629524295072574,-0.759140728604189,-0.62840982515941,-0.737254344566141,-0.973311629726056,-0.689927778409102,-0.277777786742356,-0.946412293673474,-0.949650350217138,-1.14738112199396,-0.368312658786987,-0.353148128111646,0.538992472803681,2.19258446122347,2.1515594435597,2.28302402457116,0.163450361696961,0.358162455750976,-1.20521843107314,0.171232148005861,0.171232148005861,2.56203980363411,1.06316675953723e-11,0.802844163392997,0.58788428627326,0.908680430508307,0.673846965161701,0.022822563001206,0.246111432915556,0,4.0000000001,0.035447505216292,0.00679773707353679,0.601381328649661,0.542432351966353,3674.79016912792,0.0312500660060792,1623,2,"SNETWORK (2 43 3674.79016912792 0.601381328649661 100000697 1623)",100
29,100000698,-0.403025745841468,164,-0.790377993358492,-0.853832397374456,-0.715996162004961,-0.715344983900652,-0.711097017555422,0.560198509617248,0.541143758515437,1.76628230854512,-0.266446590111069,1.15160671777622,-0.226566068148516,3.66231781621643,1.15160671777622,1.15160671777622,0.0871091757820967,-0.802900105266783,-0.878944471718379,1.00468096303559,-1.22398476426062,-0.720739219712526,0,-0.434965034965035,-0.700859950859951,-0.403025745841468,8,0.626036554840689,-0.754456053071571,-0.743298361662338,-0.571366623283431,-0.400150543084922,0.293845707315101,-0.2637287322835,0.634934337377166,3.01028739091489,288.0000000001,1.38610207252921,0.059587085823877,2000.0000000001,0.19053594006793,1.57663801249714,0.0845163648053911,0.217293511619231,-0.313234547832614,0.517532429877095,0.216683922834897,-0.467766827771786,0.484721967653672,-0.551181233704235,0.0304579558066008,-1.82913227510074,-1.30280134969662,-2.35338664970216,-1.33172696125338,0.00548861716692139,-0.419248288687755,-0.471792152073761,-0.752292666128177,-0.897784372821835,-0.860982036160378,-0.83280147843515,0.534660085557995,-0.229639965201026,0.122868710491023,0.612295391098578,0.612295391098578,-2.46733784106803,1.06316675953723e-11,0.763970883685773,0.702359526939935,0.00665646796238967,0.849182224382166,0.434332712974399,0.586634135241056,0,2000.0000000001,0.0743026029761974,0.0102137617291938,0.994239429064564,1.80198111254613,1610.81138715026,0.25,959,2,"SNETWORK (2 29 1610.81138715026 0.994239429064564 100000698 959)",100
29,100000699,-0.447185506156778,156,-0.790377993358492,-0.853832397374456,-0.715996162004961,-0.715344983900652,-0.711097017555422,0.562589791551912,0.544353486946314,1.77139001153864,-0.249415476769123,1.14354069025358,-0.167669837696892,3.48226686802708,1.14354069025358,1.14354069025358,0.104772011605026,-0.795533655141378,-0.873661161887162,0.947655765295811,-1.20425825803738,-0.720739219712526,0,-0.434965034965035,-0.700859950859951,-0.447185506156778,8,0.357796046334217,-3.23926734267696,-3.07244096031005,-0.582343051510219,-0.443924464207296,0.77823592706671,-0.246942259176992,0.809890511834874,1.13905538859155,4614.0000000001,8.40266789065767,0.0546759218977524,384.0000000001,0.0335677401756197,8.43623563073329,0.706505398481811,0.659002857603257,-0.0665509280717613,0.443417949180795,1.45025411274422,1.527748300084,1.58258316527524,2.80176266915233,0.549005164685584,0.400080662245451,0.298647597602709,0.137452689085328,-0.271263626794631,0.0100392030798719,-0.0435558156481323,-0.471792152073761,-0.752292666128177,-0.897784372821835,-0.860982036160378,-0.832801478435145,0.887903567263424,1.41583384223774,-1.56423781603749,1.10934616273823,1.10934616273823,2.04559321046988,1.06316675953723e-11,-0.393107121815739,-0.356882696495793,-0.972342558190522,-0.181592078068023,0.666350605946105,0.202298480911125,0,4614.0000000001,0.703694216877019,0.0028111815047919,0.94505794309734,1.87394524029524,1565.18499167335,0.25,951,2,"SNETWORK (2 29 1565.18499167335 0.94505794309734 100000699 951)",100
29,100000700,-1.06440222193974,30,-0.790377993358492,-0.853832397374456,-1.31184600508887,-1.30651564302517,-1.32383268064034,0.441600217496272,0.393440231694186,1.57331091368195,0.236440686294149,0.603048472588173,-0.148790517233255,2.19943206902424,0.603048472588173,0.603048472588173,-0.238831096832249,-0.348767032835748,-0.485921005642993,0.0879917647383427,-0.483639032904513,0.388090349075976,-1.93862275449102,-1.29510489510489,0.10534398034398,-1.06440222193974,8,0.879015193150317,4.92354330760285,5.15330108222752,-0.343904227028894,-1.06309510354012,-0.826849308786309,0.237817668019296,0.631355440081544,1.95983423353898,1686.0000000001,5.2828913068835,0.190317063905222,8296.0000000001,2.52430157256819,7.80719287935169,0.155901869875709,-0.058156919214692,-0.0942231773668568,-0.87428967085363,-0.803862915482811,0.123650248506231,-1.71709566763595,0.0571462381843097,-0.928723149331037,0.0210978707152844,0.0304160875421757,0.111572048430104,-0.13616384518188,0.10441870396938,0.0337676441708471,-0.471792152073761,-0.752292666128179,-1.8209236456413,-1.77773711357123,-1.85534041953657,-0.562257114083902,0.011544774158032,-0.673903967001009,-0.498488809716255,-0.498488809716255,0.197227007129421,1.06316675953723e-11,-0.240695383322778,-0.28207959618561,-0.324413387655731,-0.219294373380227,-0.164948904711518,0.183406115694624,0,8296.0000000001,0.105494080303589,0.0504077894721201,0.184711195933908,0.755381959236784,859.80001390383,0.25,825,2,"SNETWORK (2 29 859.80001390383 0.184711195933908 100000700 825)",100
17,100000701,-0.971719340222036,23,-0.711340194022643,-0.147031598306002,-0.358045591966192,-0.357303355798844,-0.355675841278248,-0.030049136448821,-0.0281058947729232,0.353625046422604,1.36322912327941,0.644090280961113,0.0431294415685974,-0.0854929439904973,0.644090280961113,0.644090280961113,0.513350134515388,0.0245735754084065,0.0163138834344644,-0.50009944502883,0.0946938930512646,-0.596303901437372,0.141716566866268,0,-0.395577395577396,-0.971719340222036,9,0.0808491542246771,-0.00837158654121857,-0.00832962779711774,-0.151315510415427,-0.969734875437272,0.71924808308443,1.36208461697376,-0.380372375956736,0.324619373341505,1144.0000000001,0.593740992368179,0.412251782146901,1223.0000000001,0.806093786067446,1.39983477833563,0.0657732568073176,0.148820812343834,0.173889292378817,0.931392319586145,0.593793331283376,-0.525495306582196,0.607899793152877,-0.541954226244638,1.08164204032301,-0.451335566442056,-1.26263582276749,-0.473738279410635,-0.313374639515648,0.315346937785438,-0.234626324807486,-0.675181930528773,-0.587156310063936,-1.4058558810172,-1.37829262321507,-1.40813399619979,-0.150674775278144,-1.24415877070486,0.0164545991719251,-0.146676168679129,-0.146676168679129,0.197453423644246,1.06316675953723e-11,0.134768165988576,-0.153983999948767,-1.61993461601347,0.553004667385151,0.587368476116844,0.264869981403232,5.51059575505487e-13,1223.0000000001,0.0278977771586262,0.0378754795486914,0.077428032800225,0.256793197244406,1255.91437975618,0.125,442,2,"SNETWORK (2 17 1255.91437975618 0.077428032800225 100000701 442)",100
17,100000702,-0.483503003925006,134,0.152577399052067,0.406018494492994,-0.358045591966192,-0.357303355798844,-0.355675841278248,-0.15603189094103,-0.143838416117864,0.180342809161317,1.09799277784035,0.652491896946781,-0.0493957341902813,-0.0905868454918379,0.652491896946781,0.652491896946781,0.476088083927981,-0.0218605337408246,0.00302134387115079,-0.358191216663934,0.0101765732904376,-0.33264887063655,-0.333618477331052,-0.204195804195803,-0.181818181818182,-0.483503003925006,9,0.729262243879914,-0.64326153341624,-0.634708506251773,-0.60815612098998,-0.484281601576585,-0.108147867062821,1.09717289976823,0.232100217452517,0.199850837473363,2443.0000000001,0.780595447120524,0.0718967827998964,490.0000000001,0.0563251182298412,0.836920565250365,0.0439885324065743,0.389081281347083,-0.252879681324217,-0.589055613549611,-0.0248562345393894,0.876719800625478,0.0835095425094995,1.00981765071287,0.730970737731594,0.458888125285949,1.13840366332935,0.409062331045006,0.689484833925332,-0.744054003456939,1.13719758376497,0.121428129376515,-0.277526342387342,-1.4058558810172,-1.37829262321507,-1.40813399619979,0.320364927007573,1.02126132646941,-0.790872011498666,0.348388793910487,0.348388793910487,0.0396069549532064,1.06316675953723e-11,-0.508808591859104,-0.507514704029408,-0.828373085318746,-0.343093479640998,1.10102990607659,0.245979538637631,0,2443.0000000001,0.0410280849455025,0.00296044736107182,0.465169336337508,1.56478286639322,1901.55255098177,0.125,553,2,"SNETWORK (2 17 1901.55255098177 0.465169336337508 100000702 553)",100
37,100000703,0.280476640447709,71,1.29896932353205,1.22104076566898,1.45807027539656,1.42805593959054,1.43873085382348,0.108889954692942,0.036912807363209,-0.500520909264768,0.651070057367563,-0.368178118747675,0.624202146664983,-1.09476246941162,-0.368178118747675,-0.368178118747675,-0.527851945024332,-0.56348733034658,-0.610380728199015,-0.486795242538964,-0.649116436716307,0.665297741273101,-1.69993346640053,-0.507226107226108,0.644007644007643,0.280476640447709,12,-0.307698730640495,0.584126161086833,0.585502645191496,0.417668093654252,0.276939470738891,-0.0702843325270201,0.652684222193069,-0.992428011870105,0.142045284813526,91.0000000001,0.0826656864326332,0.106936094670666,1701.0000000001,1.1632838390024,1.24594952533504,0.052754746174405,1.64649481114893,1.70186546517284,0.123391762475936,-0.619937026781463,-1.06870584498479,-0.179580227549413,-0.992368745641444,0.402067872303752,-0.8924289921316,-1.68426348736482,-0.0452842177966842,0.207621714441143,0.15190322379078,0.374294162828582,0.528207847926239,1.07109749798066,2.19258446122347,2.15155944355969,2.28302402457116,0.265814889761459,0.358741950793243,-2.13513494266073,0.285323746738262,0.285323746738262,-0.464161256679345,-0.141261525505953,-0.208227999015542,-0.0621328843565477,-0.573619326128072,-0.0754279985482149,-0.95639157647442,-1.01075918182317,0,1701.0000000001,0.00350014764099036,0.0492545984334146,0.413559368954979,0.97251310541381,4651.52126782774,0.0312499339939208,1119,2,"SNETWORK (2 37 4651.52126782774 0.413559368954979 100000703 1119)",100
41,100000704,-0.413644147721104,118,-0.886598059773572,-0.0928456434617663,0.315622755524543,0.310024668600395,0.31737100022456,0.930808431945332,0.964072310006082,0.238963641601516,-0.262000207124947,0.677052833565081,0.475967970708314,0.449188934657062,0.677052833565081,0.677052833565081,0.512132871345588,-0.679595555029186,-0.804940108582984,-0.131838576272765,-0.860476163659004,-0.720739219712526,0,-0.434965034965035,-0.700859950859951,-0.413644147721104,10,-0.676666833124325,2.09543603113971,2.13658902975019,1.49503139232465,-0.411395715403588,1.13689449606227,-0.259295366227703,-1.28350369401975,0.163931339889986,2806.0000000001,2.94174615419963,0.166747979698031,462.0000000001,0.492672243585578,3.43441839768521,0.111714481525493,1.54892382005102,1.07603655019286,1.37280953840624,0.803194378266612,-0.84619060866855,0.313199970759681,-0.602343720446508,-0.0470053640266122,-0.669934702167232,-0.474826840835695,0.324815051703108,0.0972241449523979,0.110859840112219,-0.00967563142005858,-0.658232714974314,-1.30374704394875e-15,0.102215627178161,0.139017963839622,0.16719852156484,-1.19156891396884,-0.644863177779173,-0.16597177837422,-0.921172155313135,-0.921172155313135,1.38050808370912,1.06316675953723e-11,-0.679655858387173,-0.60528529024609,-0.292168451544293,-0.659748668853722,0.326666183815461,0.0447631052656193,0.00806291231462627,2806.0000000001,0.0956888788860864,0.0160256025394063,0.344986461267855,0.233340630307794,2346.55424443936,0.0625,1324,2,"SNETWORK (2 41 2346.55424443936 0.344986461267855 100000704 1324)",100
37,100000705,-0.000844386946106125,18,1.29896932353205,1.22104076566898,1.50580654500643,1.48232234240258,1.49987706507974,0.0877396237569911,0.019430411031343,-0.466206784627435,0.725709119469518,-0.271357101250747,0.616304625125224,-1.11880094132206,-0.271357101250747,-0.271357101250747,-0.497881533211066,-0.503315264453789,-0.537960356087003,-0.400566774989897,-0.589043101115623,0.170020533880904,-0.850299401197607,-0.17062937062937,0.240786240786241,-0.000844386946106125,12,0.501567745861525,-0.0710524836851579,-0.070639489054125,-0.44571764747077,0.00168013413098181,0.793658891250753,0.726238892080711,-0.0502688175709126,0.226607063218154,1910.0000000001,2.76798588674019,0.402638881581611,130.0000000001,0.334746561974952,3.10273244861515,0.147404885989651,-0.393042560215532,-0.602879183151968,0.508556459329334,0.938055725541042,0.670595431804039,0.675777724313202,0.698467556929619,0.863509285540332,0.956904574854451,1.90743928463289,0.513687825344619,0.0306208601251003,-1.03101248271149,0.048175584997285,0.528207847926239,1.07109749798066,2.45049143062533,2.41514382464228,2.5528332335563,0.106097118991348,-0.581383646874586,1.09503400995136,0.109653486871822,0.109653486871822,-0.131105482633209,-0.632658878583111,0.569816084791772,0.597834171166336,1.23079151222504,0.340808818814945,0.0844409484857629,0.478472438978405,0,1910.0000000001,0.131501716804368,0.0159031690852829,0.099536106995061,0.699781463888939,4332.75095312885,0.0312499339939208,1066,2,"SNETWORK (2 37 4332.75095312885 0.099536106995061 100000705 1066)",100
41,100000706,-0.683353493570521,55,-0.886598059773572,-0.0928456434617663,-0.0369605603324269,-0.0422694509956289,-0.0386919408759992,0.98573244822785,1.16709529261224,0.868422883090435,-0.106700340849046,0.420902629289687,0.47852850784992,0.37427162793935,0.420902629289687,0.420902629289687,0.555686377901388,-0.373431415385859,-0.513976601966131,0.107999305368385,-0.518395862069495,-0.720739219712526,0,-0.434965034965035,-0.700859950859951,-0.683353493570521,10,0.0297459859521599,0.539205272695648,0.540181120485701,-0.0381680403699171,-0.681877562098193,-0.528081300604159,-0.101351422673199,0.34582360152174,0.246575739296317,534.0000000001,0.842067954258044,0.150970309844457,669.0000000001,0.645911777126704,1.48797973128475,0.0635007607839785,1.34655979607585,1.0498515562822,-0.553369571320967,-0.521461865344459,0.0571356257312192,-0.66153034684995,0.0536892460775831,-0.392752333565173,-0.0225380393960244,-0.0156047660050548,0.131331533167104,-0.0571817877542461,-1.01716149569388,-0.125378064254746,-0.658232714974315,-1.30374704394875e-15,-1.2263858579099,-1.19772338222992,-1.22066010030859,-0.480151467147433,0.306548942907219,-0.361677098077463,-0.433601502567453,-0.433601502567453,0.58843975456755,1.06316675953723e-11,0.571255066206073,0.552551112658992,0.000274906804513409,0.639653637360623,0.701311182203023,0.28789311989005,0,669.0000000001,0.0359359435588966,0.0275648171250818,0.13653774735802,1.2511897079141,1992.21358376509,0.0625,1261,2,"SNETWORK (2 41 1992.21358376509 0.13653774735802 100000706 1261)",100
43,100000707,0.395089000594571,171,-0.0343645341584618,0.726058121384469,0.965149594579297,0.947078472655203,0.966783102940535,0.363449015107212,0.297299855221346,-0.0981236284327129,-0.603432831420703,0.154171629601533,1.13414285656268,-1.39496511776859,0.154171629601533,0.154171629601533,-0.1681331587318,0.762898734363816,0.646428810492522,-0.703943181532612,1.06282645068065,0.147843942505134,-0.958083832335329,-0.581818181818182,-0.163390663390663,0.395089000594571,11,-0.143268533961743,-0.235170689861194,-0.233306872853602,0.0663155462043282,0.392158102170884,0.143409453085376,-0.599806530318041,-1.11220584426028,0.0398381683378905,7.0000000001,0.274831093706401,0.0416939986007048,8.0000000001,0.328724443061246,0.603555536667648,0.0295155589168695,0.729615718677839,1.10059779471903,0.615813373588965,-0.17726373124526,-1.18111853883707,0.218509500283421,-1.26759184808899,-0.773897946454333,-1.28970609206686,-0.363178337771585,0.0193402908293997,0.215787349915346,-1.11037974682019,0.0901192643256459,-0.353148128111646,0.538992472803679,2.19258446122347,2.15155944355969,2.28302402457116,-0.450477622634619,0.285754746559047,0.102881048464069,-0.409531422988082,-0.409531422988082,0.62813002862995,1.06316675953723e-11,0.866836590330049,0.72657254292444,0.854530198573087,0.75701581158239,-0.302914014941639,-0.444941076725305,0,8.0000000001,0.0134400114265792,0.0160755473902904,0.668164943884939,0.113128996163141,3772.20534902705,0.0312500660060792,1640,2,"SNETWORK (2 43 3772.20534902705 0.668164943884939 100000707 1640)",100
17,100000708,-0.800446630245959,68,-0.711340194022643,-0.147031598306002,-0.358045591966192,-0.357303355798844,-0.355675841278248,-0.0470384396233852,-0.0405520869956306,0.301283713382262,1.3009963919439,0.688002021201265,0.0512088047890711,-0.0963350268006482,0.688002021201265,0.688002021201265,0.507767262352284,-0.0127585231709537,-0.0130394584195642,-0.451203658141054,0.0386795302822379,-0.596303901437372,0.141716566866268,0,-0.395577395577396,-0.800446630245959,9,0.811203753907492,0.180037224047037,0.179563355082097,-0.601541894678697,-0.796946085641484,0.164053784751516,1.30065233814821,0.51805326854763,0.324562050253076,2363.0000000001,1.22619074612505,0.139184081370903,1766.0000000001,0.392985784610527,1.61917653063558,0.0735983359060131,0.406015993997227,0.106063215468282,-0.524378549959997,0.112977752930516,0.980628105254016,0.130824273891275,0.977635629759098,0.828211337408474,0.986116738914009,2.69647686562902,0.138797708656265,0.18609888568859,-1.01033526990458,0.263672913577677,-0.571400184246235,-0.671418786107899,-1.4058558810172,-1.37829262321507,-1.40813399619979,0.126615699854257,0.962555949194268,-0.446247259119412,0.131494427792077,0.131494427792077,-0.466987252364795,-0.127831717371386,-0.0514623956158714,-0.020073899489159,-0.489388636060783,0.0759195816326246,0.398634020056355,0.986567104981222,0,2363.0000000001,0.0557354905943003,0.0178628452117128,0.231287305275928,0.75444792676717,1512.10947272429,0.125,487,2,"SNETWORK (2 17 1512.10947272429 0.231287305275928 100000708 487)",100
41,100000709,0.0544279924478923,196,-0.419244275461604,0,0.315622755524543,0.310024668600395,0.31737100022456,0.915682611741546,0.836198064771195,-0.429150730071035,-0.426714431392885,0.847511214715707,0.577125671858156,0.840691704713305,0.847511214715707,0.847511214715707,0.461348303334155,-0.616269693242621,-0.741636811479099,-0.195753290364542,-0.768939104782145,-0.720739219712526,0,-0.434965034965035,-0.700859950859951,0.0544279924478923,10,-0.583614151216568,-0.245482645413125,-0.243504292891899,0.785669298276693,0.0579079692250283,1.64258832730473,-0.423453561998513,-0.22043329939303,0.12882879481245,1916.0000000001,1.57857051900639,0.0531322607115577,296.0000000001,0.100578590461718,1.6791491093681,0.0822646329473753,1.969174008,4.13271798259834,0.981018053486884,1.37883062547683,0.535715626457872,1.22641798618843,0.575158274674042,0.125507189036264,0.802053630882112,0.426989256404205,1.41721363168204,0.658414008584952,0.0578453173359895,1.22247481212844,-0.353148128111646,0.538992472803679,0.102215627178165,0.139017963839622,0.167198521564845,0.199395521595535,-0.291217781618699,1.09954716229789,0.210675154029011,0.210675154029011,-0.0904791540204565,-0.0127618222980198,-0.495855457218012,-0.517551980719412,0.0192824215839745,-0.533682648334029,-0.0922664724247422,-1.12721580566284,0.000554796833899728,1916.0000000001,0.0773371009428265,0.00492753190454881,0.602224648355197,0.891640180721879,2783.83182439414,0.0625,1402,2,"SNETWORK (2 41 2783.83182439414 0.602224648355197 100000709 1402)",100
17,100000710,-0.989680942183045,20,-0.711340194022643,-0.147031598306002,-0.358045591966192,-0.357303355798844,-0.355675841278248,-0.00540571534674578,-0.00529063184906588,0.39343500997786,1.41650710234467,0.6186249703329,0.0639029061200265,-0.0961633946306594,0.6186249703329,0.6186249703329,0.516166566953459,0.00568138093700822,-0.0107721009546489,-0.553695204166616,0.0806884226124008,-0.596303901437372,0.141716566866268,0,-0.395577395577396,-0.989680942183045,9,0.606356045001201,-0.0987856481164799,-0.0981763687692135,-0.51784843231928,-0.982240821845408,0.978777218100622,1.41495024526768,-0.30362368431317,0.386109951884121,1611.0000000001,0.994496159960026,0.16305716165538,587.0000000001,0.153029286766508,1.14752544662653,0.0547838037423297,0.482490287999401,0.47697473890549,1.22231770414814,1.00800203965216,-0.336531651937364,0.804425919972161,-0.352850480811917,1.19074016962396,-0.161120646565197,-0.459512784151108,1.85380916009647,1.28667455125779,0.318967024232613,2.40323383854441,-0.344006412625812,-0.539303802943683,-1.4058558810172,-1.37829262321507,-1.40813399619979,-0.28526167522779,0.52538628889037,-0.21682606830554,-0.269239793675521,-0.269239793675521,-0.169480340217795,-0.156036492326503,-0.837778697797468,-0.868064227648465,-0.992579323215789,-0.663726308419266,0.507034333252945,0.2636718200342,1.68277337645277e-15,1611.0000000001,0.0474780602989991,0.00730574334333065,0.0663000797594071,1.73008647678571,1237.38493451727,0.125,439,2,"SNETWORK (2 17 1237.38493451727 0.0663000797594071 100000710 439)",100
41,100000711,-0.687522845529192,54,-0.886598059773572,-0.0928456434617663,-0.0369605603324269,-0.0422694509956289,-0.0386919408759992,0.979623872769323,1.1572670210585,0.865655166553125,-0.103546598955455,0.406460624433733,0.467488782886625,0.375947423353392,0.406460624433733,0.406460624433733,0.556345642468529,-0.365086615342379,-0.505569723704669,0.108901758283154,-0.508041010106556,-0.720739219712526,0,-0.434965034965035,-0.700859950859951,-0.687522845529192,10,-0.0652592596168148,0.914873784022617,0.920657531753775,0.119980431630144,-0.686837305165209,-0.517906714146078,-0.10118253253774,0.420680328070813,0.15027145585732,88.0000000001,0.0845696835779939,0.332498618941408,883.0000000001,1.87761302182507,1.96218270530306,0.0784054921360117,1.03916435389586,0.568613666599539,-0.52868657050203,-0.434429643477404,0.150493642385503,-0.727199190982679,0.132447175346149,-0.432781543031587,-0.0405610100391381,-0.0370357629907262,0.716441218680496,0.374428284844924,-0.781059547286933,0.0873564059207324,-0.658232714974315,-1.30374704394875e-15,-0.665727417003143,-0.633631020878209,-0.634997824451849,-1.21263202401413,-0.543035511964368,-0.00229798169726546,-0.933281739538365,-0.933281739538365,-0.0888126972303625,-0.0339332814090003,0.103781748658008,0.0762685638069269,-0.15541352526113,0.165267775302837,-0.331715254580776,-0.351917024635643,0,883.0000000001,0.00337926107840997,0.0750262309576017,0.133435670939504,2.30368780016012,1986.94038352806,0.0625,1260,2,"SNETWORK (2 41 1986.94038352806 0.133435670939504 100000711 1260)",100
28,100000712,-0.0915405108721687,197,-0.790377993358492,-0.853832397374456,-0.715996162004961,-0.715344983900652,-0.711097017555422,0.763389582778504,0.775794870782582,2.07887449055181,-0.452998133607686,0.199784708825262,0.103826760428156,2.67006722458706,0.199784708825262,0.199784708825262,-0.0598915076297893,-0.883107297849652,-0.950266056691194,0.703555119051654,-1.26997699312227,0.468172484599588,-2.26546906187625,-1.53286713286713,0.194922194922195,-0.0915405108721687,8,-0.48131618246895,1.09232037607923,1.10150278209949,0.82340391598816,-0.0867078858863282,1.26598553153186,-0.449795899287193,-0.0255087067835057,0.185205208499857,4404.0000000001,1.30405308787389,0.146877725909136,3614.0000000001,0.848670005853952,2.15272309362784,0.0833917845036868,1.06068888857174,0.60699836552153,0.813927227278039,2.11106088977105,1.9224322130114,0.64947305092939,1.63428653814839,-0.187420166074151,1.41254275881226,0.722676163832698,0.898149226128022,0.705525145850427,-0.0577725486877866,1.75096854786751,-0.182876202802795,-0.521067323039555,-0.897784372821835,-0.860982036160383,-0.83280147843515,0.622612367362238,-0.330569652983525,1.54557587661766,0.728493074407928,0.728493074407928,-0.0261722791646653,1.06316675953723e-11,-0.843144834236423,-0.831067379176782,-0.350781295142151,-0.824648570536351,0.0645622025941021,0.0198074386940605,0,4404.0000000001,0.0505161645144009,0.032875619889286,0.222367318685235,1.56232543860096,1792.68903750254,0.125,738,2,"SNETWORK (2 28 1792.68903750254 0.222367318685235 100000712 738)",100
37,100000713,0.0383540187741745,25,1.29896932353205,1.22104076566898,1.50580654500643,1.48232234240258,1.49987706507974,0.089797530727637,0.0205035507148716,-0.474703471753207,0.721944585761445,-0.274172835117167,0.618611574451303,-1.11968250565158,-0.274172835117167,-0.274172835117167,-0.496547093834978,-0.51085623379731,-0.546672385978366,-0.412753322434773,-0.596318549659531,0.170020533880904,-0.850299401197607,-0.17062937062937,0.240786240786241,0.0383540187741745,12,0.140667439751813,-0.491859874707504,-0.486309684637406,-0.253227624545465,0.0347868937579907,0.34836180428544,0.722120687081262,-0.785383612261169,0.0801912532323199,560.0000000001,0.287191835443821,0.0728967313281415,59.0000000001,0.0275053470860986,0.314697182429919,0.0161033069324704,1.61687224689606,1.06230359640707,-0.0329090991884285,-0.843247040334857,-1.17836326984222,0.459677811411796,-1.32353866566332,0.759023084238343,-1.01795435425017,-2.01609882572963,-0.149197002070658,0.0291532014286352,0.26316064251539,0.138747823053268,0.528207847926239,1.07109749798066,2.19258446122347,2.15155944355969,2.28302402457116,0.331324994782109,0.760003016855386,-1.908250379824,0.361254739070826,0.361254739070826,-0.405518377850078,1.06316675953723e-11,0.0948008067060841,0.156127806003788,0.0493793200052642,0.105958154229971,0.128829705880998,-0.205353099868527,0.0134326984217698,560.0000000001,0.014695836200635,0.0014074706318354,0.13993290977596,0.2104944154853,4373.75842962892,0.0312499339939208,1073,2,"SNETWORK (2 37 4373.75842962892 0.13993290977596 100000713 1073)",100
43,100000714,-0.0101715252615518,101,0.12371145778112,0.869954874556633,0.965149594579297,0.947078472655203,0.966783102940535,-0.0721014075590637,-0.0667197277774778,-0.468564435384234,-0.320073809050453,-0.472319978871321,0.69011673062094,-0.793088219710439,-0.472319978871321,-0.472319978871321,0.253315753287204,0.516219830592463,0.323472813315655,-0.244467171045235,0.667720936184585,-1.14579055441478,2.23053892215569,2.01958041958041,-0.227886977886978,-0.0101715252615518,11,0.596261828617446,-0.146875860585123,-0.145879256580357,-0.528101293376645,-0.0113246188865059,-0.484076900922776,-0.317251825747603,0.672079726891931,2.04336738149391,5.0000000001,10.0689671831488,0.0407667459057404,1.0000000001,0.0401767230344416,10.1091439060833,0.486727075482143,-0.259289916154426,-0.296307805099157,-0.737502931385031,-0.635326640029963,0.172175742115803,-0.45830031261536,0.181378085189417,-0.532807633820708,0.168165379273127,0.138418607869218,-0.417184019727691,-0.157484904447707,0.0916899281080233,-0.192795185536352,-0.353148128111646,0.538992472803681,2.19258446122347,2.15155944355969,2.28302402457116,-0.589433003564102,-0.130496468948662,0.171329455716654,-0.519423187981586,-0.519423187981586,-0.0365683801162683,-0.269601290139465,0.970566706922759,1.12723238740031,0.786886688267071,0.795609253427732,-0.773391419564227,-0.379370154298035,0,5.0000000001,0.484792678262645,0.00193439711949747,0.394794135933902,1.22352288155017,3373.44786424724,0.0312500660060792,1570,2,"SNETWORK (2 43 3373.44786424724 0.394794135933902 100000714 1570)",100
35,100000715,1.01935073409736,226,1.95876350285277,1.6240746339498,1.11742223327512,1.09970853501445,1.1005013034785,0.65963883016458,0.63240073649952,-0.12414324341953,-0.443828697085812,-0.154551941355745,1.12005488552269,-0.780003365251506,-0.154551941355745,-0.154551941355745,-0.776060004065337,-0.525285485797441,-0.634817744210167,-0.925176184233501,-0.520702133498946,-1.3305954825462,1.62674650698603,0.565034965034965,-1.23832923832924,1.01935073409736,12,-0.0519701561989799,-0.830755865432766,-0.817612789197175,-0.108190879956909,1.01741080872151,0.306794533161123,-0.440681863762963,0.497247780492335,0.0934856274781727,204.0000000001,0.121964117192488,0.130851429679156,1001.0000000001,0.837663536847505,0.959627653939993,0.0521417795350648,0.360980261404848,0.115720618234051,0.0410086598558394,0.299378410329305,0.396247654552462,0.516119243706501,0.471066011338498,-0.232886606718511,0.379349505808276,0.186951029766763,0.118292970250346,0.393508767777488,-0.0519985779927009,0.192221231244496,0.596004386864677,1.11697181886013,2.19258446122347,2.1515594435597,2.28302402457116,-0.128549432987946,0.472469640694337,0.23336046093321,-0.125779464227526,-0.125779464227526,0.444286520859473,-0.840658357070681,-0.252025243562973,-0.152778662389492,0.00786729267665686,-0.263872228299947,0.0171990102521494,-0.31574391363152,0,1001.0000000001,0.00662697252104126,0.0455148069140236,0.547987155481354,1.32722224056905,5574.36110756822,0.0156249669969604,999,2,"SNETWORK (2 35 5574.36110756822 0.547987155481354 100000715 999)",100
17,100000716,-1.0263959502793,10,-0.711340194022643,-0.147031598306002,-0.358045591966192,-0.357303355798844,-0.355675841278248,0.00331755032528241,0.00287930957248082,0.408576497822387,1.43372568644156,0.607148469148885,0.0676541977027901,-0.10449986772187,0.607148469148885,0.607148469148885,0.515912474253916,0.0178667765219616,-0.00269149932339355,-0.575156480866909,0.0999792975345851,-0.596303901437372,0.141716566866268,0,-0.395577395577396,-1.0263959502793,9,0.606356045001201,0.637432236257443,0.639346251470543,-0.482365694588907,-1.02312683849098,0.454838944093709,1.43213029270772,-0.529738952422022,0.201038701489983,347.0000000001,0.111533599938449,0.233040337073424,3537.0000000001,1.31784014750555,1.429373747344,0.0599582480166956,-1.70475083220989,-0.936288860522576,1.25035272025788,0.447604133803891,-1.32080226058958,0.247532760023083,-1.21505800118768,0.93032109724069,-0.919704557812193,-2.64875445160936,-0.229506374878014,-0.46373979610249,0.320117548198448,-0.252835306066753,-0.675181930528773,-0.587156310063935,-1.4058558810172,-1.37829262321507,-1.40813399619979,-0.2426816953076,-0.909259408822045,0.504122535557092,-0.231293821013407,-0.231293821013407,0.650774283941514,1.06316675953723e-11,0.644051574017488,0.541513634821246,-1.11099175953205,0.987842918090182,0.359808911391094,0.368548003301689,0,3537.0000000001,0.00467852389415241,0.0552797240225432,0.0333469707561509,0.96926195401372,1182.51385207399,0.125,429,2,"SNETWORK (2 17 1182.51385207399 0.0333469707561509 100000716 429)",100
29,100000717,-1.11997016259984,12,-0.790377993358492,-0.853832397374456,-1.31184600508887,-1.30651564302517,-1.32383268064034,0.417777720743471,0.373514573797276,1.5597204134545,0.256530294291289,0.584863488891885,-0.147829245860707,2.06667457363241,0.584863488891885,0.584863488891885,-0.236917176777487,-0.343705555623774,-0.485474009325064,0.0765459991198572,-0.475162876679108,0.279260780287474,-1.27411842980705,-0.441958041958041,0.405132405132405,-1.11997016259984,8,0.877210051808252,9.39676890007147,10.1293156262501,0.122154196595266,-1.11735040916583,-0.898240429157145,0.258000039206639,0.720057620552859,0.0520609532309861,4731.0000000001,0.393785598118523,0.105159897733119,38199.0000000001,6.42239354195466,6.81617913997318,0.063471635392836,0.684164894097574,-0.0580722650536632,-0.933519013781792,-0.922829946750617,0.0318301809036224,-2.16101899174695,0.0107887396149611,-1.54956253576664,-0.0450664256839136,-0.062493852141883,-1.4175595438643,-1.29133609038875,0.10506344325026,-0.474100312580009,-0.471792152073761,-0.752292666128179,-2.3587188560243,-2.29529197602235,-2.43477706343215,-2.66677062114878,-0.0569195231987169,-0.416904771373048,-1.53704996231577,-1.53704996231577,-0.270727676912332,1.06316675953723e-11,0.380129623723055,0.258761618192106,-0.281739306454879,0.463081865904415,-2.54973937591052,-1.53691302154259,0,38199.0000000001,0.0036668953893527,0.0598047399034833,0.0799721160348827,5.42611756484257,762.632012828271,0.25,808,2,"SNETWORK (2 29 762.632012828271 0.0799721160348827 100000717 808)",100
43,100000718,-0.461374869562899,17,0.12371145778112,0.869954874556633,0.532114998802948,0.540517197237357,0.552449009633917,-0.295218680429496,-0.24411991638131,-0.648158360540997,0.0357305652167668,-0.255938766819657,0.473589931484384,-1.23907970828377,-0.255938766819657,-0.255938766819657,0.407941375731995,0.560824967829004,0.372982276479584,-0.0069064539728994,0.68046656416786,0,0.0419161676646709,0.81118881118881,0.429975429975429,-0.461374869562899,11,-0.024467690596521,0.0445877318466908,0.0443942138028767,-0.00105764417482496,-0.463687255793302,-0.353545932112166,0.0381714325351767,-0.406571781105861,0.0871736110256744,1.0000000001,0.0859119350394445,0.227295398812158,2.0000000001,0.448011440691657,0.533923375631102,0.0248543297437734,-0.551062736379352,-0.283897429598619,-0.163621340316608,-0.535517704006537,-0.576903536570809,-0.346541524442233,-0.589368818270393,-0.0812391675588705,-0.560827216969969,-0.615694558317562,0.252696998952715,0.368710031777399,-0.990613043219552,0.884359464196788,-0.353148128111646,0.538992472803681,0.102215627178161,0.139017963839617,0.167198521564845,0.766831951873156,-0.408683888736504,-0.435323268325363,0.929670964341596,0.929670964341596,-0.368685991657239,-0.0970792653320179,-0.628131126924908,-0.520764462560229,-0.564124878429376,-0.537617246783817,-0.737337037598324,-0.696994733484565,0,2.0000000001,0.00399923219168924,0.0208550974520842,0.0642843315544431,0.512038776192693,2891.34350468801,0.0312500660060792,1489,2,"SNETWORK (2 43 2891.34350468801 0.0642843315544431 100000718 1489)",100
36,100000719,0.731084016950199,173,1.29896932353205,1.22104076566898,1.45807027539656,1.42805593959054,1.43873085382348,0.411716125511318,0.356175528143271,-0.184689840168728,-0.0176502203915266,-0.332247005679152,0.818546354063465,-1.80056950764192,-0.332247005679152,-0.332247005679152,-0.692728378709205,-0.541719179422553,-0.644735116124648,-0.86653651524579,-0.552155209140529,0,0.0419161676646709,0.81118881118881,0.42997542997543,0.731084016950199,12,0.0358729131166929,0.0760092965985116,0.075709647477412,-0.0975975333898926,0.725348012014043,-0.418578668671401,-0.0149746740194194,-0.122189312341078,0.102808913083164,40.0000000001,0.0262995200031235,0.449360495240368,935.0000000001,2.68697460702577,2.7132741269289,0.125607331395238,0.0880976883831765,-0.897531944529192,-0.029179881033327,-0.372968101749419,-0.534435670184104,-0.428913741852895,-0.542962188287064,-0.173972608170503,-1.04488424996303,-1.07672126817658,-0.0246251852135302,-0.02850637505136,0.165179359701397,0.117314569154458,0.546248208904555,1.08330451131106,2.19258446122347,2.15155944355969,2.28302402457116,0.109865233053015,0.144489200808993,-1.5618039289254,0.113648765821064,0.113648765821064,-1.21472593999034,-0.191412947070276,0.190769000555235,0.305914879151417,0.289913653018055,0.152958229570135,-0.51894098179142,0.0827943591898987,0.00493337642093103,935.0000000001,0.00121750046437002,0.124389830830868,0.110414195460206,1.26407953411243,5267.96918858243,0.0156249669969604,1021,2,"SNETWORK (2 36 5267.96918858243 0.110414195460206 100000719 1021)",100
17,100000720,-0.887075152813156,44,-0.711340194022643,-0.147031598306002,-0.358045591966192,-0.357303355798844,-0.355675841278248,-0.0390762638784857,-0.0332747761076987,0.347147435312262,1.33472449736294,0.672244848585429,0.0501378872368037,-0.0837683786924237,0.672244848585429,0.672244848585429,0.509172248407995,0.00259534191698272,-0.00184825718469787,-0.465966024622464,0.0607370191546054,-0.596303901437372,0.141716566866268,0,-0.395577395577396,-0.887075152813156,9,0.978923498537226,-0.127283523402229,-0.126451924953859,-0.671966791335274,-0.885730578511034,-0.072312974247083,1.33382869413242,0.173392383824922,0.808719796294157,71.0000000001,0.0918021807337018,0.189711904403381,1501.0000000001,0.45527295299859,0.547075133632292,0.0262493257475464,-0.261238044865049,0.401428894432027,0.058118508325363,0.0561165438443732,-0.000777441926292981,-0.00933642009598273,-0.00126567090322641,0.767743715073243,0.0068670414971947,0.0236254006363187,-0.0439829386214595,-0.313352472782333,-1.00549662036891,-0.278882702311854,-0.675181930528773,-0.587156310063935,-1.4058558810172,-1.37829262321507,-1.40813399619979,-0.739542904407599,-0.766972736400455,0.267457354048838,-0.630388160012404,-0.630388160012404,-0.502062274935241,1.06316675953723e-11,0.155103691377805,0.245967752218993,-0.518173906673511,0.309113610471253,-1.42963837247694,-0.108177056326971,0,1501.0000000001,0.00440477950267992,0.0218445461448665,0.149582225037234,1.01609592692694,1376.06020971335,0.125,463,2,"SNETWORK (2 17 1376.06020971335 0.149582225037234 100000720 463)",100
17,100000721,0.558919579447043,278,0.152577399052067,0.406018494492994,0.0737102907633875,0.0682577010310203,0.067165878475577,-0.536828166453442,-0.627696072190567,-0.164255431710476,0.63368214484686,-0.277254794136337,-0.373788049626269,0.130681341180641,-0.277254794136337,-0.277254794136337,0.362789901786692,0.251444738890671,0.318571777340798,0.00261233595075194,0.288685346642258,-0.443531827515401,0.0161216029479497,0.044324905863371,-0.265923265923267,0.558919579447043,9,-0.577087879858434,0.134195191735086,0.1337646794205,0.843279026754383,0.560544754999297,0.370709850184809,0.635789176856623,-0.396921933573561,5.90822375670211,1562.0000000001,14.7548411648257,0.433341351165058,3518.0000000001,2.43737606890699,17.1922172336327,0.787783963478693,0.222942962981528,0.276656834138459,0.228115053358309,0.46235340325707,0.356807666786541,0.312811871976078,0.358465935239956,0.645804576160594,0.328292134334587,0.621179497765294,-0.562988599108082,-0.666510218912686,0.254315380887732,-0.265282236396017,0.19916619448749,-0.148863205572101,-4.52365144789511e-15,-4.51494518067087e-15,-4.84823954093274e-15,0.282550373703261,0.198977976605434,-0.528200535639897,0.304500937120553,0.304500937120553,0.159815822918539,-1.68928734591595,0.241895795706596,0.378637742593828,0.848987162059299,0.0738937163399267,0.0487476736450787,0.663819469204923,0,3518.0000000001,0.676098207338802,0.111685756039891,0.967873099206242,0.61850064585451,2738.61771573429,0.125,697,2,"SNETWORK (2 17 2738.61771573429 0.967873099206242 100000721 697)",100
41,100000722,0.134408809161171,206,-0.419244275461604,0,0.315622755524543,0.310024668600395,0.31737100022456,1.02279580765184,0.929548103665902,-0.35425862578535,-0.46045916728212,0.724431549668236,0.724271656371293,0.28474427364124,0.724431549668236,0.724431549668236,0.436446906692849,-0.687096313024254,-0.810973564302177,-0.348193327924923,-0.830323991279138,-0.720739219712526,0,-0.434965034965035,-0.700859950859951,0.134408809161171,10,0.0877780103982605,-0.164250476039846,-0.163099233106879,-0.174106233724016,0.134986022993969,0.136491267602526,-0.457273811624165,0.376701695278625,0.0869823115811243,303.0000000001,0.168550138056283,0.0967484568938679,1092.0000000001,0.675650689356248,0.844200827312531,0.0407706154023924,0.331581446490395,-0.0594315082778645,1.47046175329091,0.304068591408932,-1.80145409578457,0.19421542966333,-1.9089538287097,-0.422661020743852,-1.70212884138934,-0.770799448870511,0.929093184529767,0.616510918638561,-0.699408928422796,1.18283820397323,0.102322668995496,0.495618604137657,0.102215627178161,0.139017963839617,0.167198521564845,0.191759116132119,-0.212921093150231,1.17784065098806,0.202240143240077,0.202240143240077,0.151287371821356,1.06316675953723e-11,-0.681580022152151,-0.586336613987177,0.0403436282176762,-0.742183989943319,0.386962094972579,-0.749850949453583,0,1092.0000000001,0.00814011620489771,0.0326304990974947,0.637393763557922,1.11503218695957,2843.61558262665,0.0625,1412,2,"SNETWORK (2 41 2843.61558262665 0.637393763557922 100000722 1412)",100
43,100000723,0.305185077766989,156,0.12371145778112,0.869954874556633,0.965149594579297,0.947078472655203,0.966783102940535,0.125335469791728,0.0671978777427672,-0.467044011373547,-0.509621860904259,-0.114426364665707,0.819971747118312,-0.278354709954932,-0.114426364665707,-0.114426364665707,0.0649973017310408,0.612473095145725,0.466475275101523,-0.420999298222448,0.821386410536888,0.147843942505134,-0.958083832335329,-0.581818181818182,-0.163390663390663,0.305185077766989,11,-0.267743359254381,0.00585160688032885,0.00582332683401834,0.267125448276303,0.305240044737618,0.5585789692322,-0.505905122950511,-0.207383420784395,0.247877970437868,1.0000000001,0.244290397554632,0.0474943786617749,3.0000000001,0.14042095723349,0.384711354688122,0.0180310017193003,0.625307494432225,0.160596840243083,0.258976135534561,-0.14155823995131,-0.606863190565684,0.489558090806425,-0.624241176475429,-0.382863852429431,-0.705427700483173,-0.28171159139512,-0.224116825906544,-0.254950468976326,0.0233930563883424,-0.196835373590787,-0.353148128111645,0.538992472803681,2.19258446122348,2.1515594435597,2.28302402457116,-0.595309616307035,-0.156562948769471,-0.166333892090447,-0.523915266967513,-0.523915266967513,1.89807695389198,-0.260905676708352,0.590602978012152,0.409907973816619,0.453579589090128,0.551334565120733,-0.0859570702119208,0.0432228515414792,0,3.0000000001,0.0114496245030247,0.00658137711627559,0.609211313113185,2.52169290993215,3686.21152363882,0.0312500660060792,1625,2,"SNETWORK (2 43 3686.21152363882 0.609211313113185 100000723 1625)",100
17,100000724,-0.241479710217948,173,0.152577399052067,0.406018494492994,0,0,0,-0.281638645109898,-0.283811099325968,0.0475647970234431,0.96426867885277,0.45898980199833,-0.171423821414902,-0.034877834195472,0.45898980199833,0.45898980199833,0.446400337165689,0.0286989777743532,0.0672192668896909,-0.234244597378878,0.0512254769735551,-0.443531827515401,0.0161216029479497,0.044324905863371,-0.265923265923267,-0.241479710217948,9,-0.481985206943347,-1.99102605568024,-1.92681787765809,0.296226088339326,-0.243384855658667,-0.301552936730429,0.963781359656067,-0.585881615529366,0.187277502376094,1403.0000000001,0.420087592136333,0.190263157668607,1773.0000000001,0.539336745527609,0.959424337563942,0.0641155600088223,0.329705412472971,-0.222934478630472,-0.400721201776475,-0.131919679317495,0.421181664893552,0.214202920749938,0.614667676521473,0.744506291159772,1.00816419725425,2.32094808283103,-0.418961349070114,-0.446362685167504,0.180926791402385,-0.225870708355255,0.121428129376516,-0.277526342387342,0.102215627178161,0.139017963839617,0.167198521564845,0.00550948175520931,-0.176076211240706,0.12448047548555,0.00556071073303694,0.00556071073303694,1.03165127897313,1.06316675953723e-11,0.401346129452117,0.357622432925678,0.357282202415339,0.36731610994109,1.69207951463662,1.15365389515583,0,1773.0000000001,0.0280732415495669,0.0360423183592554,0.602986841877329,0.251268805935979,2131.03607885939,0.125,592,2,"SNETWORK (2 17 2131.03607885939 0.602986841877329 100000724 592)",100
43,100000725,-0.448573675054116,20,0.12371145778112,0.869954874556633,0.532114998802948,0.540517197237357,0.552449009633917,-0.292638243236164,-0.240895216298135,-0.649781818761461,0.0331770321111702,-0.272610772906509,0.474727089467026,-1.22981155768252,-0.272610772906509,-0.272610772906509,0.409487276087638,0.563007262196156,0.374311647365472,-0.0012521478202209,0.682183539192138,0,0.0419161676646709,0.81118881118881,0.429975429975429,-0.448573675054116,11,-0.386442635758631,-0.140478701816865,-0.139537065566607,0.430427232382308,-0.4491429737997,-0.46245525817756,0.0351525213638482,-0.108544164627112,0.675968220557435,2.0000000001,1.332369673913,0.0542067308978868,2.0000000001,0.106844378350172,1.43921405216317,0.0692160382807868,0.276773168403628,0.257838633391253,-0.113399588015049,-0.494027872177977,-0.574704205099358,-0.432999929027451,-0.606758770285636,-0.132416808011304,-0.546333306544849,-0.597098997445999,0.304525932075463,0.536696719129712,0.174370518515976,1.17292342493156,-0.353148128111646,0.538992472803678,0.385410854197415,0.426912104353179,0.461969992744147,0.5634761446416,-0.317229983667286,-0.514850900576818,0.649840921581419,0.649840921581419,-0.372382768805738,-0.0820019519844153,-0.71277467845957,-0.584882121920752,-0.60038098469366,-0.62156366539181,-0.305121755811988,-0.852184720575866,1.58157347016431e-13,2.0000000001,0.0640775776760657,0.00513846050472116,0.0760710165984839,0.679228849709034,2908.53637512389,0.0312500660060792,1491,2,"SNETWORK (2 43 2908.53637512389 0.0760710165984839 100000725 1491)",100
3,100000726,-0.358669553764412,93,-0.226804037760009,-0.273941878615531,-0.467885001197052,-0.45962963966976,-0.447550990366083,-0.341342310377166,-0.415682729954575,0.58054974193767,0.826027139415499,-0.0525991938579316,-1.19924627492909,-0.105487728736018,-0.0525991938579316,-0.0525991938579316,-4.59120188254623,0.197472814303097,0.256860067974405,1.18349860298999,0.00446344817425285,0.637577002053388,-1.16766467065868,0.37272727272727,1.11578624078624,-0.358669553764412,7,0.368173148189724,0.673198051185961,0.675510308308606,-0.328787626217906,-0.358740137874423,0.239485465198723,0.825959469383385,-0.539561910960027,0.403026984834895,4629.0000000001,2.98274647096143,0.0476611546361558,2367.0000000001,0.180367319430592,3.16311379029202,0.13185485060209,0.073672213020164,0.759819037824075,0.508535570565815,-0.284921032514859,-1.20408972272787,0.0704536907439005,-1.10070958196671,0.613583117332066,-1.44810523812067,-3.06179126828546,1.4239221574925,1.30758772432197,-0.511715695381709,3.31202293566366,-0.103412722476775,-0.349706193249102,-0.85356962721521,-0.809349112657467,-0.774728051263416,-0.333316959371241,0.0404238187865743,-0.251413834351026,-0.311168196012433,-0.311168196012433,-0.189548120841461,-5.83778926808835,-0.338379481170672,-0.358307032489509,0.177209757006127,-0.399360421355623,0.224944392546291,0.122761227949236,0,4629.0000000001,0.124336213012809,0.00751863748928048,0.485444572624616,0.451468206592835,1890.45948712555,0.0624998605480869,94,2,"SNETWORK (2 3 1890.45948712555 0.485444572624616 100000726 94)",100
41,100000727,0.423765711306242,242,0.680412427894334,0.334368660703197,0.315622755524543,0.310024668600395,0.31737100022456,1.05121555778024,0.912552311339387,-0.543256833972312,-0.546857483673792,0.639045251513806,0.968603116355213,0.565994799708921,0.639045251513806,0.639045251513806,0.363456390214021,-0.785534951853157,-0.903565668901789,-0.429205394232348,-0.939597667652389,-0.720739219712526,0,-0.434965034965035,-0.700859950859951,0.423765711306242,10,-0.577598909704061,-0.526230566403732,-0.520053216955841,0.720277645875282,0.420600018118976,-0.0967037991430914,-0.543448495294449,-0.0776491598160987,0.141823484861167,1260.0000000001,1.14281053889793,0.0601557747477839,324.0000000001,0.124645864373829,1.26745640317176,0.0652521443070722,-0.102593644638135,-0.477390022945382,-0.153531264123408,-0.425059354532181,-0.41765988652204,0.0656969508112798,-0.472553110102046,-0.685047252931381,-0.276909034894169,-0.0890768948633649,0.557627184908441,0.579279308069622,-0.0987388684448259,0.7972365788948,0.562105955755759,0.451834062908155,0.102215627178165,0.139017963839622,0.167198521564845,-0.0380592343069131,0.437632098608639,-1.70933585973945,-0.0380299531530726,-0.0380299531530726,-0.0506618828110241,-0.141589138575742,-0.716678771543575,-0.673808161036503,-0.647434251136273,-0.614472586540217,0.485622063719197,0.21015068126337,0,1260.0000000001,0.0588350320360348,0.00641711217103737,0.754469610074767,0.275702749680681,3042.63207942175,0.0625,1448,2,"SNETWORK (2 41 3042.63207942175 0.754469610074767 100000727 1448)",100
17,100000728,-0.908411284538904,41,-0.711340194022643,-0.147031598306002,-0.358045591966192,-0.357303355798844,-0.355675841278248,-0.03295681510519,-0.0283553417604214,0.355282787294715,1.34358853797757,0.665171622497078,0.0518467484149724,-0.0845963596333072,0.665171622497078,0.665171622497078,0.51052108476087,0.00522123102246315,-0.000354857506396537,-0.47644962910826,0.0659680183974222,-0.596303901437372,0.141716566866268,0,-0.395577395577396,-0.908411284538904,9,0.748262877213085,-0.162337749428897,-0.161203913494475,-0.593180842252702,-0.901970584768547,0.634187193230796,1.34211788229866,-0.0362706106881681,0.521003921926681,1536.0000000001,1.2794660976103,0.184313378394198,718.0000000001,0.211581590964577,1.49104768847488,0.0719857545203905,0.446626094938597,0.390567263858564,0.23880872299844,0.404023936388001,0.249862395354179,0.589614050411146,0.264132202524146,1.0663270741276,0.246814695851074,0.705128975016112,-2.3533866497386,-1.68295016491053,0.209789870285877,-0.455891331320742,-0.675181930528773,-0.587156310063935,-1.4058558810172,-1.37829262321507,-1.40813399619979,-0.0627665554197134,-0.726099134253447,0.73620931945343,-0.0623583015558085,-0.0623583015558085,8.10466806630689,1.06316675953723e-11,0.824391254118027,1.0564616686192,0.0224622597969518,0.911538688510117,-1.07937836643488,-0.474609396646418,0,1536.0000000001,0.0617708829856255,0.010214871434765,0.137985493865701,0.531724719330668,1356.75018976583,0.125,460,2,"SNETWORK (2 17 1356.75018976583 0.137985493865701 100000728 460)",100
41,100000729,-0.750831099674445,39,-0.886598059773572,-0.0928456434617663,-0.0369605603324269,-0.0422694509956289,-0.0386919408759992,0.952287130580981,1.12822262657594,0.888763845857121,-0.0841615181502684,0.334675598710976,0.435069520705741,0.356864982704378,0.334675598710976,0.334675598710976,0.551734934835911,-0.306288572033412,-0.454534834365062,0.0851959605583612,-0.42957518439306,-0.720739219712526,0,-0.434965034965035,-0.700859950859951,-0.750831099674445,10,0.158877163049664,0.505256037691395,0.50596103302252,-0.0439121460664874,-0.750641712065557,-0.533358297694897,-0.081389211841008,0.163055947494996,0.0692919006701939,150.0000000001,0.0664705500421043,0.074919279995886,1096.0000000001,0.52512136461578,0.591591914557884,0.0253974540948727,-0.238706923638223,0.471023172601131,-0.558306263303495,-0.0504621130355292,0.788348476732001,-0.660903938911481,0.742585326227662,-0.372468151145004,1.17674416705855,1.11848688559813,-0.0260620137837569,0.0166503976868199,-1.05172103367869,-0.0301916838524712,-0.658232714974315,-2.60749408789749e-15,-1.4058558810172,-1.37829262321507,-1.4081339961998,-0.357444416655001,0.652986993026453,-0.110229035449535,-0.331867173447349,-0.331867173447349,0.630666160165027,1.06316675953723e-11,0.132067231424389,-0.10683108591853,-0.788695753955967,0.349235640530743,0.439740594732057,0.534972669313083,1.80081360161386e-13,1096.0000000001,0.00285362712523798,0.0225438268696348,0.0821660072222725,1.50409115757793,1899.78740391328,0.0625,1245,2,"SNETWORK (2 41 1899.78740391328 0.0821660072222725 100000729 1245)",100
41,100000730,0.1128764441358,203,-0.419244275461604,0,0.315622755524543,0.310024668600395,0.31737100022456,0.989290435193406,0.895614928633882,-0.373927880378104,-0.449841367992241,0.77789069348025,0.69090705425534,0.491285752601238,0.77789069348025,0.77789069348025,0.437959110138326,-0.6712370696899,-0.790744853201271,-0.28656938950899,-0.821612212182909,-0.720739219712526,0,-0.434965034965035,-0.700859950859951,0.1128764441358,10,-0.382849083292917,0.953274336259245,0.959733267681677,0.510513236861058,0.110345856822525,-0.569416858317277,-0.443845537907542,0.195836953071734,0.0745196928987141,951.0000000001,0.453217960636355,0.121141637678531,980.0000000001,0.759232962911995,1.21245092344835,0.0481231948808215,-0.456912877409851,-0.278431855860564,0.283352060052441,-0.548557479568381,-1.30048034413937,-0.797300112434989,-1.13171354180751,-0.94738477868041,-1.41593469631243,-0.673459788337768,-0.788834258756501,-0.551990729595172,-0.747254578690978,-0.27104428732602,-0.353148128111646,0.538992472803681,0.102215627178161,0.139017963839617,0.16719852156485,0.495096317066114,-0.418150500580022,1.24185725379881,0.561562803267853,0.561562803267853,-1.46638019229424,1.06316675953723e-11,-0.300791475018175,-0.174526892712582,0.468182965459255,-0.428485644428793,0.635176874296426,0.372653658357472,0,980.0000000001,0.0179886012481442,0.0301345935326773,0.627900883227984,0.264822646218818,2827.4786949255,0.0625,1409,2,"SNETWORK (2 41 2827.4786949255 0.627900883227984 100000730 1409)",100
37,100000731,0.619747057063721,145,1.29896932353205,1.22104076566898,1.45807027539656,1.42805593959054,1.43873085382348,0.235666437463812,0.161899288949791,-0.437334148621162,0.486027759278479,-0.508804961473551,0.695273450881315,-1.00571433713145,-0.508804961473551,-0.508804961473551,-0.585564195323347,-0.716412462174961,-0.777614827544521,-0.671014889423347,-0.80818780348835,1.28439425051335,-2.76197604790419,-0.927972027972028,1.1480343980344,0.619747057063721,12,1.08078409802224,1.10820598218022,1.11772711410405,-0.674174487621598,0.615959749403541,-0.602409124106352,0.486816013800737,0.452798711268572,0.0571478424936402,68.0000000001,0.0248522557773554,0.15080605662622,1104.0000000001,1.06474330739785,1.08959556307521,0.0420915712380918,0.62445518037552,-1.9315512205561,-0.611411410997813,-0.696173194673805,-0.122476357831613,-0.868682286182936,-0.103089421302718,-0.0883060236549453,-0.150613625426505,-0.239560527282918,0.627200015186861,0.495713536168021,0.238252897976547,0.655717456932327,0.528207847926239,1.07109749798066,2.19258446122347,2.15155944355969,2.28302402457116,0.239923150252677,0.54684076944153,-2.14252879999486,0.255948271382286,0.255948271382286,-0.679600217009456,-0.0226448171076277,-0.650041385115194,-0.512492326717609,-0.764818714553624,-0.5131305121447,-0.445002997808094,-1.74758264612065,0,1104.0000000001,0.000960053916637737,0.041131517221454,0.860469653539464,2.06994113557513,5105.18744265191,0.0312499339939208,1193,2,"SNETWORK (2 37 5105.18744265191 0.860469653539464 100000731 1193)",100
35,100000732,0.894519706570094,204,1.95876350285277,1.6240746339498,1.45807027539656,1.42805593959054,1.43873085382348,0.622397853864253,0.541364967949893,-0.11904182846489,-0.260355302436439,0.0104936499855831,1.13480865397249,-0.289537851000285,0.0104936499855831,0.0104936499855831,-0.575008811569475,-0.455806376913814,-0.558217439209806,-0.778230683421616,-0.460010441820971,-1.14579055441478,2.23053892215569,2.01958041958041,-0.227886977886978,0.894519706570094,12,0.484278219104865,-0.115979667960438,-0.115238759287179,-0.46317346605767,0.890433876298662,-0.0905581066347762,-0.257674322516825,-0.309392935889012,0.382330391545153,168.0000000001,0.410776098008117,0.240702947301056,1167.0000000001,1.79642597428177,2.20720207218989,0.105693426631747,-0.135220791401904,-0.377999056663168,0.243109398041214,-0.0584549189081666,-0.469215229748415,-0.0300621989216603,-0.493312278628411,-0.218270152142488,-0.539481339912031,0.132525890458533,-0.298910315374494,-0.523712025909656,-1.22741331215265,-0.303770935967521,0.596004386864677,1.11697181886013,2.19258446122347,2.15155944355969,2.28302402457116,-0.379036923391371,0.413784146151139,-0.0883069408357811,-0.350194605090724,-0.350194605090724,1.73827131041324,-0.377915724282241,0.69478573451812,0.86515231816324,0.887375968154685,0.56064380992902,-0.60621074863419,-0.435505526837865,0,1167.0000000001,0.0196703029025976,0.086023123629149,0.0294594750251088,0.775734714817656,5445.62145919797,0.0156249669969604,977,2,"SNETWORK (2 35 5445.62145919797 0.0294594750251088 100000732 977)",100
41,100000733,-0.614785702468687,71,-0.886598059773572,-0.0928456434617663,0.315622755524543,0.310024668600395,0.31737100022456,1.001345114161,1.18621650920771,0.845258887897947,-0.121454591635025,0.475007156623037,0.498099047061857,0.392225814049019,0.475007156623037,0.475007156623037,0.555748688652249,-0.421143112475644,-0.560372143426409,0.0992095926260935,-0.576937150520478,-0.720739219712526,0,-0.434965034965035,-0.700859950859951,-0.614785702468687,10,0.0540152611610618,1.67231094135863,1.69741835388678,0.073303768257644,-0.617261257002155,-0.803658830621376,-0.118273611067129,-0.15831008745288,0.108987637479385,47.0000000001,0.0327590000497369,0.108072771243733,3284.0000000001,2.26973406290247,2.30249306285221,0.0806131569071293,-0.239893653725192,-0.450097563960636,-0.639144515610664,-0.974595441054374,-0.511721199417267,-1.23264389870911,-0.391867317687452,-0.794948427232917,-0.63473182441484,-0.570623762557472,1.53842854184934,1.13645678141072,0.144478694619769,2.3668271300316,-0.269453845586064,-0.138388891490099,0.102215627178161,0.139017963839617,0.167198521564845,-0.521358819731943,0.409565256362285,0.147412429703962,-0.466478389496796,-0.466478389496796,-0.232940748217675,-0.00465983190419182,-0.196386403538139,-0.244478358726843,0.0592388383251259,-0.215344550213051,1.08104387277902,0.871339476817636,0,3284.0000000001,0.00114693348810193,0.0794662233190274,0.190426641807396,0.579688656419017,2083.8189772647,0.0625,1277,2,"SNETWORK (2 41 2083.8189772647 0.190426641807396 100000733 1277)",100
17,100000734,-0.999306064397919,18,-0.711340194022643,-0.147031598306002,-0.358045591966192,-0.357303355798844,-0.355675841278248,-0.00540571534674578,-0.00529063184906588,0.396230975040379,1.41746259845049,0.617720581871709,0.0630130985648323,-0.0957457766375849,0.617720581871709,0.617720581871709,0.515843954350048,0.00686222267500437,-0.00981098695377343,-0.55492505809115,0.0824037630501079,-0.596303901437372,0.141716566866268,0,-0.395577395577396,-0.999306064397919,9,0.642171569893665,-0.196451343406401,-0.194992792135034,-0.539807089998774,-0.994303431930385,1.116407628371,1.41582183900246,-1.09679227306661,0.742720090676799,1945.0000000001,2.30962436279024,0.801931301597187,933.0000000001,1.1962319116736,3.50585627436385,0.170279239504551,0.182223317799639,-0.093518760945285,0.997587204346883,1.32827096436291,0.497472497022481,0.917015766682437,0.529506148211696,1.24268734220102,0.469932288023406,1.35441074464108,-0.198095116180694,-0.139007200673883,-1.1860379816157,-0.206969605744045,-0.675181930528773,-0.587156310063935,-1.4058558810172,-1.37829262321507,-1.4081339961998,-0.574748703903999,-0.879870021728249,0.239393740774325,-0.508144458269684,-0.508144458269684,0.637466444924966,-1.55227875090217,0.204178420922753,-0.0431211348503884,-1.23852236123235,0.53688423254794,0.781436717019782,0.565240424347474,0,1945.0000000001,0.11217832364554,0.0581009157590114,0.0597908074133745,1.10607050378375,1226.54617513011,0.125,437,2,"SNETWORK (2 17 1226.54617513011 0.0597908074133745 100000734 437)",100
41,100000735,-0.834581533847162,16,-0.886598059773572,-0.0928456434617663,-0.0369605603324269,-0.0422694509956289,-0.0386919408759992,0.925222676367377,1.10287661799446,0.904828320016868,-0.0697958156225125,0.323614597819282,0.409927402500525,0.350079807130641,0.323614597819282,0.323614597819282,0.555870470102234,-0.277480269291873,-0.431491464641646,0.0342092053986341,-0.383921667722304,-0.720739219712526,0,-0.434965034965035,-0.700859950859951,-0.834581533847162,10,0.380337781073664,0.574758905724238,0.576047885533639,-0.345708939287165,-0.833854956277326,-0.30758139328665,-0.0675130776758908,-0.0487562783424949,0.0624108074227373,1543.0000000001,0.615858962392743,0.0756128123566224,1024.0000000001,0.495166080227353,1.1110250425201,0.0471192298539724,0.34087743532243,-0.619934407401105,-0.771746960290374,-0.324302320657207,0.705972094861988,-0.416235988627337,0.657017857695236,-0.215812000989484,0.0384315715661797,0.0377797166341105,-0.339756881922958,-0.65517694700849,0.0509651513129792,-0.290637511289174,-0.658232714974315,-1.30374704394875e-15,-1.4058558810172,-1.37829262321507,-1.40813399619979,0.118122460208488,-1.31574900245975,0.144682444201482,0.122428421702262,0.122428421702262,-0.541074044462534,1.06316675953723e-11,-0.718621383455583,-0.561876398977959,-0.450477147549534,-0.664180764385785,0.0896365704273729,-0.278937596068016,0,1543.0000000001,0.0261189431672075,0.0210002865867649,0.0102909937916404,0.270866928622127,1777.60751962769,0.0625,1222,2,"SNETWORK (2 41 1777.60751962769 0.0102909937916404 100000735 1222)",100
41,100000736,0.530041790169092,255,0.680412427894334,0.334368660703197,0.315622755524543,0.310024668600395,0.31737100022456,0.96312313885636,0.831121446308476,-0.628654401216116,-0.657753994525552,0.297285535732847,0.555643188094613,1.98294359690643,0.297285535732847,0.297285535732847,0.26902091430179,-0.50024871176942,-0.628255183463704,-0.0517757753968154,-0.649027816408621,-0.720739219712526,0,-0.434965034965035,-0.700859950859951,0.530041790169092,10,-0.302518800193026,1.17929681564415,1.19040243869368,0.506279878756501,0.529901789724731,0.940152339499456,-0.653922247203888,-0.97934678416758,0.100677202144769,2076.0000000001,1.33663868386655,0.0456840678714953,261.0000000001,0.0762536811950973,1.41289236496164,0.0539071713670099,1.91444173296902,1.76773538842878,1.28685388335743,0.568903461471852,-1.04021644658439,0.435467628473389,-0.869849665824109,-0.873165487247122,-0.0915928317336224,-0.0176017842910726,-0.257820601702776,-0.316060328367355,-0.176915278918784,-0.165020299412822,0.562105955755759,0.451834062908155,0.102215627178156,0.139017963839617,0.167198521564845,0.0406380818316359,-0.704793564305369,0.623050849245364,0.0413588833318484,0.0413588833318484,1.20550052792215,1.06316675953723e-11,0.0577270848492733,0.132008577489536,1.00577490832187,-0.165692581459443,0.269718690014811,0.57088604156995,0,2076.0000000001,0.0509978058059432,0.00290936546106674,0.798494752603692,0.297283687517378,3117.47014293086,0.0625,1461,2,"SNETWORK (2 41 3117.47014293086 0.798494752603692 100000736 1461)",100
41,100000737,-0.408185954831572,119,-0.886598059773572,-0.0928456434617663,0.315622755524543,0.310024668600395,0.31737100022456,0.930808431945332,0.964072310006082,0.237933426156124,-0.263398678482364,0.681450935254762,0.482737380718776,0.450917065704964,0.681450935254762,0.681450935254762,0.511351156057555,-0.680297340673906,-0.805929750786512,-0.132474539648742,-0.861243642825116,-0.720739219712526,0,-0.434965034965035,-0.700859950859951,-0.408185954831572,10,-0.814939608915568,1.92055474722535,1.95463896466013,1.86668246080581,-0.401996234389665,1.37612824877561,-0.26051227997159,-0.394703930629038,0.169371076467335,1860.0000000001,2.01468768181289,0.0382831547743853,627.0000000001,0.153507924019266,2.16819560573215,0.0727028120903084,0.655862105964177,1.56192524868126,0.252012257916662,1.14553197815606,1.31509656764778,0.488416126452017,0.968642618238576,0.036419291504973,0.23213573988653,0.17320512715103,0.31898777133455,0.0160285219733028,0.171481766633168,-0.05669486732934,-0.658232714974315,-1.30374704394875e-15,0.102215627178156,0.139017963839613,0.16719852156484,-1.1053056638249,-0.753784925846658,-0.219347500837697,-0.8703154113333,-0.8703154113333,1.05711395038293,1.06316675953723e-11,-0.658266142055668,-0.641945445029042,-0.501239553804056,-0.585814193294926,-0.294159809226741,0.671634487296013,0.00564558720364425,1860.0000000001,0.0675554637977679,0.00514734819254051,0.348616779086951,1.06984227895737,2352.72539891831,0.0625,1325,2,"SNETWORK (2 41 2352.72539891831 0.348616779086951 100000737 1325)",100
41,100000738,0.234928711235061,218,-0.419244275461604,0,0.315622755524543,0.310024668600395,0.31737100022456,1.00183639919062,0.891823124331465,-0.426259657063593,-0.477295250564491,0.632464596932941,0.748661655941189,0.260092470855615,0.632464596932941,0.632464596932941,0.417114958596975,-0.702708148546964,-0.83267534932531,-0.339910866907067,-0.851523222094488,-0.720739219712526,0,-0.434965034965035,-0.700859950859951,0.234928711235061,10,-0.386319917015407,-0.0817360189997601,-0.0812497503426421,0.439755776025577,0.235426240585192,0.612353031588107,-0.47398639529641,0.0481389703150084,0.169057346234072,1284.0000000001,1.38820821539684,0.0375425157179188,279.0000000001,0.0669858562847004,1.45519407158154,0.0692637466950012,-0.110286211392082,0.0305916572050929,0.344070186474968,0.643632352349911,0.460084867853636,0.5521653761927,0.479977677796778,-0.282560064074616,0.428890053675605,0.198406926925312,0.145885008895136,0.304363987355733,-0.0659369361236681,0.608011726673963,0.562105955755759,0.451834062908154,0.102215627178161,0.139017963839617,0.167198521564845,0.413781989171458,0.594265845737558,-1.4929462235714,0.46019193238107,0.46019193238107,-0.0675201925799954,1.06316675953723e-11,-0.761556763700115,-0.697418350897392,-0.986015794032784,-0.581830164520124,0.351709856478634,0.0420095212319429,0,1284.0000000001,0.0660753805487442,0.00318836604625704,0.676550618702002,0.468971978640184,2910.17807496077,0.0625,1424,2,"SNETWORK (2 41 2910.17807496077 0.676550618702002 100000738 1424)",100
41,100000739,-0.0108668210268851,184,-0.886598059773572,-0.0928456434617663,0.315622755524543,0.310024668600395,0.31737100022456,0.931569180090766,0.895627127743512,-0.296646248370839,-0.399216704853754,0.880215180385963,0.591475147745043,0.746882494036047,0.880215180385963,0.880215180385963,0.477384048046869,-0.652623584147591,-0.780059736893836,-0.267286123920588,-0.801676363040864,-0.720739219712526,0,-0.434965034965035,-0.700859950859951,-0.0108668210268851,10,-0.486780753169739,0.11306465295443,0.112671829026346,0.654276869886806,-0.0123657753332762,-0.353856952196839,-0.395693753930089,0.600801802172852,0.114030876506408,1925.0000000001,1.40381130467075,0.1093606237492,92.0000000001,0.0643434503182174,1.46815475488897,0.0675245138383678,-0.205502322226278,-0.229242015970737,-0.554135339618728,-0.411306638563557,0.232365854319434,-0.36257714027057,0.234230876838615,-0.60203003299209,0.29795341698567,0.165431076846968,-1.38071882632342,-1.02160758087058,-0.0354457009161217,-0.446437966513706,-0.353148128111646,0.538992472803681,0.102215627178161,0.139017963839617,0.167198521564845,-1.33635489258293,0.069591000777643,-0.0555640131862213,-1.00205612996464,-1.00205612996464,-7.76899720902863,1.06316675953723e-11,-0.302448834667058,-0.120758924587696,-0.317694084881592,-0.240449053332162,0.567633789055495,0.639323573922279,0,1925.0000000001,0.0645651798029895,0.00295933393537831,0.562775162293097,0.480290331080454,2716.77189059886,0.0625,1390,2,"SNETWORK (2 41 2716.77189059886 0.562775162293097 100000739 1390)",100
29,100000740,-0.9974212556682,44,-0.790377993358492,-0.853832397374456,-0.959757100198023,-0.960709455694412,-0.961711264614227,0.428068256896423,0.355485490469693,1.58781959944567,0.124088253369749,0.873364237305571,-0.217091932298035,2.9358866587457,0.873364237305571,0.873364237305571,-0.0873011859797781,-0.337031625577168,-0.439088175652982,0.500446475921942,-0.544349967031882,0.388090349075976,-1.93862275449102,-1.29510489510489,0.10534398034398,-0.9974212556682,8,0.712725443226651,-0.204728636084117,-0.203186733929631,-0.580637050898418,-0.996056087428323,-0.194359623179513,0.1257831903045,-0.357072216474585,1.64929429550094,106.0000000001,0.279510925280188,3.65018742889232,60.0000000001,0.350155684518063,0.629666609698251,0.0306275515603779,0.0251167296255519,-0.349979208983525,-0.125680229815422,-0.362916539340373,-0.362698100806907,-0.11405995758502,-0.387524710153323,0.115398874078088,-0.384492852363957,-0.463097705317538,0.808434489501625,0.613662895097614,-0.908970430719925,0.343193718014006,-0.471792152073761,-0.75229266612818,-1.4058558810172,-1.37829262321507,-1.40813399619979,-0.930432354383441,-0.456732948121741,0.400904566596606,-0.760710452637674,-0.760710452637674,0.206730655307716,-0.456167095893758,0.207428384953009,-0.0695382045397325,0.109807242479136,0.21471425587755,-0.162351093740713,-0.211994091278865,0,106.0000000001,0.0135956633466019,0.017031888113776,0.267153040467623,0.643955079838634,936.282538345002,0.25,839,2,"SNETWORK (2 29 936.282538345002 0.267153040467623 100000740 839)",100
17,100000741,-0.92478324211205,35,-0.711340194022643,-0.147031598306002,-0.358045591966192,-0.357303355798844,-0.355675841278248,-0.0324554087009446,-0.0302813327234924,0.356414484968255,1.3537437078238,0.659343332846586,0.0520279584164461,-0.0848161753420399,0.659343332846586,0.659343332846586,0.51190630300003,0.0159768946049829,0.00917171639257699,-0.486665883960052,0.0813969534404584,-0.596303901437372,0.141716566866268,0,-0.395577395577396,-0.92478324211205,9,0.518735396623356,-0.219731742288806,-0.218034210047816,-0.488986848591693,-0.922645184827156,-0.176124260454494,1.35253478458214,0.0605644855316385,0.149550808109817,67.0000000001,0.0160199126534736,0.291748661105829,2584.0000000001,1.20530776778435,1.22132768033782,0.059563900071685,-0.116821971451557,-0.27277876482068,0.663789124718629,-0.146797700655746,-1.26326478273057,-0.0913825189234448,-1.35201114307824,0.731165516469628,-1.2493646261165,-3.47954020047418,0.426648032311288,0.29510327137576,-0.376396123812458,0.0958813152556488,-0.573486960481418,-0.669724488096057,-1.4058558810172,-1.37829262321506,-1.40813399619979,-0.83590943311971,0.353822899044886,-0.0759760347159417,-0.697630869054215,-0.697630869054215,0.615964820877027,1.06316675953723e-11,0.483875422653559,0.262705429626875,-1.20826634699803,0.835910611566646,0.479308216048125,0.433139539825008,0,2584.0000000001,0.000781287843000849,0.0587826121286842,0.116607697302433,1.69960527345025,1321.15346238078,0.125,454,2,"SNETWORK (2 17 1321.15346238078 0.116607697302433 100000741 454)",100
43,100000742,-0.0527420381132433,94,0.12371145778112,0.869954874556633,0.965149594579297,0.947078472655203,0.966783102940535,-0.100035490632923,-0.0791517445234001,-0.462587164512346,-0.295530258762557,-0.523912982041487,0.670398618117528,-0.800845300885591,-0.523912982041487,-0.523912982041487,0.255534414556141,0.542747958359114,0.345052109920159,-0.177510745479767,0.688908856554374,-1.14579055441478,2.23053892215569,2.01958041958041,-0.227886977886978,-0.0527420381132433,11,0.571450004030165,-0.345708670257509,-0.342471589210847,-0.526738544358035,-0.0544672922826216,-0.213457014964049,-0.292434023520967,0.777988985630423,0.0635073521243168,1e-10,1e-10,0.0705294461058212,1.0000000001,0.0695086634698522,0.0695086634698522,0.0034661387336878,0.176955488439637,0.133621096715408,-0.604860258619535,-0.515022534329759,0.14858932922444,-0.100086338118443,0.161859776927241,-0.301324124105778,0.166548083115107,0.123776699484928,-2.11395115782841,-1.84132700270263,0.101661931649494,-0.48492666608521,-0.353148128111646,0.538992472803681,2.19258446122348,2.15155944355969,2.28302402457116,-1.7139356876629,0.222781599038642,-0.629144622533876,-1.18896566048429,-1.18896566048429,-1.50402373735435,1.06316675953723e-11,1.28515010750479,1.38293649389088,0.0402500516223118,1.41188387565894,-1.49502812176368,0.157399329898897,7.16258883667732e-11,1.0000000001,0,0.0034661386336878,0.369029740158951,0.13617937167882,3335.86614243467,0.0312500660060792,1563,2,"SNETWORK (2 43 3335.86614243467 0.369029740158951 100000742 1563)",100
29,100000743,-1.11997016259984,12,-0.790377993358492,-0.853832397374456,-1.31184600508887,-1.30651564302517,-1.32383268064034,0.417777720743471,0.373514573797276,1.5597204134545,0.256530294291289,0.584863488891885,-0.147829245860707,2.06667457363241,0.584863488891885,0.584863488891885,-0.236917176777487,-0.343705555623774,-0.485474009325064,0.0765459991198572,-0.475162876679108,0.279260780287474,-1.27411842980705,-0.441958041958041,0.405132405132405,-1.11997016259984,8,0.877210051808252,9.39676890007147,10.1293156262501,0.122154196595266,-1.11735040916583,-0.898240429157145,0.258000039206639,0.720057620552859,0.0520609532309861,4731.0000000001,0.393785598118523,0.105159897733119,38199.0000000001,6.42239354195466,6.81617913997318,0.063471635392836,0.684164894097574,-0.0580722650536632,-0.933519013781792,-0.922829946750617,0.0318301809036224,-2.16101899174695,0.0107887396149611,-1.54956253576664,-0.0450664256839136,-0.062493852141883,-1.4175595438643,-1.29133609038875,0.10506344325026,-0.474100312580009,-0.471792152073761,-0.752292666128179,-2.3587188560243,-2.29529197602235,-2.43477706343215,-2.66677062114878,-0.0569195231987169,-0.416904771373048,-1.53704996231577,-1.53704996231577,-0.270727676912332,1.06316675953723e-11,0.380129623723055,0.258761618192106,-0.281739306454879,0.463081865904415,-2.54973937591052,-1.53691302154259,0,38199.0000000001,0.0036668953893527,0.0598047399034833,0.0799721160348827,5.42611756484257,762.632012828271,0.25,808,2,"SNETWORK (2 29 762.632012828271 0.0799721160348827 100000743 808)",100
3,100000744,-0.156140028581613,139,-0.226804037760009,-0.273941878615531,-0.467885001197052,-0.45962963966976,-0.447550990366083,-0.388286306998057,-0.453747815900518,0.547751029036292,0.699529735658676,-0.120497490495418,-1.26018050239042,-0.280748281523675,-0.120497490495418,-0.120497490495418,-4.43396872396832,0.149217718214372,0.221351658612093,1.06516850771915,-0.0347093086942971,0.0739219712525668,-0.0898203592814364,1.0005994005994,0.837837837837838,-0.156140028581613,7,-0.115071075729804,-1.48935232101499,-1.45215748429695,-0.115962015421842,-0.15539557859971,0.142363984241994,-0.817349088370255,0.367540740866008,0.0739188648077427,3948.0000000001,0.466581447980066,0.0497254741899604,1991.0000000001,0.158286992380324,0.62486844026039,0.0381727420678069,0.469919891267061,-0.346564112959688,-0.723257483306277,0.297795642101832,1.57990868014264,0.549411501460693,2.11512371588738,-4.13249472203633,1.23825291370953,2.45089628678676,0.647909153242686,0.766261828963234,0.156763675845683,1.95771588699853,-0.183656619125852,-0.461007527196321,-0.751834212897414,-0.690544926566656,-0.641104661755904,0.405979221993368,0.91595012155538,0.158373201352741,0.450665553265205,0.450665553265205,-0.198423527503554,-0.25524258507907,-0.518246693733702,-0.405111588138979,0.424744597207432,-0.656158073690227,0.367602344303509,0.0216665134830314,0,3948.0000000001,0.0285031089301292,0.0096696330376777,0.670781372027696,2.92210191667508,2157.69675170628,0.0624998605480869,140,2,"SNETWORK (2 3 2157.69675170628 0.670781372027696 100000744 140)",100
41,100000745,-0.612801565772492,72,-0.886598059773572,-0.0928456434617663,0.315622755524543,0.310024668600395,0.31737100022456,0.984895154416961,1.15298100666964,0.732753220478184,-0.145384326386584,0.508352964872335,0.48381885256195,0.350053112759849,0.508352964872335,0.508352964872335,0.544694200209201,-0.467784409760208,-0.604712821931516,0.0534090514367946,-0.627355307923065,-0.720739219712526,0,-0.434965034965035,-0.700859950859951,-0.612801565772492,10,-0.0470879470032297,0.807297327624749,0.81136905710341,0.0833410081689342,-0.613707519787378,-0.638696869521356,-0.119267348560589,-0.180096398463713,0.0759988325120752,672.0000000001,0.326611695901505,0.136055670144486,2601.0000000001,2.26314581745159,2.5897575132531,0.105448707997525,-0.47804392083555,-0.235013169615274,-0.239625680244162,-0.809319413425169,-0.883241290092284,-0.855852265739428,-0.788457685431731,-0.532622088054594,-0.982766186704266,-0.829578772997766,-0.797211275393109,-0.73442223752214,0.139276679791829,-0.35932070821458,-0.658232714974315,0,0.102215627178165,0.139017963839617,0.16719852156485,0.0329607543057818,-0.0159187329157931,0.120794431034546,0.0334849741839143,0.0334849741839143,-6.3609817166414,1.06316675953723e-11,-0.0960245322468309,0.032867736681357,-1.21286413318516,0.201890518345036,-1.01810973656761,-0.623517925555392,1.2453209977558e-12,2601.0000000001,0.0132988440545369,0.0921498638429885,0.19384896547634,0.77546708099544,2089.63656379306,0.0625,1278,2,"SNETWORK (2 41 2089.63656379306 0.19384896547634 100000745 1278)",100
37,100000746,0.294072657150423,75,1.29896932353205,1.22104076566898,1.45807027539656,1.42805593959054,1.43873085382348,0.109405717647964,0.0405241997206073,-0.508479170179615,0.643161512858755,-0.377749565270003,0.624910709140919,-1.11143515869412,-0.377749565270003,-0.377749565270003,-0.535060603535375,-0.569709930986213,-0.617437170387416,-0.496353488308571,-0.655211893397429,0.665297741273101,-1.69993346640053,-0.507226107226108,0.644007644007643,0.294072657150423,12,-0.573991594533988,0.38328822412711,0.383248762022669,0.884482169631675,0.294323189505962,0.142702014570532,0.644395034026838,0.124298138974861,0.123243505970433,608.0000000001,0.479208690388697,0.0915881852180513,1413.0000000001,0.827634673610265,1.30684336389896,0.0573175335465952,-0.675005597308941,-0.096922089650769,0.0348944499100506,-0.268397372199498,-0.471623069839744,0.0614809806263187,-0.45369544893571,0.524141087800429,-0.470520943332311,-0.879755093811516,-0.681377793176503,-0.460057866879352,0.255294733884356,-0.259295105351561,0.528207847926239,1.07109749798066,2.19258446122347,2.15155944355969,2.28302402457116,-0.0319150175687498,0.164085277756517,0.797590300883037,-0.0319362520312142,-0.0319362520312142,0.194821727437349,1.06316675953723e-11,1.10609961456338,1.12699236653742,0.958697828899362,0.993902045205013,-1.08750442126314,-1.0460201187912,0.0813772115563364,1413.0000000001,0.0210178670943971,0.0362996663521981,0.436988302185205,1.56401789956726,4675.30437348763,0.0312499339939208,1123,2,"SNETWORK (2 37 4675.30437348763 0.436988302185205 100000746 1123)",100
3,100000747,-0.312528277848358,104,-0.226804037760009,-0.273941878615531,-0.467885001197052,-0.45962963966976,-0.447550990366083,-0.348310451607122,-0.41601545709475,0.578024787993618,0.794207002486255,-0.0614701172209842,-1.20878820837307,-0.152063373607121,-0.0614701172209842,-0.0614701172209842,-4.38934257594409,0.168236483405,0.230400447819988,1.14532644315642,-0.0254068793614122,0.0739219712525668,-0.0898203592814364,1.0005994005994,0.837837837837838,-0.312528277848358,7,0.338363132744555,2.41488637659212,2.47049092999732,-0.140178867896591,-0.31146027693126,-0.486487938733641,0.794138758325756,0.581683600905305,0.634777811656296,5400.0000000001,5.4803782230668,0.524056285757311,1735.0000000001,1.45369215897069,6.93407038193749,0.213388602976218,-0.00632294150803555,4.77287689082141,-0.301259813378983,-0.132117091155669,0.244180312202382,-0.984724676258582,0.166495948760164,-0.0120181156038881,-1.00836515365519,-2.06745434880551,1.08662512679179,0.65772538334177,0.16567504839521,0.49921925335299,-0.183656619125852,-0.461007527196321,-0.824752533875998,-0.775697199578568,-0.736878520561041,-1.32157320349479,0.221313976385334,-0.850094206277336,-0.994046931585285,-0.994046931585285,0.0681671071756207,-0.832212210597977,-0.93987170358893,-0.944499909459706,-0.201043715455971,-0.966761817696844,0.290009486537341,0.317676415354601,0,5400.0000000001,0.16865278081043,0.0447358220657875,0.530137889181358,2.59915839560514,1954.90281246694,0.0624998605480869,105,2,"SNETWORK (2 3 1954.90281246694 0.530137889181358 100000747 105)",100
37,100000748,0.384272141244105,94,1.29896932353205,1.22104076566898,1.45807027539656,1.42805593959054,1.43873085382348,0.137377532790518,0.0706546151426949,-0.518402985050295,0.607449845903575,-0.404562813539859,0.672681155353678,-1.1174987135224,-0.404562813539859,-0.404562813539859,-0.558231119710056,-0.614605920685882,-0.663764209264138,-0.545438371886723,-0.702826445782889,0.665297741273101,-1.69993346640053,-0.507226107226108,0.644007644007643,0.384272141244105,12,-0.30812836421036,0.852327942501482,0.85708398843384,0.461728618504634,0.383375250677582,0.512438116729711,0.607911748872432,-0.147577496042041,0.211310155263105,382.0000000001,0.516227093065987,0.0766167957290015,1710.0000000001,0.837870995445811,1.3540980884118,0.0547027957297437,4.35686897672619,3.54054604809691,0.587042889365906,-0.358156424682883,-1.25533100667351,0.234929454488317,-1.11196218802013,0.593280466921189,-1.01116279545223,-1.82151297313004,0.752289054816748,0.400442483058413,0.25158585168996,0.476638090870469,0.528207847926239,1.07109749798066,2.19258446122348,2.1515594435597,2.28302402457116,0.0944548354261735,0.433706945084265,-1.88580834611198,0.097353679231643,0.097353679231643,0.0507576619515139,-1.08952540169859,-0.791463751409227,-0.740480018173011,-1.1572681161719,-0.573214709241164,-0.0560553254253787,-0.978063003938041,0.00332448104859926,1710.0000000001,0.0208545196310422,0.0338482759987015,0.544947944208802,2.00537153444597,4784.89602872951,0.0312499339939208,1142,2,"SNETWORK (2 37 4784.89602872951 0.544947944208802 100000748 1142)",100
12,100000749,0.289903305191752,228,0,-0.0695595240108285,-0.467885001197052,-0.45962963966976,-0.447550990366083,-0.614518426970073,-0.702079785429334,0.0480881909933731,0.0883705389708612,-1.04603591607576,-1.68175279756359,0.0278424234153532,-1.04603591607576,-1.04603591607576,-5.62141796859183,0.523244600699884,0.660372658748894,1.7864935984378,0.304780291308039,0.184804928131415,-0.778443113772456,0.103496503496504,0.51023751023751,0.289903305191752,7,-0.659707301023611,0.22301542527395,0.222548455904466,1.05089392850554,0.288748163402657,0.978719749496654,0.0903207857010373,-1.35547190342006,0.126722202582238,671.0000000001,0.135947200062386,0.177506220189133,201.0000000001,0.0570433035079054,0.192990503470292,0.00870619003439872,1.24527947236903,1.45195833180426,0.554239266955901,0.487518144449137,-0.101203900426742,0.715794598726997,-0.100245819317173,0.497513375107813,0.274131072185324,0.323117937729275,-0.179610228929377,-0.181533006977,0.0796396906978526,-0.0239682186878392,0.223123099423871,0.103212322371745,-0.751834212897414,-0.690544926566661,-0.641104661755904,0.373272179855571,0.58497779765004,0.694401573133313,0.411109340017655,0.411109340017655,0.406190881593576,-13.8204851828755,0.892335823099044,0.864929316853305,1.00726860995274,0.748044866578873,0.490027820413721,1.29878454922202,0,671.0000000001,0.00613285173753485,0.00257333819686388,0.122799238580104,0.139693899829238,2666.86626854842,0.0312499302740435,228,2,"SNETWORK (2 12 2666.86626854842 0.122799238580104 100000749 228)",100
43,100000750,-0.143040850173401,74,0.12371145778112,0.869954874556633,0.545150200838989,0.54037036033024,0.554967563992924,-0.113651454671521,-0.105281517495147,-0.458917507730307,-0.28069134376467,-0.546326342076303,0.608803931722913,-0.68979027918562,-0.546326342076303,-0.546326342076303,0.267373044216706,0.600826258331991,0.406594778578643,-0.0483073691561416,0.738476083007044,-1.14579055441478,2.23053892215569,2.01958041958041,-0.227886977886978,-0.143040850173401,11,0.121082764809807,-0.60578547834875,-0.598033792837058,-0.24738260562287,-0.146278287624676,-0.887220422066093,-0.277971297724658,0.675566377114871,0.03477818156348,1.0000000001,0.034274832029931,0.0376645532505346,2.0000000001,0.0742388576035833,0.108513689533514,0.00566576875088759,-0.336398832047377,0.22076982267621,-0.927036955005919,-0.910396937603994,0.041321830746825,-0.955775897651751,0.0463621248813849,-0.785049701716992,0.0160498453824379,0.0110939520717873,-1.14317433557509,-0.867175546449378,0.00160403448143254,-0.443216507375594,-0.353148128111646,0.538992472803681,0.102215627178161,0.139017963839617,0.167198521564845,-1.02034477334393,0.0341589813133716,-0.187242111755596,-0.818182526296039,-0.818182526296039,0.641366533336467,1.06316675953723e-11,1.09278880665869,1.04887648078138,0.866670558116014,0.961338655748373,-1.45772486179969,-2.74466843948844,0,2.0000000001,0.00178957391714181,0.00387619473374578,0.294863829035204,1.0468370932603,3227.68263740803,0.0312500660060792,1544,2,"SNETWORK (2 43 3227.68263740803 0.294863829035204 100000750 1544)",100
41,100000751,-0.413644147721104,118,-0.886598059773572,-0.0928456434617663,0.315622755524543,0.310024668600395,0.31737100022456,0.930808431945332,0.964072310006082,0.238963641601516,-0.262000207124947,0.677052833565081,0.475967970708314,0.449188934657062,0.677052833565081,0.677052833565081,0.512132871345588,-0.679595555029186,-0.804940108582984,-0.131838576272765,-0.860476163659004,-0.720739219712526,0,-0.434965034965035,-0.700859950859951,-0.413644147721104,10,-0.676666833124325,2.09543603113971,2.13658902975019,1.49503139232465,-0.411395715403588,1.13689449606227,-0.259295366227703,-1.28350369401975,0.163931339889986,2806.0000000001,2.94174615419963,0.166747979698031,462.0000000001,0.492672243585578,3.43441839768521,0.111714481525493,1.54892382005102,1.07603655019286,1.37280953840624,0.803194378266612,-0.84619060866855,0.313199970759681,-0.602343720446508,-0.0470053640266122,-0.669934702167232,-0.474826840835695,0.324815051703108,0.0972241449523979,0.110859840112219,-0.00967563142005858,-0.658232714974314,-1.30374704394875e-15,0.102215627178161,0.139017963839622,0.16719852156484,-1.19156891396884,-0.644863177779173,-0.16597177837422,-0.921172155313135,-0.921172155313135,1.38050808370912,1.06316675953723e-11,-0.679655858387173,-0.60528529024609,-0.292168451544293,-0.659748668853722,0.326666183815461,0.0447631052656193,0.00806291231462627,2806.0000000001,0.0956888788860864,0.0160256025394063,0.344986461267855,0.233340630307794,2346.55424443936,0.0625,1324,2,"SNETWORK (2 41 2346.55424443936 0.344986461267855 100000751 1324)",100
35,100000752,1.11570370684591,239,1.95876350285277,1.6240746339498,1.11742223327512,1.09970853501445,1.1005013034785,0.65670403111633,0.610152916413204,-0.233134280176657,-0.461934743546811,-0.175381359813154,1.11830950257404,-0.561360378180785,-0.175381359813154,-0.175381359813154,-0.781819875247667,-0.607127081351487,-0.72899196618018,-1.06238473276713,-0.598763736372165,-1.3305954825462,1.62674650698603,0.565034965034965,-1.23832923832924,1.11570370684591,12,-0.593275644708669,-0.242405155299749,-0.240461275911444,0.806622082657073,1.11415116350577,0.718708108081548,-0.457819688669131,-0.271201956808986,0.0877615810894916,82.0000000001,0.0460230454462573,0.430398782253322,1147.0000000001,3.15712308345153,3.20314612879779,0.15684289150938,-0.354148761918747,-0.621046236427176,0.613066156866063,-0.0214943283028918,-1.00171607952652,0.671164081928496,-1.07651995175625,-0.193183116151878,-1.03222849072394,-0.465110584657247,0.155294358086155,0.222198123217829,0.0446867567158264,0.297783804923065,0.596004386864676,1.11697181886013,1.90113971348738,1.86013322719689,1.96210765973067,0.211816330700796,0.51208536878653,-0.686027858990996,0.224459359944914,0.224459359944914,0.648926298989244,-2.069536337009,0.0839983798656011,0.147534939435418,0.424339347516453,0.00354382020276635,0.634703010003806,-0.0678984338186316,0.0073213030306278,1147.0000000001,0.00225353050205879,0.154589360907321,0.862057872187297,1.70310433721226,5652.33834032952,0.0156249669969604,1012,2,"SNETWORK (2 35 5652.33834032952 0.862057872187297 100000752 1012)",100
41,100000753,-0.607641356782389,74,-0.886598059773572,-0.0928456434617663,0.315622755524543,0.310024668600395,0.31737100022456,0.993771136620982,1.16073950248294,0.733911610642923,-0.14563831902231,0.508404976830039,0.484306459965055,0.349921453504488,0.508404976830039,0.508404976830039,0.544562572466788,-0.468528275384695,-0.605527901347241,0.0552763466101362,-0.628635998152336,-0.720739219712526,0,-0.434965034965035,-0.700859950859951,-0.607641356782389,10,-0.221004437288091,0.546353285118309,0.547389669445283,0.278903936683042,-0.608945737321379,0.0275755050534873,-0.143199985523703,-0.716744080199129,0.118708685469512,1469.0000000001,1.11521815442569,0.0715886466791582,1081.0000000001,0.49490903840745,1.61012719273314,0.0686274223761328,-0.539380957056712,-0.362627522105723,0.373647068788563,-0.240105187511287,-0.964274843829946,-0.0801282014530412,-0.901359409160268,-0.109798746829138,-0.685022078519866,-0.594463122503546,-0.516559243670894,-0.710463429459595,-1.33614759481797,-0.298470299272147,-0.658232714974315,-1.30374704394875e-15,0.102215627178161,0.139017963839617,0.167198521564845,0.549779671822657,-1.10952133670998,-0.0372615210809843,0.631932234161189,0.631932234161189,1.99496280106633,1.06316675953723e-11,-0.388009364607222,-0.472560985369701,-1.36749725627246,-0.0805474177047878,-0.897048919378058,-0.80734725891835,0,1469.0000000001,0.0475332306398458,0.021094191636287,0.20012593710942,0.712770292535424,2100.30674848156,0.0625,1280,2,"SNETWORK (2 41 2100.30674848156 0.20012593710942 100000753 1280)",100
28,100000754,0.523592740248126,238,-0.268041164135857,-0.507523118116241,-0.715996162004961,-0.715344983900652,-0.711097017555422,0.701759996850949,0.796380688973545,1.96782514492446,-0.604943180486713,-1.39009895003589,-0.460052400699942,1.76127839801921,-1.39009895003589,-1.39009895003589,-0.35662154218211,-1.07538772861282,-1.08205639201863,0.378740285044042,-1.45292462859145,0.468172484599588,-2.26546906187625,-1.53286713286713,0.194922194922195,0.523592740248126,8,-0.537912619178477,0.924350869628817,0.93029813221991,0.910691847725115,0.529836453530936,2.22448092992017,-0.601323525641896,0.406522284450659,0.112679887024566,9167.0000000001,1.65146129435076,0.0375407309504726,2172.0000000001,0.130363889710018,1.78182518396078,0.0710807860450683,-0.363375658562268,-0.595388351596573,2.37353671413954,1.80804587550081,-0.917299349247259,1.16814962820084,-0.802166563470225,-0.333646209296557,-0.165900444202278,-0.0454799755821373,-0.617623083992119,-0.615075616452117,-0.0310895442886041,-0.0917398411497092,0.121428129376516,-0.277526342387344,-0.897784372821835,-0.860982036160383,-0.83280147843515,1.22469708741404,-1.69463394409859,0.716926718844125,1.66608357909291,1.66608357909291,2.55457175393862,1.06316675953723e-11,-1.36014087579223,-1.40624604486697,-0.842548045939366,-1.27208357896902,-0.411740946937994,-0.152675306340613,7.91042782726859e-13,9167.0000000001,0.0658802938786927,0.00520049206637558,0.51677034234877,0.532258863560855,2026.41039324898,0.125,779,2,"SNETWORK (2 28 2026.41039324898 0.51677034234877 100000754 779)",100
28,100000755,0.523592740248126,238,-0.268041164135857,-0.507523118116241,-0.715996162004961,-0.715344983900652,-0.711097017555422,0.701759996850949,0.796380688973545,1.96782514492446,-0.604943180486713,-1.39009895003589,-0.460052400699942,1.76127839801921,-1.39009895003589,-1.39009895003589,-0.35662154218211,-1.07538772861282,-1.08205639201863,0.378740285044042,-1.45292462859145,0.468172484599588,-2.26546906187625,-1.53286713286713,0.194922194922195,0.523592740248126,8,-0.537912619178477,0.924350869628817,0.93029813221991,0.910691847725115,0.529836453530936,2.22448092992017,-0.601323525641896,0.406522284450659,0.112679887024566,9167.0000000001,1.65146129435076,0.0375407309504726,2172.0000000001,0.130363889710018,1.78182518396078,0.0710807860450683,-0.363375658562268,-0.595388351596573,2.37353671413954,1.80804587550081,-0.917299349247259,1.16814962820084,-0.802166563470225,-0.333646209296557,-0.165900444202278,-0.0454799755821373,-0.617623083992119,-0.615075616452117,-0.0310895442886041,-0.0917398411497092,0.121428129376516,-0.277526342387344,-0.897784372821835,-0.860982036160383,-0.83280147843515,1.22469708741404,-1.69463394409859,0.716926718844125,1.66608357909291,1.66608357909291,2.55457175393862,1.06316675953723e-11,-1.36014087579223,-1.40624604486697,-0.842548045939366,-1.27208357896902,-0.411740946937994,-0.152675306340613,7.91042782726859e-13,9167.0000000001,0.0658802938786927,0.00520049206637558,0.51677034234877,0.532258863560855,2026.41039324898,0.125,779,2,"SNETWORK (2 28 2026.41039324898 0.51677034234877 100000755 779)",100
13,100000756,0.725032278895138,295,0,-0.0695595240108285,-0.110963835372034,-0.110383201657025,-0.109843962764069,-0.891669539550972,-1.07357592418886,-0.455350051237115,-0.257800257469916,-1.31243319988301,-1.72334806994042,-0.0637886754452438,-1.31243319988301,-1.31243319988301,-3.09609481989702,0.521491370292096,0.747761073669143,1.65183932214636,0.32722090984714,1.07186858316222,-1.64670658682635,0.299300699300701,1.38452088452089,0.725032278895138,7,-0.599173925532297,-0.0635905690757066,-0.0632270156822558,0.853677735188498,0.726549552684194,1.19196137213303,-0.255100255898714,-0.55987234154365,0.0561974882923615,3504.0000000001,0.314829947354111,0.0670604161386227,1570.0000000001,0.168329770178593,0.483159717432704,0.0229238375547013,-0.167489710055592,-0.171139197607506,0.327427580622378,1.45365654340497,1.7435885281097,0.925008603926511,1.81430129313595,0.247280593435309,1.61046722438312,1.18697883843361,-0.39246525952324,-0.371346418597945,0.111971623811413,-0.200746140579412,0.223123099423871,0.103212322371743,0.000480866141918987,0.0349290148369488,0.115671933158067,0.181911388271487,-0.0533689380244348,0.332854211715871,0.19140688559081,0.19140688559081,3.03387811766036,-20.1917697892165,0.978115507373544,1.12073995675651,1.10242053554087,0.819007730685427,-0.0934643948695306,-0.233527806136257,4.49537042798594e-13,3504.0000000001,0.0149373184018065,0.00798651905289481,0.165858753667246,0.84423686303154,3048.72756447636,0.0156249651370217,295,2,"SNETWORK (2 13 3048.72756447636 0.165858753667246 100000756 295)",100
12,100000757,0.393698409063905,246,0,-0.0695595240108285,-0.467885001197052,-0.45962963966976,-0.447550990366083,-0.664896386921636,-0.765711159230621,-0.0567792830993623,0.0651423076894003,-1.10277995054088,-1.75704479410082,-0.0613474901797617,-1.10277995054088,-1.10277995054088,-5.43179884125494,0.494825731111514,0.636372610050532,1.70294921456779,0.284246840474592,0.184804928131415,-0.778443113772456,0.103496503496504,0.51023751023751,0.393698409063905,7,0.476100881636618,-0.161126504450514,-0.160003642541422,-0.461488684333513,0.393483283521601,0.67375087894638,0.0670772808085012,-0.38136798244669,1.47123805700722,1593.0000000001,3.74708686107793,0.39248076723326,1148.0000000001,0.720369475858052,4.46745633683598,0.215636659001074,0.480803662896712,0.637688095321488,0.451088486782104,0.206611056157097,-0.370600520604643,0.61747021502449,-0.392882095969484,0.432631525955339,-0.369588982911227,-0.338408357658584,0.700772304774145,0.223293367474287,-0.7309585789575,0.568144411401433,0.223123099423871,0.103212322371746,-0.751834212897414,-0.690544926566656,-0.641104661755904,0.818229851747704,-1.88107064569996,-0.809994874632812,1.00470792665825,1.00470792665825,-0.973743910515524,-1.94677594948634,-0.66050920252612,-0.566284758442165,-0.451250038991317,-0.600347344095639,-0.242883233835669,-1.07503185866257,0,1593.0000000001,0.180865626971911,0.0347710319291621,0.514393177480338,0.616544578199696,2776.78411606081,0.0312499302740435,246,2,"SNETWORK (2 12 2776.78411606081 0.514393177480338 100000757 246)",100
17,100000758,-0.0693124531572201,203,0.152577399052067,0.406018494492994,0,0,0,-0.375397641571928,-0.400251194905531,-0.0586273214019953,0.874748369646973,0.25419613110511,-0.272040826052464,0.0062847594238491,0.25419613110511,0.25419613110511,0.424201676149956,0.106273147734207,0.155108390283964,-0.110025598540267,0.126285978901195,-0.443531827515401,0.0161216029479497,0.044324905863371,-0.265923265923267,-0.0693124531572201,9,-0.556647538526503,-1.94886614413735,-1.88722885339077,0.431009506750796,-0.0669599542992635,0.435709714702575,0.87535531016221,-0.53861023684295,0.137136233024893,497.0000000001,0.108969555438569,0.208588530121579,3005.0000000001,1.00214710100154,1.11111665634011,0.0736932447839355,0.360268959997663,0.647529867219016,0.139344580038726,0.701928010270742,0.849420618416166,0.933756651193211,1.23311498849945,1.04944966855937,-0.197476828763041,-0.395361683980374,1.15368083293022,0.880758347100959,0.173162982383839,2.64985974695368,0.121428129376515,-0.277526342387342,0.0515452914391266,0.0701039719581901,0.0843148622199303,0.807479710980644,1.37658474330225,-0.633045604157281,0.98886418337223,0.98886418337223,-0.1367106639845,1.06316675953723e-11,-1.0886838141605,-0.990200778801837,-0.980377903573406,-0.941475383517219,0.876876195637961,-0.0825567088104958,0,3005.0000000001,0.00722725202575801,0.0664659926581775,0.706866101096455,1.28315051179379,2304.00814641746,0.125,622,2,"SNETWORK (2 17 2304.00814641746 0.706866101096455 100000758 622)",100
37,100000759,0.257653011858147,67,1.29896932353205,1.22104076566898,1.45807027539656,1.42805593959054,1.43873085382348,0.111670382245468,0.037967227022161,-0.498384473547203,0.655664602724525,-0.364131432264151,0.621255482021833,-1.07633699036312,-0.364131432264151,-0.364131432264151,-0.524675734074092,-0.559211723517483,-0.60609095431559,-0.477232847129334,-0.645477636040814,0.665297741273101,-1.69993346640053,-0.507226107226108,0.644007644007643,0.257653011858147,12,-0.972483259163436,-0.195850592003485,-0.194398020756354,1.9203623518601,0.258127786515722,0.29238761389523,0.656840125883469,-0.746197099426906,0.192706427929606,1015.0000000001,1.25089053159979,0.087419769409566,355.0000000001,0.19847009212336,1.44936062362315,0.070387904824739,0.236660157831357,0.921225148555492,0.495562959780551,0.749406425732176,0.378122395554812,0.335617793356991,0.402304077648477,0.667412431004858,0.686602420877963,1.3259178968217,0.135860005031845,0.471034399938662,0.152524913510396,0.510754609218719,0.528207847926239,1.07109749798066,2.19258446122348,2.1515594435597,2.28302402457116,-0.369662930722906,0.158564749861048,0.264938741829134,-0.342260789898623,-0.342260789898623,0.901945685055702,-0.326956564363289,-0.736053502377141,-0.679539892521791,-0.235857730245463,-0.735120970611136,0.0267481642821181,0.0768468884679842,0,1015.0000000001,0.0607492449589645,0.00963865976577451,0.389690180603661,0.135846632125322,4627.29125176183,0.0312499339939208,1115,2,"SNETWORK (2 37 4627.29125176183 0.389690180603661 100000759 1115)",100
13,100000760,0.759663822328722,300,0,-0.0695595240108285,-0.110963835372034,-0.110383201657025,-0.109843962764069,-0.939011429174237,-1.14922899259062,-0.490251862301495,-0.30650636909212,-1.38138782111656,-1.73054884454542,-0.161222860720848,-1.38138782111656,-1.38138782111656,-3.08028578257212,0.580720988678377,0.817678444096572,1.73396204615472,0.386857518853736,1.07186858316222,-1.64670658682635,0.299300699300701,1.38452088452089,0.759663822328722,7,-0.630242210054085,-0.310215863636299,-0.307454796907939,0.875498493105844,0.759458096456043,0.835990264933425,-0.282621808240331,-0.516512107814698,0.0358766415595011,3324.0000000001,0.190663618119046,0.0303220809650367,1000.0000000001,0.048479042869419,0.239142660888465,0.011850659628462,-0.0319446619587275,-0.201260621625229,0.416880496732501,1.01351035096554,0.9198029987018,0.769938446187451,0.99922291426284,0.139722365119592,0.975918007725611,0.883711243788577,1.09084937694069,0.956336688594131,0.000284569970507416,1.20219509381621,0.223123099423871,0.103212322371743,0.000480866141914464,0.0349290148369443,0.115671933158067,-0.685150649254065,0.0322124621212729,0.335404971766735,-0.591076111197835,-0.591076111197835,-0.144879759701373,-0.827757162519934,-0.424653594935188,-0.389970634106441,-0.183779107096409,-0.406644013008572,0.0237372567032336,-0.205682497116045,0,3324.0000000001,0.00944829171908852,0.00240236780937349,0.200176234707232,1.7079587034694,3076.79188588979,0.0156249651370217,300,2,"SNETWORK (2 13 3076.79188588979 0.200176234707232 100000760 300)",100
41,100000761,-0.741007321526619,41,-0.886598059773572,-0.0928456434617663,-0.0369605603324269,-0.0422694509956289,-0.0386919408759992,0.955763908856717,1.12998496337957,0.886452556082231,-0.0849371028057871,0.335477296786841,0.435343553292555,0.357162485929726,0.335477296786841,0.335477296786841,0.551387482566852,-0.308475448979929,-0.456438350519463,0.087185876757448,-0.432695847332745,-0.720739219712526,0,-0.434965034965035,-0.700859950859951,-0.741007321526619,10,0.171424007616833,2.8585896009638,2.93743444758167,0.087027554912373,-0.741484255672337,-0.652180957944734,-0.0825231884648037,-0.145877225928865,0.0745507872828402,561.0000000001,0.267467263434399,0.103372178066487,1360.0000000001,0.899079539245785,1.16654680258018,0.0332440449832372,-0.486109464376399,-0.419493180995952,-0.646871005257111,-0.561591929063037,0.14565106820166,-1.24176493117849,0.0929891251134388,-0.765810385257868,0.285941424089589,0.271732973635774,-0.183936116430396,-0.150503301306193,-1.09667418216694,-0.0795179909348984,-0.658232714974315,0,-1.4058558810172,-1.37829262321507,-1.40813399619979,0.0438294138862595,-0.147640454937145,-0.188722169139302,0.0446402500461399,0.0446402500461399,0.927445309887401,1.06316675953723e-11,0.0653204753066276,-0.0357498841708897,-0.667602205266537,0.246878142232953,0.146911445170605,0.837219381227101,0,1360.0000000001,0.00762223486291405,0.0256218100203231,0.0882880097743027,0.611407467164099,1910.1941576334,0.0625,1247,2,"SNETWORK (2 41 1910.1941576334 0.0882880097743027 100000761 1247)",100
37,100000762,0.443413267601895,106,1.29896932353205,1.22104076566898,1.45807027539656,1.42805593959054,1.43873085382348,0.153540865375322,0.0781681664988733,-0.494660257174352,0.585571706429869,-0.434514931591424,0.659358367936545,-1.02892389608883,-0.434514931591424,-0.434514931591424,-0.554134570845199,-0.619856122642549,-0.670535448039232,-0.526374467151397,-0.712937740902415,0.665297741273101,-1.69993346640053,-0.507226107226108,0.644007644007643,0.443413267601895,12,-0.368448017687196,-0.424001123986242,-0.419595871014623,0.355898718702619,0.439091927816893,-0.45353831464871,0.58629230358605,-0.182901742320449,4.93385574236785,36.0000000001,1.13591545893523,0.0976177862663599,238.0000000001,0.148580896175408,1.28449635501064,0.0649450526425406,-0.137070425717212,-0.35530835318123,-0.117872767516986,-0.54302010645361,-0.656159310624887,-0.357519444072468,-0.728513997193304,0.271308638316709,-0.270088884977842,-0.48316558315025,1.07334961630217,0.714968858169609,-0.736651070141699,1.3450928314797,0.528207847926238,1.07109749798066,2.19258446122347,2.15155944355969,2.28302402457116,0.292854591780547,1.01583227665793,-0.942544463459131,0.316383339694082,0.316383339694082,0.0114406188704986,-0.283701968437327,-0.813942224019349,-0.774696586667162,-0.829348917922779,-0.677052726397422,-0.157539556821269,-1.02119750450094,0,238.0000000001,0.0574326963840006,0.00751235615854001,0.623341633421301,1.31002120452467,4864.474786127,0.0312499339939208,1154,2,"SNETWORK (2 37 4864.474786127 0.623341633421301 100000762 1154)",100
17,100000763,0.443214810131064,265,0.152577399052067,0.406018494492994,0,0,0,-0.530335163538908,-0.618201499449617,-0.176793044446613,0.64907742466586,-0.214765192896671,-0.390082764119027,0.168793562511141,-0.214765192896671,-0.214765192896671,0.366611337645464,0.249786571132324,0.317351805190217,0.0174440921862374,0.28387677167798,-0.443531827515401,0.0161216029479497,0.044324905863371,-0.265923265923267,0.443214810131064,9,-0.68213164785568,-0.559574657296707,-0.552758365665746,0.947490785876437,0.454008701842499,1.61129828156518,0.650010631030848,-0.0425046434936128,0.239544917276513,1351.0000000001,0.517414843869236,0.157354404108696,1203.0000000001,0.302650297005517,0.820065140774753,0.0424689540835603,-0.717214539756897,0.857712967206902,1.3494233051401,1.74852730623992,0.597223254170328,1.30105955312044,0.677540174733645,1.11040639634288,1.01698536956409,1.92744105547003,-0.109483711870993,0.064435555431073,0.25589808649925,0.536796378460958,0.314352162041392,0.0417794190008067,0.0447488908488996,0.0608605539254091,0.0731976958724915,1.14974446874793,-0.943290872454661,1.2811131298704,1.53449695241253,1.53449695241253,0.606031963157942,1.06316675953723e-11,-0.102867552383634,-0.0725190913673821,0.310393920561185,-0.173592578237526,0.163372497022958,-1.14620095331828,0,1351.0000000001,0.026795514283617,0.0156734396999433,0.923619522407374,1.20531872711377,2664.92992922829,0.125,684,2,"SNETWORK (2 17 2664.92992922829 0.923619522407374 100000763 684)",100
3,100000764,0.241578839722307,217,0,-0.0695595240108285,-0.467885001197052,-0.45962963966976,-0.447550990366083,-0.463804079952894,-0.544105677925543,0.375696755677039,0.419114306513172,-0.931832337287243,-1.32482206794614,-0.411258964080016,-0.931832337287243,-0.931832337287243,-5.12957699733403,0.31668117632377,0.421588439046417,1.45662615441745,0.104750198118181,0.0739219712525668,-0.0898203592814364,1.0005994005994,0.837837837837838,0.241578839722307,7,-0.481221234465227,-1.12717574899915,-1.10476202474529,0.431773498552411,0.238335685493629,-0.0804188058995315,0.420280840168106,-0.927776433682347,0.093783732320939,1769.0000000001,0.26524693816527,0.0765229697092187,3289.0000000001,0.402393283574501,0.667640221639771,0.0382372106725201,0.312659413792708,0.327868854438328,-0.28062481390565,0.316683034192165,0.914027342926175,0.235691264341484,1.14673554862793,0.491374972546106,0.5099819046192,0.816925567433579,-0.566723025474108,-0.39143452872837,-1.25334074977874,-0.210430212503763,0.223123099423871,0.103212322371746,-0.751834212897409,-0.690544926566656,-0.641104661755904,0.394724205500809,0.201658587733703,-0.432781329251923,0.436985361729501,0.436985361729501,-1.87165957137835,-14.1125549048547,0.841046772588911,0.78741999656953,0.599201436838149,0.790452028813,0.603836764359047,0.282312531636623,0,3289.0000000001,0.0151912702340294,0.0230459403384907,0.981389314471025,0.241793198511004,2605.56256768533,0.0624998605480869,218,2,"SNETWORK (2 3 2605.56256768533 0.981389314471025 100000764 218)",100
29,100000765,-0.657554871253331,118,-0.790377993358492,-0.853832397374456,-0.715996162004961,-0.715344983900652,-0.711097017555422,0.635948877738782,0.593506358944122,1.84324398595261,-0.0838682171304426,0.971996238965786,-0.129835670921205,3.02962495177157,0.971996238965786,0.971996238965786,0.0654856035184119,-0.687508171927534,-0.80954010934476,0.39342195346918,-0.966606940319228,1.05602816075095,-3.18648417450813,-1.88851148851148,0.604422604422604,-0.657554871253331,8,0.0203032052045857,-0.194460537730421,-0.193021767404888,-0.111689383736918,-0.658575803823616,-0.460872687761495,-0.0815777052957613,-0.475294959242087,3.42445744469009,5245.0000000001,28.7165347347838,0.033549056902705,299.0000000001,0.0160378545913755,28.7325725892752,1.39504951317709,0.201359607076292,0.478438682411393,0.399838594131124,-0.892387536111242,-1.96329008313018,-0.418883593384072,-2.09154504729821,-0.231017762594608,-1.96520473804021,-1.86252514652589,-0.36093867631297,-0.597787366479441,0.152325348444137,-0.323133452813361,-0.471792152073762,-0.75229266612818,-0.897784372821835,-0.860982036160378,-0.83280147843515,-0.430869861212802,-0.546933628305135,0.673429866129629,-0.393442409001544,-0.393442409001544,3.26805117881556,1.06316675953723e-11,1.03903783709409,0.884987592443415,-1.23261371849579,1.44982981338331,-0.923509708186582,-0.553484267119084,0,5245.0000000001,1.3942708288493,0.000778684227789048,0.722061831774581,1.06535737478493,1358.30818498625,0.25,913,2,"SNETWORK (2 29 1358.30818498625 0.722061831774581 100000765 913)",100
17,100000766,-0.123889933710129,193,0.152577399052067,0.406018494492994,0,0,0,-0.348781783426016,-0.368431808545565,-0.0321358201960525,0.905489037874384,0.334589082092884,-0.230670992679725,-0.026698936642814,0.334589082092884,0.334589082092884,0.432288505636221,0.0802234824335392,0.126700979152346,-0.147428358596061,0.100289743346804,-0.443531827515401,0.0161216029479497,0.044324905863371,-0.265923265923267,-0.123889933710129,9,-0.387088478252059,-0.028450359547544,-0.0283004731230214,0.449737865886759,-0.120998177989428,0.15403539795902,0.905162911123074,0.0683963765611699,0.123210954624643,1685.0000000001,0.33192946199681,0.104753526469808,4099.0000000001,0.686504114861208,1.01843357675802,0.0480220847521333,-0.0574607842743565,-0.0638822071643543,-0.299108729830328,1.21227362079681,2.33845072910308,0.174984710759911,2.41843596601018,0.700627986566106,2.19505948234191,4.88701930199208,1.02366342714487,1.0797446595945,-0.672638105880255,3.76262207079332,0.121428129376515,-0.277526342387342,0.0591459885332306,0.080441270304391,0.0967476511395928,0.827008837728849,1.1189767250883,-0.340345465791756,1.01770570413615,1.01770570413615,-0.228188211011826,1.06316675953723e-11,-1.20983478039657,-1.12974527840361,-1.16967859647709,-1.0284338609044,0.764645491459938,0.21863309828392,0,4099.0000000001,0.0156514328308504,0.032370651821283,0.67317117100098,0.628890064544976,2247.90183829926,0.125,612,2,"SNETWORK (2 17 2247.90183829926 0.67317117100098 100000766 612)",100
28,100000767,0.0760596854397403,212,-0.790377993358492,-0.853832397374456,-0.715996162004961,-0.715344983900652,-0.711097017555422,0.792680865169958,0.797377687809331,2.06752486058659,-0.478819206378844,-0.0745747246951335,0.0837959253520533,2.61405280991332,-0.0745747246951335,-0.0745747246951335,-0.128769922744264,-0.913895960738272,-0.97565591907126,0.780727200476727,-1.32291979899169,0.468172484599588,-2.26546906187625,-1.53286713286713,0.194922194922195,0.0760596854397403,8,-0.720576668637172,-0.280906526970378,-0.278513492717809,1.09981257164089,0.0838109922750001,1.56949883728084,-0.475437040924191,-0.438207526455571,0.1707997072234,8478.0000000001,2.31512955664276,0.0245284917732112,812.0000000001,0.0318435618219942,2.34697311836475,0.115703579993518,2.71458841601803,1.85964654782562,1.71123574166143,1.896651950222,0.242945599577257,1.19821011085303,0.262120199442102,0.0107702480427809,1.31863627733126,0.58477499944697,2.00897440104034,1.24624160683028,-0.0666503912841968,3.29174884435429,-0.0420923604291803,-0.308370622549688,-0.448478128758414,-0.430093980987293,-0.416015527549147,0.057902702201968,0.482567217162525,0.312557135185264,0.0591690790702563,0.0591690790702563,0.0999805350369562,-0.634090646858552,-0.892228075327021,-0.817494030186453,-0.097160182979632,-0.939676414243437,0.325547292919268,0.221150397639795,0,8478.0000000001,0.114133722080013,0.00156985781350535,0.328789216851706,1.11551307234913,1877.17550102814,0.125,753,2,"SNETWORK (2 28 1877.17550102814 0.328789216851706 100000767 753)",100
28,100000768,-0.350733205441755,170,-0.790377993358492,-0.853832397374456,-0.715996162004961,-0.715344983900652,-0.711097017555422,0.78141696896377,0.789418561789794,2.04975812523884,-0.421923344115421,0.481534549664755,0.10999946639112,2.82095958431839,0.481534549664755,0.481534549664755,0.00431833776212439,-0.845804819102055,-0.91510386539909,0.727242389134853,-1.22728559577461,0.468172484599588,-2.26546906187625,-1.53286713286713,0.194922194922195,-0.350733205441755,8,-0.193745922428526,-3.10960020920542,-2.95590964996135,-0.209771087950856,-0.347705328192541,0.767333673145189,-0.818009569435711,1.28749477552985,0.0992403953224812,1138.0000000001,0.180561649316714,0.088891756384487,1716.0000000001,0.243878511800641,0.424440161017355,0.0347158267002743,-1.97806095196169,-0.932017154681994,0.104929883049035,0.232472470094205,0.210091377037698,1.5349439737068,0.372359436257852,-4.04005383520327,1.80826198923728,2.86574101580952,-0.903826647209913,-1.00920930942948,-0.0437278967847369,-0.396200084967743,-0.471792152073762,-0.752292666128179,-0.897784372821835,-0.860982036160383,-0.83280147843515,0.0423724855411131,-0.237217652857107,0.840047171203074,0.0431416115242973,0.0431416115242973,1.68926109528828,1.06316675953723e-11,0.959829482065636,1.11135827808585,0.695481349970228,0.897288644709165,0.531264435464224,0.944153734955541,0,1716.0000000001,0.0147685056270807,0.0199473209731936,0.0336210032281302,3.31147696714384,1642.84667450018,0.125,711,2,"SNETWORK (2 28 1642.84667450018 0.0336210032281302 100000768 711)",100
37,100000769,0.237906326058139,63,1.29896932353205,1.22104076566898,1.45807027539656,1.42805593959054,1.43873085382348,0.10768037196905,0.0354093548978378,-0.496690881714575,0.664672270127216,-0.361354137517658,0.61203111467991,-1.06146523335949,-0.361354137517658,-0.361354137517658,-0.518546599827011,-0.55444181529839,-0.601121444541975,-0.464933352358715,-0.641716075712053,0.665297741273101,-1.69993346640053,-0.507226107226108,0.644007644007643,0.237906326058139,12,-0.874354695286923,-0.197939470758076,-0.196466065849204,1.56609562431147,0.234609348973733,-0.0500111331053037,0.66797782713793,-1.04103409095765,0.15004216731922,189.0000000001,0.18135611125402,0.106597492299734,1207.0000000001,0.822832277760638,1.00418838891466,0.0487861755170927,0.542683514945766,0.236381807804097,0.503572538082038,-0.358646770216412,-1.30943664753645,0.0299097032168276,-1.39600954407034,0.519539965759704,-1.28184879144928,-2.43029082540848,0.462986536180881,0.413950899651213,0.257483627511268,0.798845901713141,0.528207847926238,1.07109749798066,2.19258446122347,2.15155944355969,2.28302402457116,0.603588760998541,0.467976585518337,-2.20773520173487,0.702953893541412,0.702953893541412,0.0697403770193663,-0.382704198271955,-0.371281307829684,-0.2372831240877,-0.67777431686471,-0.228849123728303,-0.92810638612159,-1.14444219902871,0.00547344493579643,1207.0000000001,0.00881076812904155,0.0399754072880511,0.367042517935864,1.46878486212306,4604.30122703962,0.0312499339939208,1111,2,"SNETWORK (2 37 4604.30122703962 0.367042517935864 100000769 1111)",100
37,100000770,0.0383540187741745,25,1.29896932353205,1.22104076566898,1.50580654500643,1.48232234240258,1.49987706507974,0.089797530727637,0.0205035507148716,-0.474703471753207,0.721944585761445,-0.274172835117167,0.618611574451303,-1.11968250565158,-0.274172835117167,-0.274172835117167,-0.496547093834978,-0.51085623379731,-0.546672385978366,-0.412753322434773,-0.596318549659531,0.170020533880904,-0.850299401197607,-0.17062937062937,0.240786240786241,0.0383540187741745,12,0.140667439751813,-0.491859874707504,-0.486309684637406,-0.253227624545465,0.0347868937579907,0.34836180428544,0.722120687081262,-0.785383612261169,0.0801912532323199,560.0000000001,0.287191835443821,0.0728967313281415,59.0000000001,0.0275053470860986,0.314697182429919,0.0161033069324704,1.61687224689606,1.06230359640707,-0.0329090991884285,-0.843247040334857,-1.17836326984222,0.459677811411796,-1.32353866566332,0.759023084238343,-1.01795435425017,-2.01609882572963,-0.149197002070658,0.0291532014286352,0.26316064251539,0.138747823053268,0.528207847926239,1.07109749798066,2.19258446122347,2.15155944355969,2.28302402457116,0.331324994782109,0.760003016855386,-1.908250379824,0.361254739070826,0.361254739070826,-0.405518377850078,1.06316675953723e-11,0.0948008067060841,0.156127806003788,0.0493793200052642,0.105958154229971,0.128829705880998,-0.205353099868527,0.0134326984217698,560.0000000001,0.014695836200635,0.0014074706318354,0.13993290977596,0.2104944154853,4373.75842962892,0.0312499339939208,1073,2,"SNETWORK (2 37 4373.75842962892 0.13993290977596 100000770 1073)",100
37,100000771,0.0390468919061791,26,1.29896932353205,1.22104076566898,1.50580654500643,1.48232234240258,1.49987706507974,0.089797530727637,0.0205035507148716,-0.474703471753207,0.721554525642295,-0.274796222501482,0.618405361721996,-1.11764664511238,-0.274796222501482,-0.274796222501482,-0.496894664089297,-0.511470931312117,-0.547400183534439,-0.413542178569,-0.596949094711079,0.170020533880904,-0.850299401197607,-0.17062937062937,0.240786240786241,0.0390468919061791,12,0.146924914570196,0.24682959542324,0.246386173306736,-0.227853266541256,0.0390286191076356,-0.0315963533986975,0.722036242013532,-0.278078536935606,0.112879344041472,665.0000000001,0.480057416870144,5.36056201211346,27.0000000001,0.925616633759231,1.40567405052937,0.063147906901973,4.22652900445033,1.63018215048964,-0.211968153932282,0.351189349880266,0.779568714040965,-0.0619508649063375,0.768152820453602,0.497776035059413,1.1687579691561,2.3180557445267,1.46828793272689,0.55412710108806,0.263123790634264,0.925611022173205,0.528207847926239,1.07109749798066,2.19258446122347,2.15155944355969,2.28302402457116,0.370615942680073,0.992016905088395,-1.01841233525164,0.407923320336327,0.407923320336327,0.0230681711169132,-0.220509198015339,-0.492089184753677,-0.419447930676461,-0.492733257329659,-0.405865158685588,0.180756319186036,-0.500260244665973,0.000622923294232841,665.0000000001,0.021565896449847,0.041582010352126,0.144764924459216,1.23592416283698,4378.66348931016,0.0312499339939208,1074,2,"SNETWORK (2 37 4378.66348931016 0.144764924459216 100000771 1074)",100
43,100000772,0.517342346260113,187,-0.0343645341584618,0.726058121384469,0.965149594579297,0.947078472655203,0.966783102940535,0.48105087326547,0.380410298491814,-0.0890139913619218,-0.616543689379101,0.142209358625269,1.18044154865895,-1.65777331755121,0.142209358625269,0.142209358625269,-0.227862017272027,0.642550511033146,0.53149725889081,-0.916363600853134,0.949988325600038,0.147843942505134,-0.958083832335329,-0.581818181818182,-0.163390663390663,0.517342346260113,11,-0.623128387900681,0.107393174594389,0.107012373323735,0.640139771782277,0.518044054584639,0.87690676158641,-0.612868372758624,-0.272343107468022,0.0345934295164181,8.0000000001,0.272742030702774,0.0418834718944264,10.0000000001,0.412772864001299,0.685514894604073,0.0315602093097174,1.25476942549325,-0.723548691636885,0.434528288249327,1.02056021137771,0.88920887349382,0.682286151180059,0.897812395306841,-0.594813050688454,-0.118950020231558,-0.0303688847444557,1.84864335566644,1.04728262210677,-0.0392870488164375,2.20041414741059,0.266951806400357,0.702238864067427,2.19258446122347,2.15155944355969,2.28302402457116,-0.100162247450479,0.74351219584273,-0.214098773604086,-0.0986503301920792,-0.0986503301920792,0.0067398066556807,-0.0661364440877663,-0.465246719976515,-0.40346747786647,-0.482058467151704,-0.379045166922204,-0.103825915594905,-0.769528516965798,6.23735118574025e-05,10.0000000001,0.0125566863902117,0.0190035228195057,0.735228540905167,1.35135113518285,3870.02892963725,0.0312500660060792,1656,2,"SNETWORK (2 43 3870.02892963725 0.735228540905167 100000772 1656)",100
3,100000773,-0.241380382251472,119,-0.226804037760009,-0.273941878615531,-0.467885001197052,-0.45962963966976,-0.447550990366083,-0.376669560009006,-0.439774791869292,0.551438570028738,0.759175672948197,-0.0391919543756732,-1.23889767897668,-0.136953063004747,-0.0391919543756732,-0.0391919543756732,-4.38063982172834,0.162142460120616,0.230425795698454,1.12547032317437,-0.0294559300400871,0.0739219712525668,-0.0898203592814364,1.0005994005994,0.837837837837838,-0.241380382251472,7,0.410351807746447,2.15671845163709,2.20049116957675,-0.229666431594622,-0.241513527585185,0.170399927750471,0.759214691029069,0.290317048624645,0.472996260051648,53.0000000001,0.0400800829596102,0.302154026637061,12209.0000000001,5.89798296961278,5.93806305247239,0.191108381614819,0.0746975125608446,1.72859830860548,0.372939261070894,0.859318853319733,0.720078612752197,-0.337807695155831,0.509850988891688,0.366475546007161,1.06859941783357,2.18184830812784,0.869822513847956,1.05587148949943,0.163688540187215,2.46777556136387,-0.183656619125852,-0.461007527196319,-0.751907167950865,-0.690630121734971,-0.641200483860617,0.101176023070462,0.407425412093111,0.502833231840217,0.104446297071466,0.104446297071466,-0.0918709157915654,-2.68111898770046,-0.390137919933538,-0.344563613331869,0.440413828797745,-0.519633419236357,0.295601982165054,0.12546057130102,0,12209.0000000001,0.0012899222690503,0.189818459245769,0.595339566875954,0.0603525537784552,2048.91715850776,0.0624998605480869,120,2,"SNETWORK (2 3 2048.91715850776 0.595339566875954 100000773 120)",100
17,100000774,-0.232050622840576,176,0.152577399052067,0.406018494492994,0,0,0,-0.293207950148978,-0.301742101253243,0.0317969974383979,0.957633121244443,0.451887658625045,-0.173171099084751,-0.0412557574878663,0.451887658625045,0.451887658625045,0.444929962967706,0.0310601069755999,0.070322805806222,-0.230636750104845,0.0535427830218466,-0.443531827515401,0.0161216029479497,0.044324905863371,-0.265923265923267,-0.232050622840576,9,-0.500602411081417,-0.17108651404014,-0.169872283273129,0.630365495491698,-0.22828029309568,0.402581478196512,0.958069254003224,0.0233736225560004,0.15567967203987,2228.0000000001,0.554553778709613,0.133699366112231,2762.0000000001,0.590404415457672,1.14495819406729,0.0553623614190257,-0.280529986326205,0.636092638186636,0.313503612909635,0.560131660380894,0.375628038602193,0.4179362502516,0.397928938734799,0.842236405948071,0.586939268003563,1.36566881294923,0.969544875632888,1.22134093286811,0.180452479513463,4.10465943971932,0.121428129376516,-0.277526342387342,0.0674204826924641,0.0916949637128837,0.110282599056215,0.609314745624902,0.763616390455816,0.0124745779094623,0.710617160135867,0.710617160135867,-0.197812398594907,-0.016448254682852,-1.2137436398835,-1.17512510279757,-1.1112011302499,-1.04684202477517,0.839123848670521,0.197712561170701,0,2762.0000000001,0.0268144346439723,0.0285479266750533,0.613375326122977,0.831629288468974,2148.33421529463,0.125,595,2,"SNETWORK (2 17 2148.33421529463 0.613375326122977 100000774 595)",100
37,100000775,-0.0537324982204328,5,1.29896932353205,1.22104076566898,1.50580654500643,1.48232234240258,1.49987706507974,0.0745767503179414,0.00592348056741016,-0.469505648305739,0.729062427005465,-0.272259240822345,0.613224687520274,-1.11036485904014,-0.272259240822345,-0.272259240822345,-0.495039097853406,-0.494698408002582,-0.525976135477906,-0.375737234025285,-0.582725444952551,0.170020533880904,-0.850299401197607,-0.17062937062937,0.240786240786241,-0.0537324982204328,12,3.07995535947328,-1.76650796303416,-1.71534920727409,-0.831029455680948,-0.0566630148309465,-0.261964194703515,0.729229152246917,0.135245009807048,2.29452063088466,23.0000000001,0.337502399616811,0.831784618652774,1e-10,1e-10,0.337502399616811,0.0216648135010232,0.869070035397138,0.825895966968143,-0.0053244540020102,-0.252065681871054,-0.363696403300778,0.202869367029918,-0.514558574832034,0.636504120431121,-0.4423677688775,-0.880055462074512,-1.46624849321284,-0.917767410335738,0.159498748392649,-0.40519203554015,0.528207847926239,1.07109749798066,2.70840082864406,2.67872578178211,2.82264244254143,-0.234334054631178,-0.00715385344066713,0.725253240064847,-0.22376574920953,-0.22376574920953,-4.04756621095899,1.06316675953723e-11,0.837079483558015,1.22210422701441,1.13025031025092,0.657816054774646,-0.715684830522181,0.937358600111986,0,23.0000000001,0.0216648134010232,0,0.0234144750288154,0.369678941613529,4255.47859939994,0.0312499339939208,1053,2,"SNETWORK (2 37 4255.47859939994 0.0234144750288154 100000775 1053)",100
43,100000776,0.000844386946110637,103,0.12371145778112,0.869954874556633,0.965149594579297,0.947078472655203,0.966783102940535,-0.0721014075590637,-0.0667197277774778,-0.468995686056725,-0.320536438494096,-0.471317321695261,0.691986769939154,-0.796578231391434,-0.471317321695261,-0.471317321695261,0.253437566210237,0.511759214982057,0.31805469511119,-0.250527025140236,0.663207200112496,-1.14579055441478,2.23053892215569,2.01958041958041,-0.227886977886978,0.000844386946110637,11,0.623261715232797,-0.144546380431134,-0.143569915124505,-0.530745278321968,-0.00202706402147928,-0.295048525196147,-0.31742976356889,-0.104457508385292,1.14830815802084,1.0000000001,1.13168853182598,0.116779401998384,5.0000000001,0.575446185684493,1.70713471741047,0.0821600261606574,0.11225071872986,-0.248659383981151,-0.15687025263037,-0.742366522749963,-0.898201446163811,-0.236950292524229,-0.948723744638121,-0.409808070273836,-0.804108995355812,-0.517287848562858,1.01221497417328,0.591636692098999,0.155296634719812,0.40426358006803,-0.353148128111645,0.538992472803682,2.19258446122348,2.15155944355969,2.28302402457116,-0.253500759501116,0.625353274711932,-0.378538151542122,-0.241007089888405,-0.241007089888405,-0.108106262235925,-0.0336824795203344,0.119996516430165,0.0132440348246693,-0.318528711783231,0.222432345536949,-0.547501046280142,-0.663922462739885,0.00113554427573057,5.0000000001,0.0544652734879878,0.0276947525726696,0.404081669128098,0.90802876095073,3386.99529970344,0.0312500660060792,1572,2,"SNETWORK (2 43 3386.99529970344 0.404081669128098 100000776 1572)",100
3,100000777,-0.211611063908564,127,-0.226804037760009,-0.273941878615531,-0.467885001197052,-0.45962963966976,-0.447550990366083,-0.381371822674489,-0.446621932969033,0.553302190705057,0.747177544632024,-0.0515257533805101,-1.24274014911598,-0.162714228078814,-0.0515257533805101,-0.0515257533805101,-4.37557234394132,0.154295861409914,0.223481234228223,1.10990665844581,-0.036499384756928,0.0739219712525668,-0.0898203592814364,1.0005994005994,0.837837837837838,-0.211611063908564,7,0.210875314367461,0.683493029220498,0.685925489846461,-0.200634118406512,-0.212507461059737,-0.176889627322137,0.747457223295378,-0.598336588711253,0.0891839518794667,1458.0000000001,0.207892714894869,0.0864728508487423,3076.0000000001,0.425266469943839,0.633159184738707,0.0263457684127533,-0.155899324471204,-1.15514870770577,-0.0480517311376259,-0.628329577153395,-0.913770343990816,-0.30611816533304,-0.83372337541327,0.378581304495164,-1.1908142802989,-2.39070786250298,0.594003620614589,0.536374899644393,0.161412569250569,0.964110975750431,-0.183656619125852,-0.461007527196321,-0.819458266673913,-0.769514680835134,-0.729924816845926,0.387639816995481,-0.863140277384924,0.913875820663202,0.428411281164348,0.428411281164348,0.100110154779244,-2.7970475816582,0.0332197207589294,-0.045083860947639,0.727720068033999,-0.125361446059597,-0.568605533278373,-0.71791936937722,0,3076.0000000001,0.00865042066951971,0.0176953476432336,0.624788982925937,1.83444412708162,2091.38029272635,0.0624998605480869,128,2,"SNETWORK (2 3 2091.38029272635 0.624788982925937 100000777 128)",100
29,100000778,-0.909104157670909,66,-0.790377993358492,-0.853832397374456,-0.959757100198023,-0.960709455694412,-0.961711264614227,0.479772541763295,0.429238360566722,1.68827263802055,-0.00316356898961578,0.980571770370063,-0.141740231146897,2.74302604736763,0.980571770370063,0.980571770370063,-0.0698072625019292,-0.513394718459868,-0.587960747014974,0.283023283829682,-0.726891967091125,1.05602816075095,-3.18648417450813,-1.88851148851148,0.604422604422604,-0.909104157670909,8,1.1463637209559,2.37360660506581,2.42723398485692,-0.629627705274908,-0.90585015888922,-0.0843317282064902,-0.000946237142861451,0.426174493166161,1.74133374549747,2648.0000000001,7.37216017744804,2.96201818139596,34.0000000001,0.161013170920938,7.53317334826897,0.233490616015801,-0.141185427037078,0.390097722358416,-0.342598332060926,-0.473926715689063,-0.193349177148485,-0.594341848037554,-0.129827889010795,-0.257449504007449,0.0525051344915484,0.0561761605795976,0.789328525853054,0.35513368006283,0.1679104509621,0.283266137540831,-0.471792152073761,-0.752292666128177,-1.15182012691953,-1.1196385416591,-1.12046643587809,-0.533751388585206,0.396307286914202,0.162035320834127,-0.476242517229773,-0.476242517229773,0.213481509833408,-0.746007568374061,-0.124384827324133,0.00605832927874969,-0.00151817087145773,-0.121807541323275,-0.253274477718948,-0.0702321389716918,0,2648.0000000001,0.228500014652832,0.00499060126296906,0.397731755350958,0.796024294861127,1057.42235282935,0.25,861,2,"SNETWORK (2 29 1057.42235282935 0.397731755350958 100000778 861)",100
37,100000779,0.0561141452446586,29,1.29896932353205,1.22104076566898,1.50580654500643,1.48232234240258,1.49987706507974,0.0819341263594431,0.0151055346251504,-0.485893842185692,0.699875951810945,-0.307775467463811,0.599509158144238,-1.07570811919388,-0.307775467463811,-0.307775467463811,-0.510025179588442,-0.523093831539555,-0.56020595601295,-0.412713536998648,-0.611754554660549,0.170020533880904,-0.850299401197607,-0.17062937062937,0.240786240786241,0.0561141452446586,12,-0.539449711987242,0.117977538728712,0.117574953026499,0.760468240288573,0.054731688661273,-0.18978385799439,0.700391161617304,-0.495168102697013,0.108532702629596,360.0000000001,0.249873488569418,7.49344675848947,20.0000000001,0.958448282679998,1.20832177114942,0.0555260602859757,0.637450762855725,3.83138349360705,0.0813415337798421,-0.131025826302418,-0.29714432727555,-0.186714383230175,-0.299730172033049,0.421386695206469,-0.510447678643158,-0.994887354813996,0.012018230959026,-0.210325478566444,0.260999130807486,-0.0484006651117382,0.528207847926239,1.07109749798066,2.44146431553414,2.40591799197172,2.5433895229508,0.398329694445325,-0.914187835805821,1.14819443188835,0.441359915002456,0.441359915002456,0.461439220393798,1.06316675953723e-11,0.546268511656871,0.638791764410676,1.20697367801993,0.320773038103124,-0.133306266056961,0.152302606264986,0.0134800812631443,360.0000000001,0.0114824467224345,0.0440436134635412,0.167084378150808,2.06570440211163,4401.32034355965,0.0312499339939208,1077,2,"SNETWORK (2 37 4401.32034355965 0.167084378150808 100000779 1077)",100
43,100000780,-0.228877171642117,62,0.12371145778112,0.869954874556633,0.545150200838989,0.54037036033024,0.554967563992924,-0.330355206429468,-0.31770179250458,-0.61862811004143,-0.231948947480219,-0.665101595455973,0.472858780024565,-0.546742924826385,-0.665101595455973,-0.665101595455973,0.308038247659683,0.737218783577868,0.541717985754935,0.259809332608601,0.854022532806528,-1.14579055441478,2.23053892215569,2.01958041958041,-0.227886977886978,-0.228877171642117,11,0.46421519585323,0.685530655506952,0.687987202026599,-0.402839426244769,-0.23046812517154,-0.504541240921289,-0.225942580369839,0.380350773448881,0.87440063814388,2.0000000001,1.72349062826004,0.0622947559760643,5.0000000001,0.306965775468425,2.03045640362846,0.0844571829977557,1.95432917944619,2.24123093985028,-0.866740907857225,-0.795047753257896,0.115673807475073,-0.663651717098094,0.105879562211998,-0.532378887317795,0.228307848606801,0.177220599149797,-2.35338664958307,-1.34056239259462,0.0145310647918587,-0.455891331320742,-0.353148128111646,0.538992472803681,0.102215627178161,0.139017963839617,0.167198521564845,-0.874632711228852,0.366959774169934,-0.421100013443445,-0.723810007952326,-0.723810007952326,4.98609410581546,1.06316675953723e-11,1.13364100837444,1.25085288045332,1.76294907712716,0.829775610258902,-0.348877143694166,-0.40207737154534,0.222222222222222,5.0000000001,0.0716888887405455,0.0127682941572102,0.244240911866255,0.961977715604007,3153.84056453343,0.0312500660060792,1533,2,"SNETWORK (2 43 3153.84056453343 0.244240911866255 100000780 1533)",100
35,100000781,1.06142460711667,231,1.95876350285277,1.6240746339498,1.11742223327512,1.09970853501445,1.1005013034785,0.670551475031137,0.638364443970597,-0.133336050124479,-0.446423050436436,-0.157660052510388,1.12141347681862,-0.764792709146844,-0.157660052510388,-0.157660052510388,-0.7700353817353,-0.542558882948493,-0.655333517385793,-0.950560728807626,-0.537832841983035,-1.3305954825462,1.62674650698603,0.565034965034965,-1.23832923832924,1.06142460711667,12,-0.043937038738807,-0.435055612881654,-0.430472258764471,-0.0719722337808146,1.05688982645139,0.120778316842861,-0.443280057543282,0.314512984825602,0.0260685652252667,3.0000000001,0.000500144538452113,0.0969006973218102,1540.0000000001,0.954343422656287,0.954843567094739,0.0483719716460131,0.649415990189917,0.618806514388322,0.331128564514702,-0.0861307849954382,-0.62701684992075,0.249806213687997,-0.697563800181106,-0.367434145971179,-0.927522038829076,-0.432268432455337,0.966970691882043,0.689119727781063,0.0503705186324616,0.909945446207259,0.596004386864676,1.11697181886013,1.75323031652384,1.71223323498081,1.79924129700496,-0.290169443795411,0.604179125410679,-1.24796651236572,-0.273565126880231,-0.273565126880231,-0.284894086316467,-0.83899878759811,0.0679025224167251,0.10049777511177,0.358953677660365,0.00171128024662842,0.643922308309413,0.517083498866865,2.65088134334458e-05,1540.0000000001,2.5337105869443e-05,0.0483466344401437,0.675672294319686,2.31337465520483,5606.06267432293,0.0156249669969604,1004,2,"SNETWORK (2 35 5606.06267432293 0.675672294319686 100000781 1004)",100
16,100000782,0.948004381029643,348,0.288659805977357,0.708741764562854,0.0737102907633875,0.0682577010310203,0.067165878475577,-0.73868404303612,-0.871661937577727,-0.454120329338003,0.302306419437089,-0.619793944374504,-0.46306322758826,0.707281132116734,-0.619793944374504,-0.619793944374504,0.327128536747424,0.644026691711288,0.738627356512946,0.351062966722783,0.719828958114605,-0.443531827515401,0.0161216029479497,0.044324905863371,-0.265923265923267,0.948004381029643,9,1.0506263883382,-1.27623181410464,-1.24820220562985,-0.726690089343971,0.94050193364245,-0.804566374815235,0.303577756565981,0.283184984293177,4.96634928395417,1236.0000000001,9.81414128011487,0.129463013511106,2217.0000000001,0.458889350752887,10.2730306307678,0.60417442063559,0.782554260218643,-0.128195475288011,-0.904889873032758,-0.461981157474237,0.687660629145408,-0.677180211600343,0.885378775328282,-0.0776673878872661,0.694428397160621,1.00422329622997,0.14170846257251,0.607403221512366,-0.850058626142723,1.20495795222112,0.562105955755759,0.451834062908154,-4.52365144789511e-15,-4.51494518067087e-15,-4.84823954093274e-15,0.357561440630441,-1.23846598577474,0.6711296843256,0.39232245491599,0.39232245491599,-0.0536842982788191,1.06316675953723e-11,-0.248300768830356,-0.305060170613311,-0.200021154792323,-0.209571329159911,-1.37552881710665,-2.22334095786883,0,2217.0000000001,0.577186356595335,0.0269880639402552,0.951633047002387,0.699094102846458,3132.96295341003,0.0625,416,2,"SNETWORK (2 16 3132.96295341003 0.951633047002387 100000782 416)",100
43,100000783,-0.35608944926936,38,0.12371145778112,0.869954874556633,0.532114998802948,0.540517197237357,0.552449009633917,-0.327823993604589,-0.273803333569369,-0.721110129677057,-0.0210428363115734,-0.39467357655274,0.584791059166899,-1.24052843726998,-0.39467357655274,-0.39467357655274,0.383877783263856,0.655080574513928,0.452645218870142,0.0581899439596093,0.787380080482824,0,0.0419161676646709,0.81118881118881,0.429975429975429,-0.35608944926936,11,0.427400015644927,-0.193845514770872,-0.192412834551366,-0.428538034768831,-0.355599710396218,-0.268990191287409,-0.0147711010882858,0.35597907138856,0.0609522673990958,6.0000000001,0.360420579241293,0.0757368729518486,1e-10,1e-10,0.360420579241293,0.0174975637771917,-0.225624800209414,-0.26630230582925,-0.265672246749782,-0.0199965455822921,0.388543795827996,-0.196598279442461,0.413262001417117,-0.0454794206638694,0.37573560826186,0.410656429613681,0.28302555445519,0.471635999988651,0.164190865610471,0.635668445737405,-0.353148128111645,0.538992472803682,0.102215627178165,0.139017963839617,0.167198521564845,0.0586975838634984,0.727579266034951,-0.824665788383313,0.0599925440146476,0.0599925440146476,0.00475077010055803,-0.175542688590035,-0.82097676940446,-0.73516613009441,-0.734334713314398,-0.707710528830736,0.534082829100879,0.417869395223195,8.34233454812222e-14,6.0000000001,0.0174975636771917,0,0.147675742972184,0.799795253085785,3012.98395971104,0.0312500660060792,1509,2,"SNETWORK (2 43 3012.98395971104 0.147675742972184 100000783 1509)",100
37,100000784,0.716993981510554,169,1.29896932353205,1.22104076566898,1.45807027539656,1.42805593959054,1.43873085382348,0.274585578828939,0.203821111163518,-0.472932389837809,0.415770070142788,-0.574785717906007,0.740910402257773,-1.17813797896791,-0.574785717906007,-0.574785717906007,-0.595516375757194,-0.769998424142424,-0.852498605575206,-0.903139729494012,-0.833249270634639,0.813141683778234,-1.91189050470488,-0.485914085914086,0.874692874692875,0.716993981510554,12,-0.0579474234892797,-0.501840897190741,-0.496111866990888,-0.0646384495949197,0.71029278314441,-0.775661333608953,0.416688908894328,0.258539723202412,0.0810436368870791,253.0000000001,0.13112832235457,0.0993634664489325,679.0000000001,0.431472945989649,0.562601268244219,0.0288396076298371,-0.550275972133761,-0.258456714092503,-0.704277172314481,-0.751039328461661,-0.0604312281879011,-0.790469007241806,-0.0688022159140031,-0.078260719410305,0.187086731903105,0.949293720610198,0.661324187508384,0.879466569433762,0.062546116999887,1.44742550551587,0.55686531370343,1.09048857708258,2.84388363355763,2.76284037241259,2.90641394747656,-0.28378659257006,0.0876706053459131,0.246078733703391,-0.26793782867021,-0.26793782867021,-0.583427999524483,-1.11132998757218,-0.368437895196847,-0.165561934538696,0.648004935291528,-0.546016341431706,-0.261675485812517,-0.88818866580232,0,679.0000000001,0.00672179314906626,0.0221178143807709,0.998310093241504,0.307484728026013,5245.11160007838,0.0312499339939208,1217,2,"SNETWORK (2 37 5245.11160007838 0.998310093241504 100000784 1217)",100
16,100000785,0.903648188952588,339,0.288659805977357,0.708741764562854,0.0737102907633875,0.0682577010310203,0.067165878475577,-0.744898486018875,-0.857923664467031,-0.435562291018982,0.329560736366983,-0.540489639949625,-0.475979284834607,0.660535550142041,-0.540489639949625,-0.540489639949625,0.338276790600415,0.629890405834065,0.722013054253695,0.316854336531942,0.7082689396204,-0.443531827515401,0.0161216029479497,0.044324905863371,-0.265923265923267,0.903648188952588,9,-0.798585952828046,-0.0577988050518217,-0.0574726429509765,1.37862563877646,0.899855765396987,0.00733736148019125,0.338216821759081,0.321126588968556,1.15701833733884,1747.0000000001,3.23169020241519,0.536371186670682,1757.0000000001,1.50672424261709,4.73841444493229,0.224587981221476,0.335651890955394,-0.0709167281461543,0.32084119280234,0.256044369844769,-0.100399809288123,0.0497230927413629,-0.104762938709496,0.347810171317599,0.0394041653698989,0.0995220669743252,0.195306249735705,0.528771147193894,0.218997911986632,0.908797537623548,0.562105955755759,0.451834062908154,0,-4.51494518067087e-15,-4.84823954093274e-15,0.446462925730784,-1.22534549638397,0.847967874410553,0.500471499463951,0.500471499463951,-0.823583029608109,1.06316675953723e-11,-0.113907175832571,-0.0509640352298219,0.607873881505183,-0.257548616834002,-0.999183803279528,-1.62987216444503,0,1757.0000000001,0.153173342390845,0.0714146387306306,0.806165517815456,1.47423134045583,3080.86031535483,0.0625,407,2,"SNETWORK (2 16 3080.86031535483 0.806165517815456 100000785 407)",100
43,100000786,-0.0912425269727402,87,0.12371145778112,0.869954874556633,0.545150200838989,0.54037036033024,0.554967563992924,-0.100649927719798,-0.0844657124747012,-0.439635016997112,-0.285418932883202,-0.537736880322962,0.629389443221755,-0.728406124596943,-0.537736880322962,-0.537736880322962,0.26256614774131,0.584309534703513,0.389349900429144,-0.0889966264163824,0.725102012858623,-1.14579055441478,2.23053892215569,2.01958041958041,-0.227886977886978,-0.0912425269727402,11,0.164876642321282,-0.631444766125993,-0.623148558848513,-0.276148167205437,-0.0933675170052801,-0.759066239778383,-0.282659506931281,0.648790895997653,0.0610212299731009,3.0000000001,0.180414183077433,0.0448512026177479,1.0000000001,0.0442020648274317,0.224616247804865,0.01178115586887,-0.100963743787847,-0.122632170880992,-0.513053167383585,-0.716934725602032,-0.305106356764089,-0.737733820820544,-0.352035800792112,-0.650746180459321,-0.309373198922211,-0.206804569362427,-0.298723487140876,-0.425218756144643,-0.910952051418308,-0.358859293979951,-0.353148128111646,0.538992472803681,1.14740004420081,1.14528870369965,1.22511257450739,-1.37914513232834,0.256866024485194,-0.256004647586266,-1.02493188040907,-1.02493188040907,-1.14571206206177,-0.345086661040504,1.26696152337617,1.30531129128933,0.15310011048657,1.36470094033547,-1.07418274449327,0.157399329909255,0,3.0000000001,0.00946275086637251,0.00231840490249748,0.342718722032908,0.395162924655253,3297.48707962042,0.0312500660060792,1556,2,"SNETWORK (2 43 3297.48707962042 0.342718722032908 100000786 1556)",100
17,100000787,-0.399752768214411,152,0.152577399052067,0.406018494492994,-0.358045591966192,-0.357303355798844,-0.355675841278248,-0.185865284081167,-0.182507180028747,0.140797009248143,1.06754389877184,0.606338214095852,-0.075112997599278,-0.0719427512914731,0.606338214095852,0.606338214095852,0.469810680046255,-0.0337918273290166,-0.00729119464456714,-0.336793881926672,-0.00878295708034098,-0.33264887063655,-0.333618477331052,-0.204195804195803,-0.181818181818182,-0.399752768214411,9,-0.143819080663141,-0.0780464646047609,-0.0775858323274878,0.0874191642984144,-0.40036850017593,0.349632550056375,1.06762617374874,-0.481697084288785,0.123193137422732,2089.0000000001,0.411454228655463,0.105430477305245,667.0000000001,0.112431649196617,0.52388587775208,0.0249195055474451,0.203526343005414,-1.06763295538506,-0.0138121783958939,-0.163638609321017,-0.231454435171645,0.35139217747802,-0.241902924962112,0.853288356622331,-0.551318862815415,-1.3310052097286,0.121386812677522,-0.0654051018444764,-1.03304126890482,0.0451763924721956,0.121428129376515,-0.277526342387341,-0.654804392758853,-0.622641095302315,-0.623587663163983,0.189417985095651,-1.01064230615517,0.870616070809495,0.199660201219764,0.199660201219764,-0.0614441582472133,1.06316675953723e-11,-0.414876902997444,-0.410966409366538,0.0322217979108899,-0.44811755935953,0.54072857614361,1.1674064550071,0,2089.0000000001,0.0195715065575245,0.00534799888992054,0.527948097598783,0.808048957398707,2006.08710596152,0.125,571,2,"SNETWORK (2 17 2006.08710596152 0.527948097598783 100000787 571)",100
41,100000788,-0.354403494934716,128,-0.886598059773572,-0.0928456434617663,0.315622755524543,0.310024668600395,0.31737100022456,0.969021511139048,0.998291985088946,0.207076749696839,-0.281568223102293,0.77944299253935,0.54246667939912,0.417168632797762,0.77944299253935,0.77944299253935,0.506258409335095,-0.718441783173428,-0.837061415887504,-0.165115835246056,-0.903357544779093,-0.720739219712526,0,-0.434965034965035,-0.700859950859951,-0.354403494934716,10,0.206133319203313,3.44382872304775,3.55863268686889,0.121970313669255,-0.35359474322266,-0.443866578475347,-0.278589556256249,-0.0727074224889562,0.106741862292288,2452.0000000001,1.6738278142917,0.0604371479205542,411.0000000001,0.158855158487177,1.83268297267888,0.0472052524658489,2.07892583899896,2.3590504242609,-0.478270506790383,-0.428689416673201,0.0791578769386238,-1.12651017580862,0.0469991678507892,-0.904714090031041,0.235181114462647,0.175524056815968,0.157596284523189,0.141793953676432,-0.952217899715044,-0.136215671765669,-0.658232714974314,-1.30374704394875e-15,0.102215627178161,0.139017963839613,0.167198521564845,-0.821781301267591,0.288413147745145,-0.570594780144019,-0.687960909172573,-0.687960909172573,1.87707527127834,1.06316675953723e-11,0.386937231172303,0.274107593131177,0.385337388502695,0.344757387003768,0.36937239173413,0.669594663231865,0,2452.0000000001,0.0431135474973677,0.0040917048684812,0.381602899041741,0.16012870502891,2408.79829722804,0.0625,1334,2,"SNETWORK (2 41 2408.79829722804 0.381602899041741 100000788 1334)",100
17,100000789,-0.873680413138844,50,-0.711340194022643,-0.147031598306002,-0.358045591966192,-0.357303355798844,-0.355675841278248,-0.0330834296314734,-0.0283236588859357,0.346940724561916,1.33077854034363,0.677979162945174,0.0535624942664924,-0.0871049650716032,0.677979162945174,0.677979162945174,0.508573395550449,-0.00113129243907715,-0.00568525199087781,-0.464533536828959,0.0557783429282114,-0.596303901437372,0.141716566866268,0,-0.395577395577396,-0.873680413138844,9,0.939089159994601,-0.0738516095509376,-0.0734197000883517,-0.65775727707496,-0.869668944591736,1.40944004000275,1.32966223480856,-0.789734080947397,5.4353280204683,140.0000000001,1.21660716277796,0.701322972270219,1085.0000000001,1.21659037840651,2.43319754108446,0.115653586444529,-0.306076370756555,-0.312601229287781,1.91297000829783,1.2224732710305,-1.09929232714266,1.05222066868788,-1.14657841596457,1.27544181081941,-1.03216337149962,-2.84343041947298,-0.344430106008285,-0.233766455169844,0.313078656257961,-0.177011442510319,-0.675181930528774,-0.587156310063936,-1.4058558810172,-1.37829262321507,-1.4081339961998,-0.34016954611977,-0.906008674651806,0.411865737961038,-0.317070781908573,-0.317070781908573,-0.356452390291183,-1.04467143753272,0.518971155274364,0.365546906360182,-0.5874747388279,0.724378097249934,-1.17289956138386,1.32390463952001,0,1085.0000000001,0.0578271920656384,0.0578263942788907,0.168813537553675,0.848212371308571,1408.08277045194,0.125,469,2,"SNETWORK (2 17 1408.08277045194 0.168813537553675 100000789 469)",100
43,100000790,0.377624236928065,169,-0.0343645341584618,0.726058121384469,0.965149594579297,0.947078472655203,0.966783102940535,0.355666539199679,0.290692146344569,-0.0925519626328042,-0.60328618091079,0.155665576258232,1.13355807019492,-1.39009907508408,0.155665576258232,0.155665576258232,-0.167341480114631,0.764813922845996,0.64852826570646,-0.701295265909288,1.06475621304321,0.147843942505134,-0.958083832335329,-0.581818181818182,-0.163390663390663,0.377624236928065,11,-0.46548659382773,0.125836151533075,0.125419210019909,0.615897554520215,0.375682512133529,-0.399285194010128,-0.599734148831416,0.704088613287197,0.0554047187548511,6.0000000001,0.327617030107316,0.0514055874370833,9.0000000001,0.455954283183856,0.783571313191172,0.0359577392004964,0.75297325107076,0.813261682599519,-0.177332747644541,-0.0446843721928695,0.203240930928708,-0.417550913459229,0.204399069756697,-1.11011704745354,0.1923473446394,0.105586621289628,-1.11364623391277,-0.86154361833181,-1.27621986337528,-0.44252157252222,-0.353148128111646,0.538992472803679,2.19258446122347,2.15155944355969,2.28302402457116,0.367811291908501,0.442655051747328,1.04271198664841,0.40456357479453,0.40456357479453,-1.13564032273925,1.06316675953723e-11,0.87468106522152,0.75193961296298,0.42568388085803,0.869208112481094,-0.322941179863417,0.0590167527934347,0,9.0000000001,0.0150341998144486,0.0209235392860477,0.660279827035296,0.544320039711234,3760.70357462135,0.0312500660060792,1638,2,"SNETWORK (2 43 3760.70357462135 0.660279827035296 100000790 1638)",100
17,100000791,-0.433589687916186,145,0.152577399052067,0.406018494492994,-0.358045591966192,-0.357303355798844,-0.355675841278248,-0.178617160742613,-0.171217834279549,0.151144199841007,1.07487037682378,0.621548319950915,-0.0679298639479471,-0.0813314230488189,0.621548319950915,0.621548319950915,0.471382953897763,-0.0313244949194692,-0.00442465047639509,-0.344441294128259,-0.00427314445038468,-0.33264887063655,-0.333618477331052,-0.204195804195803,-0.181818181818182,-0.433589687916186,9,0.640654011414011,0.637483589204506,0.639398154626893,-0.500575463799648,-0.434124375610002,-0.625346625476619,1.07473916275731,0.578178839488912,0.102326733853736,4810.0000000001,0.786920325233957,0.14281192574997,729.0000000001,0.166451831560832,0.953372156694789,0.039990947035337,-0.0904403152014189,-0.132979697093386,-0.639274726062374,-0.392328471762885,0.39347808923506,-0.804790011299824,0.362350911548649,0.222412307411044,-0.0690344184075212,-0.159932652781411,-2.35338664978353,-2.57957875762477,0.189886738749104,-0.487003030141041,0.121428129376515,-0.277526342387342,-1.4058558810172,-1.37829262321507,-1.40813399619979,-1.66209345324936,-0.0532021848066623,0.041715428265675,-1.16521331913943,-1.16521331913943,0.823941984927412,1.06316675953723e-11,0.458842664758421,0.690794804597807,0.324230251437108,0.438273469065685,1.43530265330437,0.875905703266718,0,4810.0000000001,0.033008819008489,0.00698212792684802,0.504599076869983,1.46464765363393,1967.20804173564,0.125,564,2,"SNETWORK (2 17 1967.20804173564 0.504599076869983 100000791 564)",100
17,100000792,-0.740907993560143,82,-0.254295665086778,0.276450920905401,-0.358045591966192,-0.357303355798844,-0.355675841278248,-0.0942619355745429,-0.0829867580213338,0.247535056291188,1.2133507902875,0.647641906349282,-0.0157216009364915,-0.0507994415960891,0.647641906349282,0.647641906349282,0.497072980785219,0.00208580026804747,0.00710533225822088,-0.412757489547783,0.050354686218506,-0.596303901437372,0.141716566866268,0,-0.395577395577396,-0.740907993560143,9,1.24056751153616,1.19779382767829,1.20933003039124,-0.700452185170115,-0.741729350163436,-0.473662555448942,1.21227152708349,-0.195166366131777,0.11097209039573,343.0000000001,0.060856148347674,0.168153599430357,1400.0000000001,0.376383674845594,0.437239823093268,0.0166285567106529,0.976591674399011,2.94823876201778,0.213326841748363,-0.74998326196548,-1.37151878380774,-0.733615021086016,-1.14341561032335,0.317923254982502,-0.872048338203528,-2.27603883804317,-0.185425145526673,-0.2690569128017,0.304671161922883,-0.230023436466917,-0.658232714974314,-1.30374704394875e-15,-1.4058558810172,-1.37829262321507,-1.40813399619979,-0.555619986183425,-1.10643161470397,-0.378352915663769,-0.493335525379855,-0.493335525379855,0.563135577138079,1.06316675953723e-11,-0.0401857938599809,-0.19927946476598,0.104985178655211,-0.055318146731653,0.468916972164705,-0.0909075894439064,2.67948936327652e-13,1400.0000000001,0.00231440471116079,0.0143141518994921,0.280932327754825,0.565687223337591,1594.77469624141,0.125,501,2,"SNETWORK (2 17 1594.77469624141 0.280932327754825 100000792 501)",100
13,100000793,0.675615404256577,287,0,-0.0695595240108285,-0.467885001197052,-0.45962963966976,-0.447550990366083,-0.855223727064647,-1.00928191095207,-0.444582124996811,-0.190189836817291,-1.18540099195665,-1.74541383622803,-0.298061304279112,-1.18540099195665,-1.18540099195665,-2.90151780643232,0.412513688039352,0.636182101998143,1.55166086232704,0.208170320376318,0.184804928131415,-0.778443113772456,0.103496503496504,0.51023751023751,0.675615404256577,7,-0.679285671949169,-0.0879136638676097,-0.0873836877260308,1.03549153693354,0.672148915357343,0.669825083672132,-0.1876814249502,-0.622442805405682,0.105077106841361,2410.0000000001,0.404874274873034,0.0831910184895971,1857.0000000001,0.246992279957215,0.65186655473025,0.0310610772029842,-0.519334003280888,-0.378897139802175,0.641013486078399,0.45532646809062,-0.296889316081246,0.594867432656917,-0.310728786070907,0.176022246790126,-0.401442078916502,-0.300968281816847,0.9037899975832,0.523567359204829,0.0259193210723416,0.663786579035475,0.223123099423871,0.103212322371745,0.000480866141918987,0.0349290148369488,0.115671933158067,0.016047288039017,0.656726033142296,0.291476102547314,0.0162377546916695,0.0162377546916695,-0.0128042535491147,-2.06163782622847,-0.407844064462881,-0.217864970647891,0.421458205496949,-0.534446339754897,0.503491090886511,0.738371423696943,0,2410.0000000001,0.0192920329727198,0.0117690441302644,0.112636815027993,1.23964048494204,3005.20346110533,0.0156249651370217,287,2,"SNETWORK (2 13 3005.20346110533 0.112636815027993 100000793 287)",100
17,100000794,0.443214810131064,265,0.152577399052067,0.406018494492994,0,0,0,-0.530335163538908,-0.618201499449617,-0.176793044446613,0.64907742466586,-0.214765192896671,-0.390082764119027,0.168793562511141,-0.214765192896671,-0.214765192896671,0.366611337645464,0.249786571132324,0.317351805190217,0.0174440921862374,0.28387677167798,-0.443531827515401,0.0161216029479497,0.044324905863371,-0.265923265923267,0.443214810131064,9,-0.68213164785568,-0.559574657296707,-0.552758365665746,0.947490785876437,0.454008701842499,1.61129828156518,0.650010631030848,-0.0425046434936128,0.239544917276513,1351.0000000001,0.517414843869236,0.157354404108696,1203.0000000001,0.302650297005517,0.820065140774753,0.0424689540835603,-0.717214539756897,0.857712967206902,1.3494233051401,1.74852730623992,0.597223254170328,1.30105955312044,0.677540174733645,1.11040639634288,1.01698536956409,1.92744105547003,-0.109483711870993,0.064435555431073,0.25589808649925,0.536796378460958,0.314352162041392,0.0417794190008067,0.0447488908488996,0.0608605539254091,0.0731976958724915,1.14974446874793,-0.943290872454661,1.2811131298704,1.53449695241253,1.53449695241253,0.606031963157942,1.06316675953723e-11,-0.102867552383634,-0.0725190913673821,0.310393920561185,-0.173592578237526,0.163372497022958,-1.14620095331828,0,1351.0000000001,0.026795514283617,0.0156734396999433,0.923619522407374,1.20531872711377,2664.92992922829,0.125,684,2,"SNETWORK (2 17 2664.92992922829 0.923619522407374 100000794 684)",100
12,100000795,0.401041410683156,247,0,-0.0695595240108285,-0.467885001197052,-0.45962963966976,-0.447550990366083,-0.663364113817231,-0.764080999262789,-0.0515135892790851,0.0481111943474544,-1.12675004026155,-1.74328454279058,-0.0480399273355798,-1.12675004026155,-1.12675004026155,-5.43718244273593,0.496705520342005,0.638466472946173,1.71103075117285,0.285135900367327,0.184804928131415,-0.778443113772456,0.103496503496504,0.51023751023751,0.401041410683156,7,0.533133865435517,-0.143267421995191,-0.14230195376415,-0.491933757772189,0.405798465842818,0.453091898533088,0.0501385049905527,0.840232661555346,0.0716403786310056,1952.0000000001,0.223579880551727,0.179627996928879,1460.0000000001,0.419297156328626,0.642877036780354,0.0309330517750259,0.287198006228022,0.488955997270857,-0.424866202161396,0.678975902643197,1.68068579162953,0.449891997807848,1.77348685938948,0.338766047013812,1.64476033705324,1.90917289636194,0.461775554992925,0.589645245445281,-0.737535287477829,0.928613028199725,0.223123099423871,0.103212322371745,-0.751834212897414,-0.690544926566656,-0.641104661755899,0.109934734430055,0.0683041183046291,0.153549494281103,0.11372252324661,0.11372252324661,-0.349593203822476,-4.31987296656843,-0.187066115337876,-0.139953340189123,0.570836850181214,-0.335420618108377,0.465420075548226,0.308281184876511,0,1952.0000000001,0.0107579017462217,0.0201751499288042,0.538803442941692,0.61336297290359,2783.6359173023,0.0312499302740435,247,2,"SNETWORK (2 12 2783.6359173023 0.538803442941692 100000795 247)",100
41,100000796,-0.798760477449193,26,-0.886598059773572,-0.0928456434617663,-0.0369605603324269,-0.0422694509956289,-0.0386919408759992,0.931793961929656,1.11046652335016,0.899024457938771,-0.0743843135357665,0.323611445825419,0.429794210129544,0.352953850595545,0.323611445825419,0.323611445825419,0.554582688256633,-0.280908289831065,-0.435197335838194,0.0505741243081837,-0.391239575632607,-0.720739219712526,0,-0.434965034965035,-0.700859950859951,-0.798760477449193,10,0.142720350059202,2.36613311754279,2.41940598072536,0.0577537802175593,-0.798995448121233,-0.787815023850476,-0.0719253324647555,0.458123293040474,0.0598837708201693,746.0000000001,0.285695569727197,0.0864161836599793,2355.0000000001,1.30149209089896,1.58718766052616,0.0492586604138381,-0.28222523581695,-0.432751888714082,-0.644631603557207,-0.924368543355649,-0.424917034812274,-1.32385698894679,-0.287652863913852,-0.819675405075013,-0.205018543904992,-0.196484363175387,-0.0854522733444827,-0.274852374724615,-1.1465096367979,-0.183459987789404,-0.658232714974315,-1.30374704394875e-15,-1.4058558810172,-1.37829262321507,-1.40813399619979,-0.122729154094549,0.764532637421954,-0.15130923839385,-0.120246410243823,-0.120246410243823,0.719956597821029,1.06316675953723e-11,0.187890474321484,-0.0928637107191457,-1.03251259560733,0.46927710964378,-0.0883635998408678,0.0662693669576283,0,2355.0000000001,0.00886661443276087,0.0403920458810772,0.0416359056305551,1.16399584244937,1830.8905385605,0.0625,1232,2,"SNETWORK (2 41 1830.8905385605 0.0416359056305551 100000796 1232)",100
37,100000797,0.507913457344863,121,1.29896932353205,1.22104076566898,1.45807027539656,1.42805593959054,1.43873085382348,0.173707778171114,0.0991632841912492,-0.467833250785621,0.552422643745847,-0.497218521302704,0.638990883398538,-0.947639582797326,-0.497218521302704,-0.497218521302704,-0.54938524539139,-0.643438475844971,-0.698229096952125,-0.536600506124488,-0.740794582522972,1.28439425051335,-2.76197604790419,-0.927972027972028,1.1480343980344,0.507913457344863,12,0.937941092481953,1.56063799882745,1.5821211638731,-0.587401454244755,0.503145496429621,-0.283835596001576,0.553402457653061,-0.496232880853532,2.68470580406908,49.0000000001,0.84129797518822,0.675812062320576,1822.0000000001,7.87465205787974,8.71595003296797,0.311148784966952,0.148097386806524,-0.405920022156095,0.815500541400597,-0.413047104693432,-1.90836949717049,-0.606957829641672,-1.49337525211418,0.110414083349991,-2.06853637847174,-3.64779352377663,0.193553239203715,0.147098857953482,0.141487033075738,0.221262193011825,0.528207847926239,1.07109749798066,2.19258446122348,2.1515594435597,2.28302402457116,0.349740085602834,-1.18093593230771,0.846770188249027,0.383020974569855,0.383020974569855,0.331065149759338,-0.219825649213495,0.294411977755776,0.31633781944507,0.67450421381449,0.173563074871966,-0.840379757121076,-0.762024051439369,0,1822.0000000001,0.0300333115348979,0.281115473332054,0.71522690906151,0.657152118147738,4957.74908067834,0.0312499339939208,1169,2,"SNETWORK (2 37 4957.74908067834 0.71522690906151 100000797 1169)",100
43,100000798,-0.201787285760737,68,0.12371145778112,0.869954874556633,0.545150200838989,0.54037036033024,0.554967563992924,-0.130732387183977,-0.123332629021144,-0.477818653371936,-0.280131955221703,-0.549283850702037,0.60839911945987,-0.689917492159921,-0.549283850702037,-0.549283850702037,0.268081090582569,0.606773238858312,0.413563618120997,-0.0418081603825117,0.74478352101921,-1.14579055441478,2.23053892215569,2.01958041958041,-0.227886977886978,-0.201787285760737,11,0.204133337712468,0.946080597769039,0.952410493265066,-0.253786872473868,-0.198071631027823,0.485417298641721,-0.265072313628982,0.323017499395157,0.0411376697079969,5.0000000001,0.202711391620533,0.0506110952925317,12.0000000001,0.598543124041773,0.801254515562305,0.0318424976762117,1.34298120566545,0.783232203473151,0.774964633286136,0.477524821426954,-0.445447652006782,0.191435816671493,-0.387761874321947,-0.114905505745879,-0.559287806592575,-0.287444765629306,-0.554232767968673,-0.164354708900305,-1.20530665781893,-0.256526619943786,-0.353148128111646,0.538992472803679,0.102215627178161,0.139017963839617,0.167198521564845,-1.24197331522731,0.188147106710479,-0.100580808970554,-0.94995321476609,-0.94995321476609,2.23133609027762,1.06316675953723e-11,1.25479488901736,1.31239100352628,0.807832013143487,1.19320515452418,-1.62289586510593,-3.57863341332045,0,12.0000000001,0.00805591340653945,0.0237865841696722,0.268158428203333,2.47722878400236,3188.72830082187,0.0312500660060792,1539,2,"SNETWORK (2 43 3188.72830082187 0.268158428203333 100000798 1539)",100
12,100000799,0.289903305191752,228,0,-0.0695595240108285,-0.467885001197052,-0.45962963966976,-0.447550990366083,-0.614518426970073,-0.702079785429334,0.0480881909933731,0.0883705389708612,-1.04603591607576,-1.68175279756359,0.0278424234153532,-1.04603591607576,-1.04603591607576,-5.62141796859183,0.523244600699884,0.660372658748894,1.7864935984378,0.304780291308039,0.184804928131415,-0.778443113772456,0.103496503496504,0.51023751023751,0.289903305191752,7,-0.659707301023611,0.22301542527395,0.222548455904466,1.05089392850554,0.288748163402657,0.978719749496654,0.0903207857010373,-1.35547190342006,0.126722202582238,671.0000000001,0.135947200062386,0.177506220189133,201.0000000001,0.0570433035079054,0.192990503470292,0.00870619003439872,1.24527947236903,1.45195833180426,0.554239266955901,0.487518144449137,-0.101203900426742,0.715794598726997,-0.100245819317173,0.497513375107813,0.274131072185324,0.323117937729275,-0.179610228929377,-0.181533006977,0.0796396906978526,-0.0239682186878392,0.223123099423871,0.103212322371745,-0.751834212897414,-0.690544926566661,-0.641104661755904,0.373272179855571,0.58497779765004,0.694401573133313,0.411109340017655,0.411109340017655,0.406190881593576,-13.8204851828755,0.892335823099044,0.864929316853305,1.00726860995274,0.748044866578873,0.490027820413721,1.29878454922202,0,671.0000000001,0.00613285173753485,0.00257333819686388,0.122799238580104,0.139693899829238,2666.86626854842,0.0312499302740435,228,2,"SNETWORK (2 12 2666.86626854842 0.122799238580104 100000799 228)",100
29,100000800,-1.06728031033422,29,-0.790377993358492,-0.853832397374456,-1.31184600508887,-1.30651564302517,-1.32383268064034,0.444422836053955,0.395269523329702,1.57570491640246,0.239736543114872,0.60542160550698,-0.143436861344792,2.16699679666239,0.60542160550698,0.60542160550698,-0.237912990060034,-0.349170393652687,-0.486913085721764,0.0856690703204536,-0.483721453981474,0.279260780287474,-1.27411842980705,-0.441958041958041,0.405132405132405,-1.06728031033422,8,0.793593922184935,5.13066283369948,5.37898114925969,-0.279732881806765,-1.06642196737597,-0.7982422422916,0.241203010466665,0.570562909894176,5.58991787935249,4321.0000000001,38.6175270750176,0.189406573896263,5002.0000000001,1.51472398095995,40.1322510558776,0.77343467358713,-0.0997399368796621,-0.187975471980838,-0.827028843394042,-0.978976073424699,-0.220853050737839,-1.71304169080071,-0.0902996218348438,-0.922077503021214,-0.114070036836468,-0.147625539057322,0.713660134505755,0.359303684088967,0.102521265152824,0.4215553598609,-0.471792152073761,-0.752292666128179,-1.88228736852075,-1.83679108764734,-1.92145552981597,0.0603182824866765,0.718958884098314,-1.67448114410902,0.0616724693193989,0.0616724693193989,0.411456472716392,-0.136680176177328,-0.768939382521946,-0.809868536601095,-0.511612410540644,-0.704522222076491,0.419558563719609,0.270089367207262,0,5002.0000000001,0.744242689067136,0.0291919844199939,0.178971710835694,1.83212978617188,854.475408276837,0.25,824,2,"SNETWORK (2 29 854.475408276837 0.178971710835694 100000800 824)",100
3,100000801,-0.239691806821377,120,-0.226804037760009,-0.273941878615531,-0.467885001197052,-0.45962963966976,-0.447550990366083,-0.379196239204114,-0.441471066572974,0.550290786281217,0.753903813895967,-0.0426850636597226,-1.24480950820985,-0.145444772496887,-0.0426850636597226,-0.0426850636597226,-4.38393225766558,0.161173836663536,0.229676154081848,1.120039556522,-0.0296835119820833,0.0739219712525668,-0.0898203592814364,1.0005994005994,0.837837837837838,-0.239691806821377,7,0.394204308877454,2.03841542427766,2.07719704011372,-0.227368589599478,-0.238513967126485,0.374831153649755,0.75838833572343,0.103736333754382,3.12558672918369,1513.0000000001,7.56076111619668,0.314538559702817,11626.0000000001,5.8465443258141,13.4073054419108,0.440452544695752,0.347414211397007,0.081006190125625,1.225147098644,0.171916244004158,-1.61983451753405,-0.156631696112801,-1.16591116385205,0.464663499706772,-1.00018884386586,-2.01116963675072,-0.196754228527188,-0.188161796383906,-0.818436413698784,-0.122615205849832,-0.183656619125853,-0.461007527196322,-0.825845978931221,-0.776974098588535,-0.738314695323779,-0.218877122166588,-0.813982970978153,0.722751091491799,-0.209748623110042,-0.209748623110042,0.263820184868429,-12.9842995094179,0.985663384473313,0.914204759157793,1.29012264970139,0.781929347430143,-0.123967835221974,-0.250640603238429,0,11626.0000000001,0.248383725359182,0.19206881923657,0.598757868670992,1.29663003493284,2053.84601032866,0.0624998605480869,121,2,"SNETWORK (2 3 2053.84601032866 0.598757868670992 100000801 121)",100
17,100000802,-0.688315046627672,91,-0.254295665086778,0.276450920905401,-0.358045591966192,-0.357303355798844,-0.355675841278248,-0.0951370118254121,-0.083046531433882,0.241061433140536,1.20546341183167,0.662793001867398,-0.00738277371562255,-0.0498822744133453,0.662793001867398,0.662793001867398,0.495576469283807,-0.00666400563557656,8.63339674389287e-05,-0.42258208978803,0.0411205829212021,-0.596303901437372,0.141716566866268,0,-0.395577395577396,-0.688315046627672,9,1.26455919670108,1.60871744219985,1.63172906980683,-0.693821057158574,-0.690728134902447,-1.11607068994593,1.20434726224567,0.44023290703839,0.27543868362232,916.0000000001,0.403382434137384,0.158420046689685,8817.0000000001,2.23319965490081,2.6365820889382,0.0933378426555138,0.683632788590812,1.47041685891839,-0.99655361225973,-1.2596524040666,-0.371629398837902,-1.70783615714274,-0.287500829927406,-0.447650683663793,-0.319131842675263,-0.83031781001142,-0.0472583602123049,-0.0759259800935569,-0.614408721444721,-0.233478416223775,-0.658232714974315,-1.30374704394875e-15,-1.4058558810172,-1.37829262321507,-1.40813399619979,-0.98540828822694,-0.726294078524799,0.123108131813212,-0.796137433825362,-0.796137433825362,0.356383133458856,1.06316675953723e-11,0.499015883792606,0.268033339278924,-0.152885608897551,0.597534331332403,0.494895081872955,0.489014055103722,0,8817.0000000001,0.0142801721506164,0.0790576704048974,0.313419504750144,0.184037912367617,1648.86994312945,0.125,510,2,"SNETWORK (2 17 1648.86994312945 0.313419504750144 100000802 510)",100
37,100000803,0.696253817583663,166,1.29896932353205,1.22104076566898,1.45807027539656,1.42805593959054,1.43873085382348,0.271392190692954,0.196685972779944,-0.465932384898689,0.425465634267235,-0.565070382124233,0.734570902637429,-1.15631894961038,-0.565070382124233,-0.565070382124233,-0.585835142042902,-0.762906632275716,-0.842518182944576,-0.868589284291799,-0.830633728027187,0.813141683778234,-1.91189050470488,-0.485914085914086,0.874692874692875,0.696253817583663,12,-0.106289857901294,-0.521368918301227,-0.515282215062437,-0.0133214406804469,0.693353675731126,0.503827940608841,0.426492076489136,-0.0531120567360411,0.148950549113029,295.0000000001,0.281009619142537,0.109041335653407,719.0000000001,0.501391670127435,0.782401289169972,0.0402455541332727,0.0813225769039669,0.262145498343542,0.172834203215475,1.05977581251688,1.35596452849296,0.590289563160284,1.52914851616085,0.666814872127117,0.638134579262298,1.05034552582118,1.03496397760465,0.942176500333671,-0.660405289015195,1.80352475459234,0.558909044442996,1.0918714678358,2.89033156965577,2.80643437456618,2.95087151249934,-0.291828671725369,0.0631833855953988,0.506502197981147,-0.275025202105403,-0.275025202105403,-0.0409046670018372,-0.185014190147391,-0.601548407526604,-0.441350076751719,0.699987268023224,-0.813886837232872,-0.31077076778219,-0.852899274079579,0,719.0000000001,0.0144547152018232,0.0257908388314495,0.981861132236209,1.56422932312125,5228.41398206307,0.0312499339939208,1214,2,"SNETWORK (2 37 5228.41398206307 0.981861132236209 100000803 1214)",100
17,100000804,-0.817613410013037,63,-0.711340194022643,-0.147031598306002,-0.358045591966192,-0.357303355798844,-0.355675841278248,-0.0417650313881334,-0.0336957274864893,0.315601280395294,1.31101851802856,0.691808625830472,0.0596114563124547,-0.0932276050950278,0.691808625830472,0.691808625830472,0.509508005613937,-0.00996247166800564,-0.011524821322922,-0.454118325519845,0.0427387884008196,-0.596303901437372,0.141716566866268,0,-0.395577395577396,-0.817613410013037,9,0.73408547611377,0.0922466156572094,0.091901885174726,-0.574830640062936,-0.815493733826634,-0.480461895858787,1.30964272196612,0.706469566967002,0.241235377524854,118.0000000001,0.0455113355994486,0.124338322404363,3731.0000000001,0.741697519910577,0.787208855410026,0.03633878211873,-0.697164101877669,0.362684696313486,-0.473899819957796,0.179541667024874,1.02193888335466,-0.506904037619646,1.03459705570665,0.487659582896861,0.885362272742089,2.4381066306671,0.803553174841053,0.654018916858528,0.207239988550023,1.16577713129767,-0.34184854331554,-0.538992006174442,-1.4058558810172,-1.37829262321507,-1.40813399619979,0.160589321601196,0.821957527555809,0.19016143448657,0.168121065463926,0.168121065463926,-0.12016594254695,1.06316675953723e-11,-0.553657030057479,-0.624765991398395,-0.526693563991669,-0.465092476054579,0.684535282741721,0.683518283191141,0,3731.0000000001,0.0021008738518883,0.0342379081668417,0.213334035350483,1.90532355326271,1482.21501408283,0.125,482,2,"SNETWORK (2 17 1482.21501408283 0.213334035350483 100000804 482)",100
3,100000805,0.153559725624444,198,-0.226804037760009,-0.273941878615531,-0.467885001197052,-0.45962963966976,-0.447550990366083,-0.399110657475606,-0.47281585375684,0.532064112085417,0.518392166141421,-0.754252878116309,-1.21315036414993,-0.777174079881413,-0.754252878116309,-0.754252878116309,-4.82547567134311,0.223993875629408,0.318128066297947,1.22752351050761,0.0298388237158428,0.0739219712525668,-0.0898203592814364,1.0005994005994,0.837837837837838,0.153559725624444,7,-0.218173204933664,0.18261092485488,0.182136176278173,0.247337371104338,0.150412946955367,-0.376416137747186,0.519051410458823,-0.463940622925043,0.100516637041408,4422.0000000001,0.710643392459215,0.10417290832467,1440.0000000001,0.239834864001076,0.950478256360291,0.0431836588439282,0.962498526095013,0.197867220731357,-0.0327019331546368,-0.102390110280563,-0.101172550150968,-0.404026057589347,-0.100967902947518,0.209643039302251,-0.0374829461865547,-0.0544717555398784,-0.385086543865826,-0.71967128062355,0.24191867274694,-0.321985544229649,0.0197333209688588,-0.17889795238422,-0.751834212897409,-0.690544926566656,-0.641104661755904,0.0579725120415842,-0.805370035773757,0.868676419411482,0.0592413869648961,0.0592413869648961,4.1335179429933,-32.5143862150647,0.902357633734519,0.847101854299319,0.71701103188659,0.829141452643115,0.0558650278071266,0.852093076027929,0,4422.0000000001,0.0322870949883821,0.0108965637555461,0.902562269617502,0.865051544120825,2491.90179492199,0.0624998605480869,199,2,"SNETWORK (2 3 2491.90179492199 0.902562269617502 100000805 199)",100
16,100000806,0.837757407678953,326,0.288659805977357,0.708741764562854,0.0737102907633875,0.0682577010310203,0.067165878475577,-0.73579340119708,-0.835655062129918,-0.413605423814847,0.369957660334741,-0.405051392770687,-0.495492576516196,0.54381323634327,-0.405051392770687,-0.405051392770687,0.355771222532497,0.58374196135439,0.673777930533625,0.255632157183878,0.661298270381638,-0.443531827515401,0.0161216029479497,0.044324905863371,-0.265923265923267,0.837757407678953,9,-0.736132740266164,-0.189809978218706,-0.188417014701466,1.16248498095491,0.83424331479792,0.298398140247013,0.371664608318141,-0.235984632034101,1.94646079877494,408.0000000001,1.26970374119055,0.457760372777365,4070.0000000001,2.97871654625996,4.24842028735051,0.206103983873665,-0.216567986450838,-0.303991704158748,0.465516195061225,-0.0018270147216839,-0.730163618409835,0.338994661906194,-0.77754521699426,0.513285628406648,-0.699206167020331,-1.06112573734584,0.190677059477539,0.472266269618269,0.12016133799237,1.28701090794505,0.562105955755758,0.451834062908154,-4.52365144789511e-15,-4.51494518067087e-15,-1.45447186227982e-14,0.737782403240655,-1.25744479868831,1.23588463480944,0.888051097276636,0.888051097276636,-0.474668726982773,-0.0906412739958325,-0.36420452079641,-0.202913358733876,0.300540371568833,-0.457439090745116,-1.01447540889153,-0.920312334198915,1.0497334754121e-13,4070.0000000001,0.0615972482845972,0.144506735489068,0.605392274862949,1.58246392688661,3008.9486271094,0.0625,394,2,"SNETWORK (2 16 3008.9486271094 0.605392274862949 100000806 394)",100
37,100000807,0.313918670916907,78,1.29896932353205,1.22104076566898,1.45807027539656,1.42805593959054,1.43873085382348,0.111624655730622,0.0447613355465339,-0.507743610233987,0.642466056832364,-0.37898177305382,0.624999755873753,-1.10922661257313,-0.37898177305382,-0.37898177305382,-0.535751257755097,-0.571442841639043,-0.619459192647732,-0.497279238680546,-0.657227123290446,0.665297741273101,-1.69993346640053,-0.507226107226108,0.644007644007643,0.313918670916907,12,-0.459684478884366,0.0586468485478276,0.0584027601764058,0.593262957592859,0.311505221089114,0.0159282281501279,0.642942880451419,-0.364772455856921,0.0702615840175203,44.0000000001,0.0197709563152753,0.0856665281988361,1596.0000000001,0.87438181161976,0.894152767835035,0.0415202653726047,-0.823892483234551,-0.922653425655641,-0.223136182141754,-0.355679108735917,-0.205387690291134,0.0287774092382854,-0.209468403116704,0.506638325425873,-0.244709308608836,-0.456259147967283,0.327224229883171,0.296224443019593,0.255183404970032,0.570209521451542,0.528207847926239,1.07109749798066,2.19258446122348,2.15155944355969,2.28302402457116,0.596157053190027,0.126021298518783,1.28206252234579,0.693038325220627,0.693038325220627,0.00128467837495476,-0.110707087856652,0.284437005323801,0.31574027716741,0.588530174119994,0.183407726445118,-0.673041835844361,-0.294561772351042,0.0046563796082439,1596.0000000001,0.000918070576273762,0.0406021946963309,0.45463457166868,1.34822490925908,4693.21739955265,0.0312499339939208,1126,2,"SNETWORK (2 37 4693.21739955265 0.45463457166868 100000807 1126)",100
43,100000808,0.232745918605913,142,0.12371145778112,0.869954874556633,0.965149594579297,0.947078472655203,0.966783102940535,0.148564538762055,0.0773414366624693,-0.381995749151175,-0.498533872866103,-0.161615117627713,0.766919373485322,-0.198335591491878,-0.161615117627713,-0.161615117627713,0.0845518481220682,0.614762017642185,0.464320190571724,-0.3547270802977,0.81213960554026,0.147843942505134,-0.958083832335329,-0.581818181818182,-0.163390663390663,0.232745918605913,11,-0.448057232884075,-0.322932259365859,-0.320004472185349,0.521699228518535,0.23276944105874,0.35253184112655,-0.495204726511077,-0.233464703129627,0.0357118783121688,8.0000000001,0.281560121329357,0.0264546704547239,8.0000000001,0.208574305486734,0.490134426716091,0.0243430870690671,-0.339060232451706,-0.365956459112732,0.173786019236657,0.936604256448167,1.19156569165422,0.418184444830561,1.29753742090965,-0.392856516082001,1.20118589574354,1.02228763040742,-0.553562888468276,-0.576195980959422,0.0285965183673976,-0.316217866296785,-0.353148128111646,0.538992472803679,2.19258446122347,2.15155944355969,2.28302402457116,-0.441219227345591,-0.173714259851364,0.0720798733263538,-0.401952875060793,-0.401952875060793,2.80716360032338,1.06316675953723e-11,0.572678953803645,0.293354684862023,0.0556655042011614,0.627831517452567,0.138644298544373,0.422933484425213,1.3466373870331e-12,8.0000000001,0.01398400550116,0.0103590814679071,0.555899884413147,1.35772656200008,3608.44780271418,0.0312500660060792,1611,2,"SNETWORK (2 43 3608.44780271418 0.555899884413147 100000808 1611)",100
29,100000809,-0.920119871416449,63,-0.790377993358492,-0.853832397374456,-0.959757100198023,-0.960709455694412,-0.961711264614227,0.473056152350961,0.423723614421461,1.68234063338099,-0.00216574077783733,0.976404297963129,-0.141232012163978,2.73735667274812,0.976404297963129,0.976404297963129,-0.0901733808599585,-0.508269457621421,-0.579821102675215,0.298086980915357,-0.723186956648317,1.05602816075095,-3.18648417450813,-1.88851148851148,0.604422604422604,-0.920119871416449,8,1.09430815178547,1.24625453599132,1.25895447735993,-0.656953129921939,-0.919207838616133,-0.163630356077482,-0.000134961313603346,0.163104644057315,0.158394665309874,3922.0000000001,0.993214166289329,0.109425221757266,245.0000000001,0.0428625777608201,1.03607674395015,0.0390708444875514,0.543729937160266,0.516217364938457,-0.196624209394016,-0.269749730129044,-0.104393756145946,-0.420969569525906,-0.0855465524866957,-0.156198114017113,0.0734676133499139,0.250213699097852,0.32204574652209,0.196874336742268,-0.50269264673635,0.0924263354987916,-0.471792152073761,-0.752292666128179,-1.4058558810172,-1.37829262321506,-1.40813399619979,-0.0488531079173055,0.396307286914202,0.162035320834127,-0.0486928173191121,-0.0486928173191121,0.00302115735978705,-0.695706142223669,0.158049955170503,0.158021082107154,0.667453447715964,-0.0711603320373511,-0.398751892083969,-0.490517856945806,0,3922.0000000001,0.0374544804340357,0.00161636395351564,0.380108264384282,0.0602999792069327,1041.0727783357,0.25,858,2,"SNETWORK (2 29 1041.0727783357 0.380108264384282 100000809 858)",100
41,100000810,0.325527929827976,229,0.680412427894334,0.334368660703197,0.315622755524543,0.310024668600395,0.31737100022456,1.05479321757239,0.942270296216175,-0.407535494428914,-0.520224541584869,0.65754694937129,0.90466567145947,0.400823614925223,0.65754694937129,0.65754694937129,0.399054567784116,-0.714893736376688,-0.833528247266906,-0.338602892690601,-0.867125924045273,-0.720739219712526,0,-0.434965034965035,-0.700859950859951,0.325527929827976,10,-0.228432285274355,-0.197137090352524,-0.195671701508632,0.195003985149086,0.322634686601689,-0.045421920266852,-0.51688448970298,0.0353972002022417,0.0726250082983629,454.0000000001,0.210861643324863,0.147385678996296,509.0000000001,0.479765050853713,0.690626694078576,0.0335477563851569,-0.534397294838284,-0.60449620463032,0.227336889530549,-0.114681631294489,-0.538958833443437,0.0341604742183544,-0.57481634866393,-0.634455748464171,-0.551254953225777,-0.170621665595804,1.21374917343117,0.995586873075879,0.0182327438479303,1.99228256557568,0.562105955755759,0.451834062908154,0.102215627178161,0.139017963839617,0.167198521564845,-0.0777192375023111,-0.0547832123199003,0.796191875990834,-0.076945805752283,-0.076945805752283,-0.106165756472758,-0.0073345629300042,-0.434320479589275,-0.414578641400851,0.424387101755488,-0.564152194993165,0.292797558790642,-0.121603888728058,2.99005496165272e-05,509.0000000001,0.0102427767105898,0.0233049795745671,0.711425014553555,1.77364844393094,2969.46084161771,0.0625,1435,2,"SNETWORK (2 41 2969.46084161771 0.711425014553555 100000810 1435)",100
16,100000811,0.943738123737825,347,0.288659805977357,0.708741764562854,0.0737102907633875,0.0682577010310203,0.067165878475577,-0.73868404303612,-0.871661937577727,-0.450426013119004,0.302512032523152,-0.620050463438567,-0.463192892627963,0.707178508990812,-0.620050463438567,-0.620050463438567,0.327230260572601,0.644402979152414,0.739059801753457,0.351158578996729,0.720286057665799,-0.443531827515401,0.0161216029479497,0.044324905863371,-0.265923265923267,0.943738123737825,9,1.07785722761759,-0.67587308110018,-0.666591432921244,-0.716111508208618,0.936295702828777,-0.458861056748206,0.303900457360519,0.0760404639702264,1.96684599310173,379.0000000001,1.19180757087618,0.104051143665076,1692.0000000001,0.281477568694307,1.47328513947049,0.0778842764006743,-0.133558703024859,-0.178482170755455,-0.804777661923569,-0.0894481143652513,1.12176630177104,-0.305877525165826,1.299799802121,0.137188606438966,0.859759078375108,1.24993133881757,-0.670569676911341,-0.84098801859949,-0.844712440568397,-0.382138204817277,0.562105955755759,0.451834062908154,-4.52365144789511e-15,-4.51494518067087e-15,-4.84823954093274e-15,-0.562851444566082,-0.7875972347953,0.389626568308418,-0.498949488395517,-0.498949488395517,0.774087175724624,1.06316675953723e-11,0.688288993663146,0.691570495157052,0.125087733518202,0.737681535002269,-0.728673885376206,0.682420381039871,0,1692.0000000001,0.0630041447232879,0.0148801315773864,0.935965078950812,0.365079205249964,3127.35109987121,0.0625,415,2,"SNETWORK (2 16 3127.35109987121 0.935965078950812 100000811 415)",100
29,100000812,-0.884197064418676,70,-0.790377993358492,-0.853832397374456,-0.959757100198023,-0.960709455694412,-0.961711264614227,0.488031730783727,0.437067978686315,1.69374350828384,-0.00824795728690509,0.990742808963705,-0.149007555570922,2.76014886072661,0.990742808963705,0.990742808963705,-0.0584105345414538,-0.525332286229214,-0.604024143665323,0.267597727722415,-0.73911559544223,1.05602816075095,-3.18648417450813,-1.88851148851148,0.604422604422604,-0.884197064418676,8,0.837544953305535,2.42320634919567,2.47921329035965,-0.494314535597393,-0.884367610071628,-0.848798752448558,-0.00623159361414334,0.694334734359616,2.07061216810472,543.0000000001,1.7976012320132,0.981446918788322,19.0000000001,0.0298136524147123,1.82741488432792,0.0561556804335747,0.203415047881289,-0.568295391889707,-0.933896159259376,-0.85508312471215,0.137977762759932,-1.41138176852438,0.0946738991427789,-0.830444564406866,-0.0984202949891931,-0.101563398124877,0.32204574652209,0.181926265500076,0.0627378994685327,0.226562829707199,-0.471792152073761,-0.752292666128179,-1.15182012691959,-1.11963854165917,-1.12046643587816,0.133438504241024,0.899991412850248,-0.118356963490601,0.138803449876666,0.138803449876666,0.63556391068468,-1.08488028734916,-0.0193380654572645,0.343847070312392,0.687648455461818,-0.173244732492758,-0.936498763040967,-0.274288700933151,0,543.0000000001,0.0552395195080221,0.000916160825552581,0.424078732237621,0.082463838160038,1081.86483486116,0.25,865,2,"SNETWORK (2 29 1081.86483486116 0.424078732237621 100000812 865)",100
3,100000813,-0.685834270099096,12,-0.494845044588713,-0.486027089260215,-0.640656641110964,-0.630828421199535,-0.621755757978306,-0.305437464270588,-0.393523643658364,0.670465285064029,1.20824674779816,-0.000259366022443129,-1.14896925407281,0.388197050662673,-0.000259366022443129,-0.000259366022443129,-4.84966297650889,0.267744721538042,0.261476919505928,1.10217651378998,0.107942109432273,0.0221765913757709,0.149700598802395,1.22237762237762,0.834152334152334,-0.685834270099096,7,0.022793553423928,4.01107989938729,4.16609553732656,0.00562779770706543,-0.68127741286027,0.145641303789069,1.20712791769019,-0.31576152977032,0.396040083438635,3268.0000000001,2.06926554042184,0.156424731325514,5316.0000000001,1.3294910685449,3.39875660886674,0.0793908094557821,1.37961398428193,1.42709402106957,0.76434120498267,-0.0214408360628704,-1.14995567120436,-0.752426154095153,-0.586671846776394,0.304387349294259,-0.570695994406429,-1.48620414839907,0.290383246823332,0.0146212416482519,0.200057594649512,-0.0714488688317498,-0.471792152073761,-0.752292666128177,-1.48074956831334,-1.42385789878099,-1.44749212629167,-0.635684001306019,-0.647674680717558,0.184669483791892,-0.554446217563641,-0.554446217563641,0.62997380073692,-11.7888238169658,0.512611570683527,0.384513028876308,-0.721511347549101,0.74979308982797,-0.910383829451157,-0.692031589589038,0,5316.0000000001,0.0483355194056662,0.0310552899501159,0.14889708491712,1.48070631290988,1405.19142214259,0.0624998605480869,13,2,"SNETWORK (2 3 1405.19142214259 0.14889708491712 100000813 13)",100
16,100000814,0.852940050749836,330,0.288659805977357,0.708741764562854,0.0737102907633875,0.0682577010310203,0.067165878475577,-0.746765905100584,-0.852917566159225,-0.429803366536738,0.359785860018309,-0.450286244304159,-0.496727808802975,0.582165471396306,-0.450286244304159,-0.450286244304159,0.351443174075176,0.593587889790966,0.682994579944212,0.262695345201619,0.672415110257429,-0.443531827515401,0.0161216029479497,0.044324905863371,-0.265923265923267,0.852940050749836,9,-0.770197485225467,-0.219027422679579,-0.217337327828572,1.2539952693298,0.849621061875132,0.524493880470074,0.360980799302725,-1.53940249245299,0.395584881103133,591.0000000001,0.373786610510311,0.121719606689179,3842.0000000001,0.74767778169974,1.12146439211005,0.0546867932259249,-0.171044202002595,-0.149449300624364,0.553162233127037,0.812606465260857,0.397349660833513,0.524389150243209,0.424497002490914,0.59630510738054,0.363140830280141,0.571890582992584,0.484238663241907,0.780972820012998,0.119058463039876,2.03561611461079,0.562105955755759,0.451834062908155,-4.52365144789511e-15,-4.51494518067087e-15,-4.84823954093274e-15,0.665384979498484,-0.0505108159118485,-0.853015083237217,0.786750993427759,0.786750993427759,-0.302510671330408,1.06316675953723e-11,-0.607796789013993,-0.508375059881979,-0.437812236404077,-0.545860755123033,0.081824889662941,0.0988391214230253,0,3842.0000000001,0.0182272314505784,0.0364595616753466,0.666113095513632,0.772965105667093,3030.69722597858,0.0625,398,2,"SNETWORK (2 16 3030.69722597858 0.666113095513632 100000814 398)",100
17,100000815,-0.618853303827553,106,0.152577399052067,0.406018494492994,-0.358045591966192,-0.357303355798844,-0.355675841278248,-0.101396167477795,-0.0901729174196428,0.225273773072336,1.17686051495495,0.706034523603484,0.0018776817192781,-0.0788147261575891,0.706034523603484,0.706034523603484,0.491549138763129,-0.0354512904221125,-0.0199495503861571,-0.428992673423896,0.00600401377053339,-0.596303901437372,0.141716566866268,0,-0.395577395577396,-0.618853303827553,9,0.772527877381994,3.39999896999097,3.51190995630055,-0.64584455757734,-0.616393369721481,0.104614122604841,1.17735650747263,0.193395360534127,0.710166420392776,911.0000000001,1.03436801984005,0.10185514377145,1150.0000000001,0.187273954357087,1.22164197409714,0.0317052616249992,3.14688802725509,3.84952654378789,0.237649970490318,-0.145780884959062,-0.515505277131659,-0.657816230767069,-0.291231971119215,0.35176581590135,-0.563626478370692,-1.44316793342947,-2.00608249381218,-1.33621094332016,0.197750300807054,-0.456122038438057,0.121428129376516,-0.277526342387342,-1.4058558810172,-1.37829262321507,-1.40813399619979,-0.360041745456384,-0.371668537169932,0.799013027653709,-0.334081546255165,-0.334081546255165,-7.8513243092176,-7.29485493055912e-10,1.23980245710365,1.15169404836778,1.13713920501758,1.09723078409601,1.06920159436843,-0.546834122392906,0,1150.0000000001,0.0268449425257147,0.00486031899928449,0.367793481570577,0.832977539743297,1739.40947202757,0.125,525,2,"SNETWORK (2 17 1739.40947202757 0.367793481570577 100000815 525)",100
29,100000816,-0.942546188140107,59,-0.790377993358492,-0.853832397374456,-0.959757100198023,-0.960709455694412,-0.961711264614227,0.452223889828757,0.376508477500172,1.60570007574674,0.108821481729539,0.907705477725016,-0.199030028469899,2.95113401867222,0.907705477725016,0.907705477725016,-0.0711358034997444,-0.381090178793507,-0.480674133978943,0.45827494874551,-0.592176030732127,0.388090349075976,-1.93862275449102,-1.29510489510489,0.10534398034398,-0.942546188140107,8,1.02186504110976,-0.0156344634680167,-0.0155546517193622,-0.680594309204133,-0.938665952024468,-0.0479573201367029,0.11058760195611,0.36313171992785,2.23661200215485,3.0000000001,0.0107277013706206,0.354413692812927,1e-10,1e-10,0.0107277013706206,0.000504701737985712,0.511094201526415,-0.140727265169496,-0.378196916939017,-0.166686509161545,0.331164489894831,-0.0132300295299627,0.341435505463658,0.156437782956597,0.340445112334201,0.408592561179005,1.48837765536619,0.966961048217164,-0.50269264673635,1.17914689009619,-0.471792152073761,-0.752292666128179,-1.4058558810172,-1.37829262321507,-1.40813399619979,-0.752052496679872,-0.318523231859059,0.351144447706344,-0.639289050242392,-0.639289050242392,-0.00573833669566139,-0.642479626117643,-0.183979599556879,-0.385074498676629,0.0856947163323763,-0.208147110566886,-0.294781739140298,-0.566035775155804,0,3.0000000001,0.000504701637985712,0,0.354700544263663,1.31581458940143,1017.50165876517,0.25,854,2,"SNETWORK (2 29 1017.50165876517 0.354700544263663 100000816 854)",100
41,100000817,-0.630067673506046,67,-0.886598059773572,-0.0928456434617663,0.315622755524543,0.310024668600395,0.31737100022456,1.00249033939897,1.18609338554646,0.848110755073188,-0.119563253615426,0.468277745566728,0.494144566009727,0.392340475512305,0.468277745566728,0.468277745566728,0.556623783063421,-0.416747732180002,-0.555857712715676,0.0988352118543249,-0.571329675033876,-0.720739219712526,0,-0.434965034965035,-0.700859950859951,-0.630067673506046,10,0.140460699087332,3.91336049345474,4.0610908503821,0.269982853419903,-0.630296911761794,-0.753673098639026,-0.114135802748385,0.506612685854531,0.0586303356742127,219.0000000001,0.0821149125296535,0.107755749369618,1783.0000000001,1.22870417403257,1.31081908646222,0.0311386076365183,0.838695072726441,-0.0327338173735905,-0.953662381285183,-0.880291227038174,0.126881691797894,-1.51241575866664,0.0686359742570189,-1.02195837297537,0.143559563430777,0.132936090046955,-0.13158756233416,-0.0151440407803249,-1.0979269458777,-0.142664217044754,-0.658232714974315,-1.30374704394875e-15,0.102215627178161,0.139017963839617,0.167198521564845,-1.29174951302937,0.302604119378855,-0.332449619997518,-0.977718131251645,-0.977718131251645,0.271068680949789,1.06316675953723e-11,0.0129368280948264,-0.127315442128746,-0.0335135556564183,0.036321990939123,0.359808911391094,0.74026724352105,0,1783.0000000001,0.00195064601793263,0.0291879615185857,0.177188429382085,0.0306923044845462,2061.31542303812,0.0625,1273,2,"SNETWORK (2 41 2061.31542303812 0.177188429382085 100000817 1273)",100
41,100000818,0.267079478140068,221,-0.419244275461604,0,0.315622755524543,0.310024668600395,0.31737100022456,0.999570572916875,0.892098091317706,-0.433245356044503,-0.480946394703044,0.617079197096655,0.759701082728016,0.270063616425031,0.617079197096655,0.617079197096655,0.412751407879015,-0.7113601462799,-0.84223770520007,-0.342280857061904,-0.86199738545576,-0.720739219712526,0,-0.434965034965035,-0.700859950859951,0.267079478140068,10,-0.268969718046909,-0.0125864571103361,-0.0125226947653781,0.2661975308113,0.26491144281186,-0.272035912360494,-0.477501421240649,0.505044667458213,0.363425589229052,1613.0000000001,3.74891341319318,0.168639854945056,282.0000000001,0.304133925519202,4.05304733861238,0.19057968255427,0.0142171330363877,-0.136757595584281,-0.372899779012376,0.0522080210166611,0.663875713246361,-0.2427869431002,0.684435665406322,-0.691835831658512,0.672225438890597,0.303538463225493,-0.31568147171151,-0.575944604123801,-1.22301307288779,-0.13575425753104,0.562105955755759,0.451834062908153,0.10221562717817,0.139017963839617,0.167198521564845,0.867460272355647,0.828710189419905,-2.67342936389673,1.07828989358153,1.07828989358153,0.391455656351682,1.06316675953723e-11,-0.358844007207063,-0.225326108466401,-0.925862977113333,-0.155294055560189,0.297181849310894,0.134931866443714,0,1613.0000000001,0.176278900329372,0.0143007821248977,0.686360733997771,0.366394785465673,2926.85422838955,0.0625,1427,2,"SNETWORK (2 41 2926.85422838955 0.686360733997771 100000818 1427)",100
35,100000819,0.914562152098324,207,1.95876350285277,1.6240746339498,1.45807027539656,1.42805593959054,1.43873085382348,0.622397853864253,0.541364967949893,-0.12446492382806,-0.261780987290541,0.0146413939208027,1.13710227506461,-0.284792517077781,0.0146413939208027,0.0146413939208027,-0.5761947184054,-0.464783075337578,-0.569268698445687,-0.790439620745526,-0.469092238797986,-1.14579055441478,2.23053892215569,2.01958041958041,-0.227886977886978,0.914562152098324,12,-0.0367230863614727,-0.201586774563364,-0.200076720508151,-0.0527480644490627,0.910340217442092,-0.429412534954201,-0.259349652342672,0.569694718195921,0.117147782660566,29.0000000001,0.0217264681999314,0.145697703757802,1075.0000000001,1.0016551611052,1.02338162920513,0.0497506280732584,-0.649719790965951,0.402319131473686,-0.429922889760727,-0.266673115839327,0.261394331983067,-0.378948909508583,0.278226700770716,-0.408634057916791,0.344531702366045,0.249675615339994,0.971240427230623,0.889020699206545,-0.723376371842827,1.00122105962091,0.596004386864676,1.11697181886013,1.752540016459,1.71154297880835,1.79848119208223,-0.592304773797565,0.398436357636394,-1.13811717592432,-0.521619908170401,-0.521619908170401,-0.247043384953353,-0.107484511015367,-0.051072708146163,0.0268390096908587,0.136919102682944,-0.0749568417277613,0.365836960017074,-0.411901480309432,0,1075.0000000001,0.00105620953207625,0.0486944184411822,0.102034892698647,2.89101792284055,5463.64042733366,0.0156249669969604,980,2,"SNETWORK (2 35 5463.64042733366 0.102034892698647 100000819 980)",100
43,100000820,-0.0527420381132433,94,0.12371145778112,0.869954874556633,0.965149594579297,0.947078472655203,0.966783102940535,-0.100035490632923,-0.0791517445234001,-0.462587164512346,-0.295530258762557,-0.523912982041487,0.670398618117528,-0.800845300885591,-0.523912982041487,-0.523912982041487,0.255534414556141,0.542747958359114,0.345052109920159,-0.177510745479767,0.688908856554374,-1.14579055441478,2.23053892215569,2.01958041958041,-0.227886977886978,-0.0527420381132433,11,0.571450004030165,-0.345708670257509,-0.342471589210847,-0.526738544358035,-0.0544672922826216,-0.213457014964049,-0.292434023520967,0.777988985630423,0.0635073521243168,1e-10,1e-10,0.0705294461058212,1.0000000001,0.0695086634698522,0.0695086634698522,0.0034661387336878,0.176955488439637,0.133621096715408,-0.604860258619535,-0.515022534329759,0.14858932922444,-0.100086338118443,0.161859776927241,-0.301324124105778,0.166548083115107,0.123776699484928,-2.11395115782841,-1.84132700270263,0.101661931649494,-0.48492666608521,-0.353148128111646,0.538992472803681,2.19258446122348,2.15155944355969,2.28302402457116,-1.7139356876629,0.222781599038642,-0.629144622533876,-1.18896566048429,-1.18896566048429,-1.50402373735435,1.06316675953723e-11,1.28515010750479,1.38293649389088,0.0402500516223118,1.41188387565894,-1.49502812176368,0.157399329898897,7.16258883667732e-11,1.0000000001,0,0.0034661386336878,0.369029740158951,0.13617937167882,3335.86614243467,0.0312500660060792,1563,2,"SNETWORK (2 43 3335.86614243467 0.369029740158951 100000820 1563)",100
17,100000821,-0.50632683097669,130,0.152577399052067,0.406018494492994,-0.358045591966192,-0.357303355798844,-0.355675841278248,-0.152515894109649,-0.140161323132146,0.186066418340527,1.1006672598201,0.652464841717062,-0.0508397351672655,-0.0856808922800511,0.652464841717062,0.652464841717062,0.476647018644534,-0.0197529725267921,0.00478428998234786,-0.356988629645748,0.0126134500868078,-0.33264887063655,-0.333618477331052,-0.204195804195803,-0.181818181818182,-0.50632683097669,9,0.525879178248284,0.748438114440632,0.7516860289439,-0.428629190047294,-0.503206362271844,-0.176889627322137,1.09981482403005,0.559087859563333,0.137012091878352,3796.0000000001,0.831537185472937,0.16314525246034,5180.0000000001,1.35114131629725,2.18267850167019,0.0897940162956436,0.733665780565619,0.80983349805149,-0.782717578207258,-0.15947235115502,0.943032282620467,-0.321066710622165,0.851419291085422,0.517530263289865,0.742100626030312,1.8310540884907,-1.53659247363758,-0.995306013431691,0.296116450070753,-0.441829451170276,0.121428129376515,-0.277526342387341,-1.4058558810172,-1.37829262321506,-1.40813399619979,-0.614698908851603,0.502417725310492,-1.21358356155121,-0.538649257059864,-0.538649257059864,-7.80526376740512,1.06316675953723e-11,0.757500183562575,0.483542085331224,-0.396342683936971,0.939451727590308,1.5028457385453,-0.0184548248257315,0,5180.0000000001,0.034208915072441,0.0555851011232025,0.452452062794537,0.539800234931778,1880.37668666617,0.125,549,2,"SNETWORK (2 17 1880.37668666617 0.452452062794537 100000821 549)",100
29,100000822,-0.901860484018134,67,-0.790377993358492,-0.853832397374456,-0.959757100198023,-0.960709455694412,-0.961711264614227,0.485517475569611,0.433619698555855,1.68875824850275,-0.00697799410827797,0.991244503813008,-0.145672318626938,2.75318342404261,0.991244503813008,0.991244503813008,-0.0707152871671396,-0.520615374941478,-0.596686963997015,0.279933371843652,-0.735428612531002,1.05602816075095,-3.18648417450813,-1.88851148851148,0.604422604422604,-0.901860484018134,8,1.05041983968294,2.79398992975674,2.86922908745562,-0.573642643687493,-0.898813847981288,-0.34172751370619,-0.00123123924644841,0.848550663563397,2.34932901230384,1530.0000000001,5.74685233798729,3.71591491709219,35.0000000001,0.2079354667637,5.95478780465099,0.171605827459688,-0.676609727904374,-0.135856823404412,-0.769492465884962,-0.0846922837183255,1.08516910036576,-0.91149955376922,0.687897533505355,-0.455876713753473,0.719040232341746,0.760445759176223,0.182014398632533,0.196874336742268,-0.748480274639637,0.193836181065698,-0.471792152073762,-0.75229266612818,-1.14994764964745,-1.11773200519717,-1.11834608043168,0.0798672747423959,0.829884229123248,0.0363549999558095,0.0820363839369882,0.0820363839369882,-0.129898932734718,-5.04769072973683,0.180775944810118,0.544249897649722,1.20197530945027,-0.0783223539856548,-0.7087530691913,-0.0948574672972858,0,1530.0000000001,0.165613516808005,0.0059923105516835,0.404755193642958,2.19635571723732,1063.93810091659,0.25,862,2,"SNETWORK (2 29 1063.93810091659 0.404755193642958 100000822 862)",100
17,100000823,0.518829843123927,272,0.152577399052067,0.406018494492994,0.0737102907633875,0.0682577010310203,0.067165878475577,-0.530442206896559,-0.618976486003801,-0.174503253159918,0.643445742713019,-0.237589881236568,-0.382188159496727,0.137548383622161,-0.237589881236568,-0.237589881236568,0.364698240662289,0.249427345870862,0.317478791679101,0.0113432032558129,0.284543676775482,-0.443531827515401,0.0161216029479497,0.044324905863371,-0.265923265923267,0.518829843123927,9,-0.644391789064107,-0.0337143171339242,-0.0335344341130216,0.954104514203027,0.521091020366415,1.25233926670808,0.643918522573222,-0.421606835629918,0.223837453114446,265.0000000001,0.0948364315930603,0.172353737671023,275.0000000001,0.0757791927735046,0.170615624266565,0.00805248196569709,-0.297895209848034,-0.404885156809823,0.685746887925729,1.05557215609649,0.570954795668596,0.951942220173444,0.590764880848427,0.951168544262568,0.746335068083914,1.40851074841091,0.310114886947456,0.167715219169693,0.151181083425749,0.64812100306953,0.33945612388617,0.0833286087502075,-4.52365144789511e-15,-4.51494518067087e-15,-9.69647908186547e-15,0.893036205294585,-1.16850486625774,1.52163112154125,1.11719006514671,1.11719006514671,-0.980402577373824,-0.516857262303587,-0.458896483897465,-0.424663085819934,0.363111567964375,-0.576265758281446,0.129456071486135,-1.06747256514111,0,275.0000000001,0.00447595962289922,0.00357652224279787,0.947071892446148,0.723308584372088,2703.98108308939,0.125,691,2,"SNETWORK (2 17 2703.98108308939 0.947071892446148 100000823 691)",100
41,100000824,-0.671843562625928,57,-0.886598059773572,-0.0928456434617663,-0.0369605603324269,-0.0422694509956289,-0.0386919408759992,0.982287484617856,1.16354909928965,0.868719738614341,-0.107666419981359,0.422659338435084,0.479201285152123,0.375608543274996,0.422659338435084,0.422659338435084,0.555491765404941,-0.37810064055257,-0.519156901715386,0.106963805893481,-0.524094843448921,-0.720739219712526,0,-0.434965034965035,-0.700859950859951,-0.671843562625928,10,-0.0391433851022715,0.584656632184683,0.586038134012978,0.0649643650880661,-0.671764033052881,-0.790199511166308,-0.105320340856484,0.634296167836939,0.0590445083921248,65.0000000001,0.024544173259371,0.0881071647534152,1121.0000000001,0.631644003571181,0.656188176730552,0.0277810784273047,0.735855968892556,0.987587722819029,-0.82855314926373,-0.556611766781823,0.418176043949096,-1.02312795604778,0.388608579201937,-0.629964935168632,0.367298921356264,0.339020184045456,0.288858614186949,0.340660575663499,-0.934883130757131,0.00230988467457636,-0.658232714974315,-1.30374704394875e-15,-0.645428219724208,-0.613207474379922,-0.613793294862732,-1.10261508570118,0.26971965690247,-0.356729050959548,-0.868695976681128,-0.868695976681128,0.347172755212387,-0.261340339516413,0.488028001615083,0.288532967092005,0.00340146676061053,0.547744081374649,0.380527191414023,0.276035649971916,0,1121.0000000001,0.00103912813626223,0.0267419501910424,0.142930392788254,0.00887733232229948,2003.08040161548,0.0625,1263,2,"SNETWORK (2 41 2003.08040161548 0.142930392788254 100000824 1263)",100
29,100000825,-0.605061252287337,126,-0.790377993358492,-0.853832397374456,-0.715996162004961,-0.715344983900652,-0.711097017555422,0.636916322269326,0.599618458671839,1.84352338844902,-0.095508034406931,1.00103672380376,-0.108680828110397,3.01458203931556,1.00103672380376,1.00103672380376,0.0650576357668154,-0.732150260245211,-0.85329324865773,0.477080535905299,-1.03820369218237,1.05602816075095,-3.18648417450813,-1.88851148851148,0.604422604422604,-0.605061252287337,8,0.319466312153469,0.0470158592495307,0.0468132501269184,-0.34518158687102,-0.602616744447551,-0.312152560983456,-0.0932703312810166,0.778367893254517,5.18115905715775,2182.0000000001,18.0749222081972,0.0368922634283279,68.0000000001,0.00401087372310256,18.0789330818203,0.841221364610179,-0.429150361443816,-0.419044639261058,-0.564822122853303,0.336926489302261,1.42283652019459,-0.300692280927349,1.45201803998017,-0.176630402392083,1.36566625905329,1.29556512426108,-1.96489858254689,-1.13614521585268,0.149949347274289,-0.454732168731308,-0.471792152073761,-0.752292666128177,-0.897784372821835,-0.860982036160378,-0.83280147843515,-1.41492350608898,0.245478306175693,-0.735630958977276,-1.04371112815114,-1.04371112815114,0.792579762544788,-11.7860367313933,0.689762909627641,0.543648401534922,-1.9391145050311,1.2379652367949,-0.95987906181243,0.93188920416871,0,2182.0000000001,0.841034736650734,0.000186627859445739,0.768661430258289,1.13550886546727,1401.53932507218,0.25,921,2,"SNETWORK (2 29 1401.53932507218 0.768661430258289 100000825 921)",100
37,100000826,0.138277953049207,45,1.29896932353205,1.22104076566898,1.45807027539656,1.42805593959054,1.43873085382348,0.0951680926939621,0.0227527385606442,-0.504429191093692,0.684480671991945,-0.326019282400788,0.60652211955529,-1.08578394929537,-0.326019282400788,-0.326019282400788,-0.515510490343025,-0.539304031655727,-0.581222956569241,-0.447485463377271,-0.62582512920509,0.170020533880904,-0.850299401197607,-0.17062937062937,0.240786240786241,0.138277953049207,12,-0.181711023598295,0.423080858525059,0.423244784456894,0.205464417889718,0.137555881890611,-0.208755508473444,0.685249859383883,0.0391843307627622,0.110561739840287,857.0000000001,0.605958312958519,0.0801736667820943,360.0000000001,0.184582833755841,0.790541146614359,0.0344313979989618,3.24837840474721,-0.0925174680694134,-0.289775240060815,-0.304014751816703,-0.0136651307191194,-0.277950514270358,-0.0129612205972128,0.364656803430739,0.0910705844122226,0.180921940426225,0.556268445542074,0.179257009790722,0.320437451974035,0.443905815226107,0.528207847926238,1.07109749798066,2.19258446122348,2.1515594435597,2.28302402457116,0.884027741347768,1.34083370375227,-1.53958962583524,1.1034354228966,1.1034354228966,-1.0879640562805,-1.020367791189,-0.402915437442435,-0.177104383443367,-0.523149320975828,-0.300850358561557,-0.490002175742432,-1.60152288982825,0.0010230670995015,857.0000000001,0.0263920377480772,0.00803936015088455,0.262552880271591,0.761940943884396,4498.23203180508,0.0312499339939208,1093,2,"SNETWORK (2 37 4498.23203180508 0.262552880271591 100000826 1093)",100
43,100000827,-0.430118054356177,24,0.12371145778112,0.869954874556633,0.532114998802948,0.540517197237357,0.552449009633917,-0.276762947925043,-0.211884896482255,-0.624731236482974,0.0175111291862484,-0.314382518897688,0.552549746944312,-1.25061619177959,-0.314382518897688,-0.314382518897688,0.401632885892575,0.588191820953074,0.39337164004015,0.00126086215582362,0.713474273937479,0,0.0419161676646709,0.81118881118881,0.429975429975429,-0.430118054356177,11,-0.201329602616429,-0.0338941009111951,-0.0337131808979181,0.168073130453545,-0.428584925021912,-0.181039665089067,0.0287497756927888,0.184263754983192,0.064251372690661,2.0000000001,0.126642906896307,0.0700216182576252,6.0000000001,0.414049112415074,0.540692019211381,0.0255196474048582,-0.234511759969162,-0.220396201875295,0.484053021535254,0.61916185243743,0.206272120685425,-0.141392862381202,0.213211194448413,0.0222814530938221,0.218684741539256,0.3136739027513,1.13660337757268,0.87116802158455,0.0674649023916765,1.80790256281845,-0.353148128111646,0.538992472803681,0.102215627178161,0.139017963839613,0.167198521564845,0.226866368612695,0.882100521122351,-0.355244551483537,0.241268933175045,0.241268933175045,-0.464061085382311,-0.0213707127116802,-0.964555468543653,-0.896370121898757,-0.7871975078926,-0.85219353179366,0.362134551727736,0.0237807429229079,1.6118980236257e-13,6.0000000001,0.00597730723012214,0.0195423400747361,0.0913214258837718,0.651778868126828,2930.78167224996,0.0312500660060792,1495,2,"SNETWORK (2 43 2930.78167224996 0.0913214258837718 100000827 1495)",100
17,100000828,-0.802430766942154,67,-0.711340194022643,-0.147031598306002,-0.358045591966192,-0.357303355798844,-0.355675841278248,-0.0467220690794584,-0.0387999285272901,0.302109334637039,1.30244021912912,0.688136455090707,0.0524031515021359,-0.0969648967445124,0.688136455090707,0.688136455090707,0.508018708064194,-0.0118987221931752,-0.0121999066095054,-0.451690546233173,0.0398503712224911,-0.596303901437372,0.141716566866268,0,-0.395577395577396,-0.802430766942154,9,0.841770710175715,0.072097839580197,0.0718100434240181,-0.618497649993435,-0.802137627265137,0.111892521297362,1.30295799008675,-0.485644524368874,0.12256175579687,637.0000000001,0.124821955146786,0.146180263458749,2495.0000000001,0.583117217117199,0.707939172163985,0.0327956476742731,0.0996412971209683,-0.838960175521606,0.162462243488208,-0.171666613550725,-0.52119577434668,0.112462305291075,-0.529885387368043,0.819701925127554,-0.167964091611219,-0.449652620754154,0.363657035392669,0.267927254595789,-0.953415760836225,0.383983861755794,-0.573486960481418,-0.669724488096057,-1.4058558810172,-1.37829262321507,-1.40813399619979,0.0509952390898081,0.892081425171431,-0.32701204099392,0.052026089957638,0.052026089957638,-0.431979199211258,1.06316675953723e-11,-0.234996087577917,-0.235796758415779,-0.597965441945547,-0.0988641085568709,0.557242545172275,1.1035693558216,0,2495.0000000001,0.00578244149890914,0.027013206075364,0.227784724236657,0.160183107480407,1506.2772335583,0.125,486,2,"SNETWORK (2 17 1506.2772335583 0.227784724236657 100000828 486)",100
13,100000829,0.872289623146061,314,0,-0.0695595240108285,-0.110963835372034,-0.110383201657025,-0.109843962764069,-0.957026452710533,-1.15218829859635,-0.450409682078116,-0.345359683053475,-1.53521489632893,-1.62492265239224,-0.075143849835249,-1.53521489632893,-1.53521489632893,-2.96505528301828,0.609436304042412,0.849630564931917,1.77322210645426,0.415874055970995,1.07186858316222,-1.64670658682635,0.299300699300701,1.38452088452089,0.872289623146061,7,-0.259494669808554,0.24054366346062,0.240092662838246,0.0713876560488654,0.867530549426538,-0.512657646796868,-0.327833094323633,0.456380254325889,0.0467295796275704,3365.0000000001,0.251403880207044,0.0827627809001387,1776.0000000001,0.235002818164515,0.486406698271559,0.021875283423771,0.620758009817131,-0.13733014310146,-0.62173200961698,-0.669130725337697,-0.0607762007220522,-0.57891751703151,-0.0600372337210705,-0.618407090775247,0.063434121329219,0.0690936178469819,-2.35338664972518,-2.22154794842145,0.0867279601810563,-0.490463636900759,0.223123099423871,0.103212322371745,0.000480866141918987,0.0349290148369488,0.115671933158067,-1.19406273051013,-0.437386784180163,0.272712345805669,-0.922612125104122,-0.922612125104122,5.83054944865527,1.06316675953723e-11,1.32434542964595,1.6374975350286,2.17527045750819,0.939034354247417,-0.0922101975289779,-0.739018989631978,0,3365.0000000001,0.0113064460804304,0.0105688372433405,0.297650360346941,1.15060512907803,3156.50476424056,0.0156249651370217,314,2,"SNETWORK (2 13 3156.50476424056 0.297650360346941 100000829 314)",100
43,100000830,-0.143040850173401,74,0.12371145778112,0.869954874556633,0.545150200838989,0.54037036033024,0.554967563992924,-0.113651454671521,-0.105281517495147,-0.458917507730307,-0.28069134376467,-0.546326342076303,0.608803931722913,-0.68979027918562,-0.546326342076303,-0.546326342076303,0.267373044216706,0.600826258331991,0.406594778578643,-0.0483073691561416,0.738476083007044,-1.14579055441478,2.23053892215569,2.01958041958041,-0.227886977886978,-0.143040850173401,11,0.121082764809807,-0.60578547834875,-0.598033792837058,-0.24738260562287,-0.146278287624676,-0.887220422066093,-0.277971297724658,0.675566377114871,0.03477818156348,1.0000000001,0.034274832029931,0.0376645532505346,2.0000000001,0.0742388576035833,0.108513689533514,0.00566576875088759,-0.336398832047377,0.22076982267621,-0.927036955005919,-0.910396937603994,0.041321830746825,-0.955775897651751,0.0463621248813849,-0.785049701716992,0.0160498453824379,0.0110939520717873,-1.14317433557509,-0.867175546449378,0.00160403448143254,-0.443216507375594,-0.353148128111646,0.538992472803681,0.102215627178161,0.139017963839617,0.167198521564845,-1.02034477334393,0.0341589813133716,-0.187242111755596,-0.818182526296039,-0.818182526296039,0.641366533336467,1.06316675953723e-11,1.09278880665869,1.04887648078138,0.866670558116014,0.961338655748373,-1.45772486179969,-2.74466843948844,0,2.0000000001,0.00178957391714181,0.00387619473374578,0.294863829035204,1.0468370932603,3227.68263740803,0.0312500660060792,1544,2,"SNETWORK (2 43 3227.68263740803 0.294863829035204 100000830 1544)",100
3,100000831,-0.540958175948152,48,-0.494845044588713,-0.486027089260215,-0.640656641110964,-0.630828421199535,-0.621755757978306,-0.319091987558382,-0.394238603343636,0.67605160532587,1.05408077721747,0.0756909277042856,-1.12251409844753,0.363574244546888,0.0756909277042856,0.0756909277042856,-4.86800429499367,0.250689777463156,0.277870736186176,1.32776247101741,0.0451468481729976,0.0221765913757709,0.149700598802395,1.22237762237762,0.834152334152334,-0.540958175948152,7,0.842937397778399,0.845786108308313,0.850439842443697,-0.583127600973765,-0.539615767849525,0.435117328332875,1.05337456062176,-0.151339823723172,0.156967874206234,1973.0000000001,0.495145568098724,0.234253873729214,4965.0000000001,1.85952091884172,2.35466648684044,0.0952326737464824,0.922762944387963,2.40069997991768,0.844727594311978,0.287569245748127,-0.81021101634361,0.179726956091244,-0.718335976431735,0.762838270012791,-1.43038858489227,-3.44191761049598,0.257394839774415,0.0819373287428661,0.188198491965182,0.187156928669298,-0.327724466419656,-0.606650446634182,-1.18926697056759,-1.14241875549932,-1.14014680236341,0.38059757979113,0.871291037223765,-1.64317554432538,0.419916294962035,0.419916294962035,0.237836410887777,-2.34518077815324,-0.760641790245987,-0.785223928322767,-1.58162897812822,-0.436939947695079,0.339026423624654,0.402991483216821,0,4965.0000000001,0.0200257813793408,0.0752068922671416,0.299368007918776,1.35633977047941,1622.15555442183,0.0624998605480869,49,2,"SNETWORK (2 3 1622.15555442183 0.299368007918776 100000831 49)",100
3,100000832,-0.371172962835889,90,-0.226804037760009,-0.273941878615531,-0.467885001197052,-0.45962963966976,-0.447550990366083,-0.341342310377166,-0.415682729954575,0.577961682009429,0.827675067825861,-0.0531323329951711,-1.19923768708572,-0.100860973592393,-0.0531323329951711,-0.0531323329951711,-4.62440941227102,0.202428830863651,0.26199194942326,1.18907693645578,0.0096903634522368,0.637577002053388,-1.16766467065868,0.37272727272727,1.11578624078624,-0.371172962835889,7,0.448127985547052,1.75869053864051,1.78677875296992,-0.428976132757959,-0.370187758672945,-0.269825210103061,0.829305605192165,0.449970128350355,0.650955458614118,5775.0000000001,6.01032969865249,0.0551546318203478,275.0000000001,0.0242498869910408,6.03457958554353,0.208125635922569,1.07793697851907,0.703236159693701,-0.451246644563026,-0.49895031610064,-0.0617577345549737,-0.63489609838162,-0.045518463730814,0.22659618345223,0.194820618166211,0.41540692737947,-0.39697718070102,-0.554876239657284,0.273094600192432,-0.333042604852165,-0.183656619125852,-0.461007527196319,-0.897784372821835,-0.860982036160374,-0.83280147843515,-0.620357781895851,-0.456641079993114,0.572591617111282,-0.542924352774604,-0.542924352774604,0.311092887305708,-17.5750606551684,1.44193090344278,1.35194392327995,1.26338332582042,1.28811288913726,0.471514783135743,0.120188785478574,0,5775.0000000001,0.207289285409692,0.000836350412876738,0.473405778999916,0.4660329125353,1873.10074192504,0.0624998605480869,91,2,"SNETWORK (2 3 1873.10074192504 0.473405778999916 100000832 91)",100
43,100000833,0.107120267346839,116,0.12371145778112,0.869954874556633,0.965149594579297,0.947078472655203,0.966783102940535,0.0151203735979219,0.0179006573772851,-0.464534919702301,-0.351763925939981,-0.323653941565576,0.794224516587625,-0.873193740897596,-0.323653941565576,-0.323653941565576,0.250744604005938,0.455293937613961,0.265536010320632,-0.41735688944237,0.62256061308106,-1.14579055441478,2.23053892215569,2.01958041958041,-0.227886977886978,0.107120267346839,11,1.13439226728001,-0.348587401036098,-0.345310250931811,-0.720111180726965,0.10421875667829,-0.654458438719978,-0.348298959666925,0.801075433939013,0.638452640213731,6.0000000001,3.77527334924237,0.0357334863152735,3.0000000001,0.105648931363278,3.88092228050565,0.193625569993496,0.369628351276688,0.362642708484379,-0.843482532187562,-0.434313048919609,0.634650149024315,-0.640778962545641,0.693898825003542,-0.686190584765546,0.415972895449491,0.252546141726453,-0.285146154183802,-0.633858092530468,-0.0194211933584194,-0.377411522413759,-0.353148128111646,0.538992472803681,2.19258446122347,2.15155944355969,2.28302402457116,-0.862681330273114,-0.13212074292339,0.171304496738957,-0.715780666269916,-0.715780666269916,0.122334951899404,1.06316675953723e-11,0.548743332916842,0.509094556302073,0.691816373709222,0.532949919668645,-0.333582815566171,-0.25293628659594,0,6.0000000001,0.188354571649658,0.0052709982438383,0.457256754446284,2.47823624656445,3464.5601407827,0.0312500660060792,1585,2,"SNETWORK (2 43 3464.5601407827 0.457256754446284 100000833 1585)",100
3,100000834,0.0180109682510663,174,-0.226804037760009,-0.273941878615531,-0.467885001197052,-0.45962963966976,-0.447550990366083,-0.406467473280949,-0.482712389094277,0.522516236035986,0.581231153708633,-0.438712265958518,-1.24872157261196,-0.621145167816343,-0.438712265958518,-0.438712265958518,-4.63770961044558,0.181144511111154,0.261250074866449,1.07695635702591,0.00338166128473168,0.0739219712525668,-0.0898203592814364,1.0005994005994,0.837837837837838,0.0180109682510663,7,-0.307120588502172,-1.56947877208134,-1.52848694671778,0.100136750274346,0.0197251267770146,1.26174250956371,0.582528466281537,-0.369701973583661,0.108575079317654,3224.0000000001,0.559654786538477,0.060417763702404,1112.0000000001,0.107414884946808,0.667069671385285,0.041337964945195,-0.00636832231491798,-0.0233254726645326,0.826151515326284,1.31237728516867,0.740470094456202,1.40086405779422,1.00441380696615,1.12011993628117,0.376570409039697,0.723950329909563,0.772522737462406,0.835997983526925,-0.788180368672428,2.99626929710294,-0.00803568513086826,-0.217414618941578,-0.751834212897414,-0.690544926566656,-0.641104661755904,1.04781973337779,-0.961633963685641,1.1036302593584,1.3627935089845,1.3627935089845,-0.352604051362985,-0.222429809284511,-0.729985151571936,-0.769189477145539,-0.702923977623857,-0.615640808237464,-0.368901653688986,-0.362202263658586,0,3224.0000000001,0.0346815196119818,0.00665644523321316,0.808886212862,1.62486567763618,2356.83022119957,0.0624998605480869,175,2,"SNETWORK (2 3 2356.83022119957 0.808886212862 100000834 175)",100
17,100000835,-1.00674839398365,16,-0.711340194022643,-0.147031598306002,-0.358045591966192,-0.357303355798844,-0.355675841278248,-0.00448660777970422,-0.00423851178156558,0.396230975040379,1.41838180989407,0.617258308271998,0.0619078669977452,-0.0947837022604839,0.617258308271998,0.617258308271998,0.515913572985202,0.00784285704851709,-0.00902213830326312,-0.556427957790047,0.0839139074134125,-0.596303901437372,0.141716566866268,0,-0.395577395577396,-1.00674839398365,9,0.683534119194491,-0.162528273412026,-0.161392707845248,-0.564393395624786,-1.0029346291145,1.09712553249331,1.41903979926201,-1.38783973375818,0.403189658544678,2830.0000000001,1.82428376977645,0.171540697622202,746.0000000001,0.204598560564851,2.0288823302413,0.0979549700360193,-0.352521285694385,-0.362484876304525,1.31506060051235,1.39189060535877,0.104925476699586,0.895771586785631,0.110640732259538,1.23402879572431,0.10242411890034,0.311009108322387,-0.069735694559566,-0.262620161464701,-1.19179848619532,-0.197291160822555,-0.675181930528773,-0.587156310063935,-1.4058558810172,-1.37829262321507,-1.40813399619979,-0.458216802964368,-0.896507627351739,0.364264303023546,-0.415841297562171,-0.415841297562171,0.770711215448831,1.06316675953723e-11,0.276812946733723,0.0874605761520197,-1.36652031793368,0.647358150365912,0.806632398369556,0.855861125949331,0,2830.0000000001,0.0880768978854379,0.00987807205058147,0.0534811970658559,0.28219663258642,1216.03987815129,0.125,435,2,"SNETWORK (2 17 1216.03987815129 0.0534811970658559 100000835 435)",100
17,100000836,0.361746298091849,257,0.152577399052067,0.406018494492994,0,0,0,-0.525230974134569,-0.60842689846711,-0.174303524517319,0.660185066896066,-0.192472484335344,-0.402623923189025,0.208474382523519,-0.192472484335344,-0.192472484335344,0.370110430353758,0.247471555557434,0.313330970259151,0.0203088751596163,0.280436039032702,-0.443531827515401,0.0161216029479497,0.044324905863371,-0.265923265923267,0.361746298091849,9,-0.608337068363316,0.788003761558817,0.791796608274336,1.04276753666947,0.362132665375652,0.731973930747057,0.660536105544271,-0.206604566730156,0.850355971678972,1309.0000000001,1.77965978593795,0.140838099372187,3962.0000000001,0.892136280339983,2.67179606617794,0.109157175172573,-0.151585644290391,0.112056828936301,0.361473625368003,0.75283270791121,0.600839481537294,0.404461616083741,0.538902617761792,0.702767254383621,0.542386679456168,1.03770431343563,-0.241614531217617,-0.00231063702065493,0.152910540997861,0.425477380855248,0.121428129376515,-0.277526342387341,0.0154295760021166,0.0209849344756683,0.025238824699765,1.04004303690603,-0.504698424242648,0.912605634464374,1.35002546253632,1.35002546253632,-0.964089765041686,1.06316675953723e-11,-0.309656175669919,-0.120094134178684,0.240754226508273,-0.383252552236363,0.336943845651765,0.184716943420465,0,3962.0000000001,0.0727086312008459,0.0364485438717273,0.897089620015219,0.710412641607077,2620.75429586913,0.125,676,2,"SNETWORK (2 17 2620.75429586913 0.897089620015219 100000836 676)",100
41,100000837,-0.735350472704134,43,-0.886598059773572,-0.0928456434617663,-0.0369605603324269,-0.0422694509956289,-0.0386919408759992,0.967493990829583,1.14876122081376,0.889977105467115,-0.0925357158245727,0.361652799867797,0.462535570145691,0.358999321475118,0.361652799867797,0.361652799867797,0.548252036397219,-0.329341052316769,-0.476274371619867,0.0962519035556045,-0.46066234931438,-0.720739219712526,0,-0.434965034965035,-0.700859950859951,-0.735350472704134,10,0.186620523837011,2.98214752419211,3.06809439989998,-0.173319181647225,-0.7359519333053,-0.706104553608165,-0.0839527228256526,0.0268133673336441,0.094036016981685,340.0000000001,0.204469569147148,0.112931101183942,2081.0000000001,1.50293840460355,1.7074079736507,0.0476287266908501,-0.543752369557616,-0.300173810036855,-0.482722108888246,-0.650936532470325,-0.253697688118032,-1.32238380879286,-0.153229982581818,-0.830271551867837,-0.292335218942559,-0.267118566379926,-0.884630763882484,-1.09589619353507,-1.24474808111056,-0.372229052778473,-0.658232714974315,-2.60749408789749e-15,-1.4058558810172,-1.37829262321507,-1.40813399619979,0.339919425863932,1.04681106821215,-0.465786770325806,0.371389866865624,0.371389866865624,2.20448106725332,1.06316675953723e-11,0.387469378063945,0.162536417960274,-0.198019001545481,0.486267241532115,0.453330106340075,1.21499325812704,0,2081.0000000001,0.0057037482260571,0.041924978364793,0.0946021075367003,0.252332037319732,1920.92745279615,0.0625,1249,2,"SNETWORK (2 41 1920.92745279615 0.0946021075367003 100000837 1249)",100
28,100000838,-0.110097882169913,195,-0.790377993358492,-0.853832397374456,-0.715996162004961,-0.715344983900652,-0.711097017555422,0.76195668791699,0.762481814739017,2.05032822564465,-0.445866685615324,0.273935034958501,0.0874381797419371,2.76542832479532,0.273935034958501,0.273935034958501,-0.0422460416341356,-0.886473206959921,-0.955828100022236,0.684385267401526,-1.27071142563639,0.468172484599588,-2.26546906187625,-1.53286713286713,0.194922194922195,-0.110097882169913,8,-0.48131618246895,1.41859757393801,1.43585014750492,0.884108450981278,-0.104902170576,1.92951504457653,-0.441508219068601,-0.841343999662506,0.114044618634366,4623.0000000001,0.842933775636943,0.0690467882681716,3717.0000000001,0.410327673886507,1.25326144942345,0.0458612322425328,0.488107984088442,0.619056341469914,2.09101779438588,1.42390466895497,-1.02830344103629,0.896801982089057,-0.824493225974861,-0.0567390950494114,-1.04621565642519,-0.493623727441327,0.440649720424588,0.399615932431636,-0.0525820173051232,0.978628643132665,-0.366608996487314,-0.66811243551443,-0.897784372821839,-0.860982036160383,-0.832801478435155,0.523564132227164,0.51069515151234,-0.0629015873056286,0.597972312480213,0.597972312480213,0.0838452587267248,1.06316675953723e-11,-0.758498858098085,-0.725095760228099,-0.527223512413691,-0.689316011854184,0.0413495526692414,0.417492610968319,0,4623.0000000001,0.0308459033680085,0.0150153287745244,0.209768661206256,0.938835412159954,1782.68718606117,0.125,736,2,"SNETWORK (2 28 1782.68718606117 0.209768661206256 100000838 736)",100
41,100000839,0.20049582373443,214,-0.419244275461604,0,0.315622755524543,0.310024668600395,0.31737100022456,1.00854414231784,0.89948752613277,-0.418338091579133,-0.473299402134596,0.660091994565026,0.743225149837474,0.270900133875498,0.660091994565026,0.660091994565026,0.421850516384982,-0.69535267584775,-0.824808722322218,-0.345510727074644,-0.841224951410962,-0.720739219712526,0,-0.434965034965035,-0.700859950859951,0.20049582373443,10,-0.240105627147513,0.0210960561703721,0.0209982044294009,0.229490321460185,0.201336815286352,0.283572849544235,-0.469979778422174,0.215128938150365,0.146563134457215,945.0000000001,0.885751898796875,0.0346452151420436,482.0000000001,0.106793750622919,0.992545649319794,0.0463948371381279,-0.63151557991265,-0.682987077385371,0.605916690618446,1.30967673753607,1.1073704285716,0.271972052096543,1.13516531786726,-0.409933151561573,1.06250923372235,0.487379875656661,0.454204660167907,0.407404159917666,0.100819747488047,0.827436703251564,0.562105955755759,0.451834062908155,0.102215627178161,0.139017963839626,0.16719852156485,0.359739364062266,0.0123962165738245,1.12475980278533,0.394918587652816,0.394918587652816,-0.177576392386078,-0.0633800030713872,-0.437395896489896,-0.409605159666035,-0.255666426769219,-0.40323311275491,0.319777170975693,-0.541953632926607,0.00109535238828142,945.0000000001,0.041402947087176,0.00499188995095187,0.664396471877829,0.990910035092384,2889.51731704661,0.0625,1420,2,"SNETWORK (2 41 2889.51731704661 0.664396471877829 100000839 1420)",100
29,100000840,-0.966757985627007,52,-0.790377993358492,-0.853832397374456,-0.959757100198023,-0.960709455694412,-0.961711264614227,0.440295084444974,0.366553878854087,1.59835935387032,0.117975799642143,0.886614997931561,-0.208048835899574,2.93095482590047,0.886614997931561,0.886614997931561,-0.0842882131184873,-0.356484206666563,-0.457267861494746,0.488077164126682,-0.566610198248731,0.388090349075976,-1.93862275449102,-1.29510489510489,0.10534398034398,-0.966757985627007,8,1.13139827647427,-0.245945828319043,-0.243962265896486,-0.71648232830936,-0.96511518911004,0.4492596621461,0.11971671695672,-0.700932499163767,3.29393089011477,3047.0000000001,16.0465510772721,0.30899011363999,1087.0000000001,0.536993332939701,16.5835444101118,0.812525033699719,-0.298870472155348,-0.287556665168016,0.551108936537268,0.0993807665351157,-0.708026487620585,0.474247964832213,-0.76154434786439,0.406353158139849,-0.630773587859351,-0.759180919308119,-0.2411573602674,-0.106419164358904,-1.04144182154006,-0.10510397294537,-0.471792152073762,-0.752292666128179,-1.4058558810172,-1.37829262321507,-1.40813399619979,-0.0172536352112778,-0.951221670681669,0.66968941322951,-0.0173245438560739,-0.0173245438560739,0.408263212245229,-0.199341653033626,-0.248965497754253,-0.339488877372678,0.139777084934534,-0.292387481995721,-1.18690261898038,-0.30709448832925,0,3047.0000000001,0.786214583009616,0.0263104505901035,0.315514283138453,1.15094197478814,981.147981925229,0.25,847,2,"SNETWORK (2 29 981.147981925229 0.315514283138453 100000840 847)",100
43,100000841,-0.41136202712548,27,0.12371145778112,0.869954874556633,0.532114998802948,0.540517197237357,0.552449009633917,-0.319190763514125,-0.258413129389373,-0.682622746769557,-0.00173486041366027,-0.358012053793678,0.526941608568637,-1.23905642917607,-0.358012053793678,-0.358012053793678,0.390881018678059,0.625898217615734,0.428185065717261,0.0362719629762273,0.754602784163268,0,0.0419161676646709,0.81118881118881,0.429975429975429,-0.41136202712548,11,0.193984788577201,0.0955799136574195,0.0952267499247144,-0.242909854955878,-0.407349804863817,0.786655997045654,0.0043481670142486,0.792140087535617,0.092610427464707,10.0000000001,0.91270063576078,0.0697745234774185,3.0000000001,0.206294000629902,1.11899463629068,0.0516242407415105,0.766230706189138,0.032562711346853,-0.797034817063928,0.812355676966731,2.45014643833912,0.625736373105801,2.47935746617929,0.383257928273264,2.29432836105552,2.46048795624561,0.487545166773572,0.536696719129712,0.0674649023916765,0.919156849891258,-0.353148128111646,0.538992472803681,0.102215627178161,0.139017963839617,0.167198521564845,0.240084963879851,-0.317229983667286,-0.355244551483537,0.256130755803399,0.256130755803399,-0.122929373625291,1.06316675953723e-11,-0.831430943294471,-0.699371986135858,-0.56789990871194,-0.750031891401915,-0.0740255207332256,0.0163543054870433,0,10.0000000001,0.042106973282205,0.00951726735930556,0.103475731639873,1.11890638526529,2948.51077957079,0.0312500660060792,1498,2,"SNETWORK (2 43 2948.51077957079 0.103475731639873 100000841 1498)",100
17,100000842,0.175787386415149,235,0.152577399052067,0.406018494492994,0,0,0,-0.482661107521516,-0.538575665104178,-0.158627150076819,0.711970839226441,0.010374686686455,-0.344620751556122,0.171075885242426,0.010374686686455,0.010374686686455,0.380681961192548,0.23437130847008,0.299132719406147,0.00163983272734225,0.267335867476791,-0.443531827515401,0.0161216029479497,0.044324905863371,-0.265923265923267,0.175787386415149,9,-0.474911772762095,-0.470070459233489,-0.464901376612845,0.530200367270974,0.174332578835325,0.140577745093467,0.712119978345872,-0.411143439106522,0.0742156731507905,424.0000000001,0.0503104338416736,0.0999846223354476,4181.0000000001,0.668359233488563,0.718669667230237,0.0366335146067819,-0.445770139517194,-0.856680050687941,0.378593000031878,0.00217170389602104,-0.597312531163562,0.276652404149521,-0.668713270031906,0.665094784810183,-1.36938104504572,-2.68117902566855,0.556328685694135,0.648228498201817,0.157825331763505,1.77056177183066,0.121428129376516,-0.277526342387341,0.0941053598367586,0.1279876264722,0.153932206555935,0.715501833302722,-0.788505234895552,0.803512201914657,0.85650985932953,0.85650985932953,-0.582872450939411,-0.14573745288841,-0.422202476766576,-0.366257402741926,-0.189601736000811,-0.402552698475532,0.937245928528893,0.527599978436501,0,4181.0000000001,0.00256452733239414,0.0340689871743878,0.821914932735709,0.100088451006971,2495.57896072991,0.125,654,2,"SNETWORK (2 17 2495.57896072991 0.821914932735709 100000842 654)",100
36,100000843,0.777227913961704,181,1.29896932353205,1.22104076566898,1.45807027539656,1.42805593959054,1.43873085382348,0.434963658581828,0.384648357038136,-0.172847115656241,-0.0309258711909609,-0.344374566908044,0.850550765389138,-1.70361520652362,-0.344374566908044,-0.344374566908044,-0.702580606146357,-0.544776279147497,-0.651831889221315,-0.88246244156281,-0.553094443342821,0,0.0419161676646709,0.81118881118881,0.42997542997543,0.777227913961704,12,-0.0158387318776727,3.16095289676777,3.25764753207733,0.0263139409706694,0.776466887804871,0.241987188466649,-0.0231145753694849,0.597790534410222,1.36648563745504,282.0000000001,2.46440023523328,0.0942549143172854,1900.0000000001,1.1452878815063,3.60968811663959,0.0976295656706369,-0.505617032328915,0.14925520776355,0.0628502723559051,0.184291245332057,0.190433570223606,-0.506697131136407,0.1150992221748,-0.22596989094374,0.0396155772101883,0.051566576567379,-1.291941142764,-1.08159689735777,0.0585368699981434,-0.417166297629062,0.596004386864676,1.11697181886013,2.19258446122347,2.15155944355969,2.28302402457116,-0.216947943912519,-0.402275513656369,-2.13205325027826,-0.207992030962185,-0.207992030962185,-1.99299096361202,1.06316675953723e-11,0.112217859683853,0.317759887237438,0.710329124388994,-0.0346381822392992,-0.0766233317033847,0.875923989445121,0,1900.0000000001,0.0666534937591468,0.0309760718114901,0.352721379447206,1.56501897288541,5314.36622408231,0.0156249669969604,1029,2,"SNETWORK (2 36 5314.36622408231 0.352721379447206 100000843 1029)",100
13,100000844,0.952866407658197,327,0,-0.0695595240108285,-0.110963835372034,-0.110383201657025,-0.109843962764069,-0.942493765358355,-1.13365410839891,-0.417862952667792,-0.362842842812575,-1.61975845441611,-1.58757912226385,-0.00882256522636415,-1.61975845441611,-1.61975845441611,-2.89491735651626,0.624244761952743,0.862160196408319,1.77152262707381,0.434852611281213,1.07186858316222,-1.64670658682635,0.299300699300701,1.38452088452089,0.952866407658197,7,1.05330693612596,-0.221216663136806,-0.219503408180682,-0.696084239871453,0.946853911963588,-0.4658363660234,-0.359902616741536,0.311104443670415,0.0372104932403886,2566.0000000001,0.152657136709433,0.0313273300778187,649.0000000001,0.0325059687971158,0.185163105406548,0.00903273243328858,0.234967088952164,-0.529085278733365,0.0183414821031071,-0.0653312190004437,-0.126713444216246,-0.418958427789371,-0.136141724499296,-0.574859319247543,-0.149484281611253,-0.0878609713918291,1.88454596664388,0.993123032091961,-0.40188233439707,1.38773425916287,0.172275614400193,-0.0871570100077988,0.000240433070957232,0.0174645074184722,0.0578359665790313,-0.285670406734975,-1.11107542302655,-1.04036898824768,-0.269600397184289,-0.269600397184289,-0.287713587714535,-1.59948022629729,-0.747252457438877,-0.622090225685729,-0.506958738594376,-0.68189410424569,-0.819597269354381,-1.59647302464738,0,2566.0000000001,0.0074470076070306,0.00158572472625798,0.386892728046767,0.846110279005639,3229.48583438102,0.0156249651370217,327,2,"SNETWORK (2 13 3229.48583438102 0.386892728046767 100000844 327)",100
43,100000845,-0.233739396732792,61,0.12371145778112,0.869954874556633,0.545150200838989,0.54037036033024,0.554967563992924,-0.33951758192218,-0.330253922574576,-0.641142651122301,-0.228400609884698,-0.663052921169247,0.450809378921075,-0.530447963644449,-0.663052921169247,-0.663052921169247,0.311124234437624,0.741721095618394,0.543695174726484,0.287052789353867,0.854711136046861,-1.14579055441478,2.23053892215569,2.01958041958041,-0.227886977886978,-0.233739396732792,11,0.47891411968598,0.33811034118952,0.337886642258857,-0.432376732246667,-0.236401860928577,-0.789491555434029,-0.225818928663521,0.286238066000935,0.438462976466282,2.0000000001,0.864234079632452,0.259098476830287,4.0000000001,1.0213940315915,1.88562811112396,0.0833614827967719,2.2251595096139,1.34941828501718,-0.50518005468552,-0.84694975697937,-0.480375032954026,-0.976148151067986,-0.465839742942693,-0.732020874547015,-0.340448675926029,-0.252381961152838,0.749191998377354,0.310922769556051,0.1196154028074,0.194989716652271,-0.353148128111646,0.538992472803681,0.102215627178161,0.139017963839617,0.167198521564845,-0.212313615852105,-1.08409677606863,0.283789041320849,-0.203765818784018,-0.203765818784018,0.297368522073886,-0.0318276853875153,0.0458593698897346,-0.181491436489311,0.92501973435819,-0.159181631089015,-1.68207051166158,-2.53709538975601,0,4.0000000001,0.038206809627898,0.045154673068874,0.239232548071419,0.980411545955781,3146.53502022656,0.0312500660060792,1532,2,"SNETWORK (2 43 3146.53502022656 0.239232548071419 100000845 1532)",100
16,100000846,0.952866407658197,350,0.288659805977357,0.708741764562854,0.0737102907633875,0.0682577010310203,0.067165878475577,-0.679770846578753,-0.819055712113861,-0.352800076192646,0.267825407276435,-0.669313836438837,-0.364385704734627,0.655340080421787,-0.669313836438837,-0.669313836438837,0.310930938449907,0.657032190326508,0.753464577437267,0.352675299626869,0.735928896372729,-0.123203285420946,-0.548902195608782,-0.19020979020979,-0.0057330057330057,0.952866407658197,9,1.07503465672629,0.602432289467877,0.603985789406601,-0.717456204581471,0.947020217240754,-0.553407197155327,0.299394709818096,0.187132706224168,2.27711974614111,1855.0000000001,6.75346040281865,0.32444390421874,3684.0000000001,1.91097856132198,8.66443896404063,0.365685548049328,-0.956779716654656,-0.392861321629322,-0.298205118648033,-0.911227398841123,-0.962916374637712,-0.706038466953695,-0.891229522869841,-0.098025562123277,-0.351126562139353,-0.445868070330063,0.65706029170459,0.67261700703606,0.111773240091039,1.30453339485523,0.562105955755759,0.451834062908154,-4.52365144789511e-15,-4.51494518067087e-15,-4.84823954093274e-15,0.3829958789226,-0.7875972347953,0.318974878637044,0.422806203336929,0.422806203336929,-0.159622609473603,1.06316675953723e-11,-0.409969123653434,-0.385349897668415,-0.200021154792323,-0.428262837808245,-0.728673885376206,-0.410668084047481,0,3684.0000000001,0.285032057840137,0.0806534901091913,0.979853082789463,1.70730578005038,3143.07062705196,0.0625,418,2,"SNETWORK (2 16 3143.07062705196 0.979853082789463 100000846 418)",100
35,100000847,0.989382958283621,221,1.95876350285277,1.6240746339498,1.45807027539656,1.42805593959054,1.43873085382348,0.638685461541819,0.557404500686228,-0.145081798511193,-0.288793406472125,0.0553799702008676,1.15009569577249,-0.112770084922181,0.0553799702008676,0.0553799702008676,-0.592996650096398,-0.551036137453623,-0.674270803216793,-0.937329144773822,-0.55094268432779,-1.3305954825462,1.62674650698603,0.565034965034965,-1.23832923832924,0.989382958283621,12,-0.18558280746817,-0.864033371957471,-0.849973476176735,0.0376959174286953,0.980694270977117,-1.02659141267914,-0.285836752604603,-0.350571170853198,0.0841799156442101,33.0000000001,0.0177655840610435,0.127560595608482,1342.0000000001,1.09477813693182,1.11254372089286,0.0608083860753545,-0.0467324469509967,0.169707086745892,-0.40609730382015,-0.569138329456448,-0.241673198348284,-1.17358570663481,-0.291022479329041,-0.948911008504552,-0.45375446059643,-0.309025644595799,0.0588090583327475,0.249159074414866,-0.936164366711268,0.196829746587926,0.596004386864676,1.11697181886013,2.19258446122348,2.1515594435597,2.28302402457116,-0.0412856295334393,0.127733978004083,0.126456066764426,-0.0412228245295827,-0.0412228245295827,-0.466445497667448,-0.525768200430966,0.511751832554069,0.691311948805258,0.715758856427218,0.401636319051397,-0.378047649768262,-0.239922198876544,0,1342.0000000001,0.000971014861160531,0.0598373711141939,0.432211858323798,0.517023988824803,5545.61650702363,0.0156249669969604,994,2,"SNETWORK (2 35 5545.61650702363 0.432211858323798 100000847 994)",100
43,100000848,0.1128764441358,117,0.12371145778112,0.869954874556633,0.965149594579297,0.947078472655203,0.966783102940535,0.0151203735979219,0.0179006573772851,-0.465928430085215,-0.351766949661835,-0.32356920714729,0.794243693678108,-0.873195985258748,-0.32356920714729,-0.32356920714729,0.250732605084992,0.45508031851964,0.265292168383225,-0.417659783382386,0.622347253935738,-1.14579055441478,2.23053892215569,2.01958041958041,-0.227886977886978,0.1128764441358,11,1.07783193894049,-0.587725831553584,-0.580346623714859,-0.713538578154861,0.109341712119614,-0.843326477041537,-0.348865947978822,0.762283285068639,0.549109139476216,9.0000000001,4.87045624714814,0.0402863987257996,7.0000000001,0.277923295309675,5.14837954235781,0.267951930156539,0.362033361094725,0.377275967561407,-0.794362088294451,-0.659019707809059,0.218855649218938,-0.883739527184457,0.248919314588056,-0.839246903877983,0.172301680204806,0.105056571807932,-0.75715559518876,-0.907363902976758,-0.0194211933584194,-0.41394483849095,-0.353148128111646,0.538992472803681,2.19258446122347,2.15155944355969,2.28302402457116,-0.862681330273114,-0.119817740517057,0.110790095875128,-0.715780666269916,-0.715780666269916,0.494155303819844,1.06316675953723e-11,0.507231515034094,0.374712864215136,0.425435048731756,0.532949919668645,-0.333582815566171,-0.179613394614789,0,9.0000000001,0.253487168329503,0.014464761727036,0.46098278661261,1.85502766806243,3469.99518787493,0.0312500660060792,1586,2,"SNETWORK (2 43 3469.99518787493 0.46098278661261 100000848 1586)",100
41,100000849,-0.39766930355174,120,-0.886598059773572,-0.0928456434617663,0.315622755524543,0.310024668600395,0.31737100022456,0.935297982991111,0.967953321282119,0.236425217857471,-0.264561299535178,0.686694203805902,0.489521045080805,0.45255526410569,0.686694203805902,0.686694203805902,0.510583880559364,-0.681063697424309,-0.806584897751258,-0.131062436701197,-0.862469791928772,-0.720739219712526,0,-0.434965034965035,-0.700859950859951,-0.39766930355174,10,-0.420192372095022,0.303484250252152,0.303153104959618,0.479307415782026,-0.393466709208857,0.253731587310714,-0.261364270387075,-0.153934743151546,0.181006442287196,1475.0000000001,1.70742482589294,0.0482424807968189,588.0000000001,0.181410532192745,1.88883535798569,0.0840127084797119,0.773468479524814,0.664809177601795,-0.489498331954761,1.38652841354087,2.81361072931441,0.175074617935129,2.74518837373734,-0.118266186284945,1.19261250133288,0.861361241519936,0.238941096693404,0.0588102483724932,0.110216958801301,-0.0668347264854584,-0.658232714974315,-2.60749408789749e-15,0.102215627178165,0.139017963839617,0.167198521564845,-1.15099455678963,-0.762971127217071,-0.186311205897262,-0.897506621096277,-0.897506621096277,0.743761620106514,1.06316675953723e-11,-0.632262345991597,-0.637436864646456,-0.322385270535997,-0.600541332011109,0.422952981195488,1.33080584324901,0.00636285075000298,1475.0000000001,0.0759438261099643,0.0080688822697476,0.351917524847555,2.31188666261733,2358.33631592323,0.0625,1326,2,"SNETWORK (2 41 2358.33631592323 0.351917524847555 100000849 1326)",100
29,100000850,-0.727215269986403,103,-0.790377993358492,-0.853832397374456,-0.715996162004961,-0.715344983900652,-0.711097017555422,0.583238087332897,0.544399579614503,1.80850340291504,-0.0385018062958425,0.956018485004611,-0.161986706172231,2.92077944096766,0.956018485004611,0.956018485004611,0.0631490834710882,-0.623152066344015,-0.739880188451746,0.206238731452665,-0.851206401702555,1.05602816075095,-3.18648417450813,-1.88851148851148,0.604422604422604,-0.727215269986403,8,0.230081737265479,0.169499478127022,0.169030931931012,-0.266016539808092,-0.727492353579497,-0.76249292022717,-0.036408641746324,0.722723578910024,0.133628845314844,2364.0000000001,0.505059393974849,1.37427460109863,239.0000000001,0.525129222539265,1.03018861641411,0.046913227705363,-0.000229096269292707,-0.0803602012156897,-0.871418728377583,-0.628714848644025,0.388953383870976,-0.903504607193817,0.388392185440463,-0.482507512932793,0.379468696640436,0.382036134437825,-0.476292477025956,-0.269135747698333,-0.998518690913067,-0.177005815507457,-0.471792152073761,-0.752292666128179,-0.89778437282183,-0.860982036160374,-0.83280147843515,0.0634504524399563,-0.373225037492897,1.121263481474,0.0649227078856517,0.0649227078856517,0.145980685900063,-3.91315270934344,0.631188503737613,0.853447273325133,-0.434362683182875,0.810294485210041,-0.470933933818145,-0.996269482524405,0,2364.0000000001,0.0229996390213003,0.0239135885840627,0.631011309903826,0.488861445984849,1273.83926263562,0.25,898,2,"SNETWORK (2 29 1273.83926263562 0.631011309903826 100000850 898)",100
37,100000851,0.100966778691973,37,1.29896932353205,1.22104076566898,1.50580654500643,1.48232234240258,1.49987706507974,0.0825125131954177,0.0147523968406845,-0.493961907448334,0.695695656347964,-0.312812227781034,0.608720171220199,-1.08893488868801,-0.312812227781034,-0.312812227781034,-0.508077307572607,-0.531118432403448,-0.569546433572204,-0.427624625397165,-0.619141575399364,0.170020533880904,-0.850299401197607,-0.17062937062937,0.240786240786241,0.100966778691973,12,0.241531872644259,0.720200405427811,0.723081664171611,-0.128470558675482,0.0990357115822325,-0.171491601351443,0.696930421788034,-0.302812244657857,0.090217467803775,754.0000000001,0.435029833130267,0.159184316627985,462.0000000001,0.470326354217526,0.905356187247793,0.0374304329966188,0.876952479533677,3.38844587028468,-0.488845730254961,-0.311186648637929,0.260799433425024,-0.309231100194505,0.236887644545059,0.353077169160746,-0.0647571613682025,-0.123228704664013,0.758301288104883,0.33517865003622,-0.912044047323846,0.761285657613757,0.528207847926239,1.07109749798066,2.19258446122347,2.15155944355969,2.28302402457116,0.764623063221489,1.40513415248844,-0.889903325121246,0.926486364858852,0.926486364858852,-0.0408150606990692,-0.0945793070922804,-0.852301101712616,-0.663470020465321,-0.582055812475791,-0.778805780296837,-0.276654776456134,-0.856928768761721,0,754.0000000001,0.0179855787196476,0.0194448541769711,0.21459704652281,0.212841128814034,4449.55125535452,0.0312499339939208,1085,2,"SNETWORK (2 37 4449.55125535452 0.21459704652281 100000851 1085)",100
29,100000852,-0.708161258856278,108,-0.790377993358492,-0.853832397374456,-0.715996162004961,-0.715344983900652,-0.711097017555422,0.607901146268527,0.569264622668726,1.83857575747397,-0.0680692704439504,0.957584616789746,-0.11087016990345,2.82545901512049,0.957584616789746,0.957584616789746,0.0583278650873799,-0.671915139481869,-0.794727911062469,0.249663227952758,-0.920632728835119,1.05602816075095,-3.18648417450813,-1.88851148851148,0.604422604422604,-0.708161258856278,8,0.381102375878486,0.0271042307746784,0.0269805802126039,-0.389368458154751,-0.706570916771107,-0.351011106928355,-0.0656809212956889,-0.173613973185796,0.685242915517435,1355.0000000001,1.48449457564115,0.175971863861781,189.0000000001,0.0531740579331829,1.53766863347433,0.0717996845239424,-0.331832178429131,-0.27727490226766,-0.202542730648605,-0.497057478135553,-0.45306728567166,-0.339648436683652,-0.464358916405706,-0.171103576739743,-0.451068298464146,-0.435403189816756,0.0959642037565674,-0.0360838812309633,-1.07358972868245,-0.0762824642896331,-0.471792152073761,-0.752292666128179,-0.897784372821839,-0.860982036160378,-0.83280147843515,-0.620138528074519,0.236340833711607,-0.0431902054348671,-0.542758923988718,-0.542758923988718,0.726033960902964,-1.32758314850425,1.08376376432164,1.14502873139384,-0.813039239290552,1.39745479621878,-0.946017556290384,-0.645119493530568,0,1355.0000000001,0.0693167823934933,0.00248290203044908,0.661005923957325,0.990251465525944,1301.66571187902,0.25,903,2,"SNETWORK (2 29 1301.66571187902 0.661005923957325 100000852 903)",100
13,100000853,0.666683155173707,285,0,-0.0695595240108285,-0.467885001197052,-0.45962963966976,-0.447550990366083,-0.851250167726775,-1.00550960191388,-0.434385038638625,-0.188242559943396,-1.16975589750851,-1.73446297693758,-0.29552470527906,-1.16975589750851,-1.16975589750851,-2.91317470330256,0.41300608646925,0.636733322048006,1.54613869810407,0.209801257453658,0.184804928131415,-0.778443113772456,0.103496503496504,0.51023751023751,0.666683155173707,7,-0.644254439571997,0.112715297599987,0.112323190905365,0.991463459338146,0.663711373668173,0.161896413358565,-0.185767839397545,-0.563755265043042,0.058761440191761,2561.0000000001,0.240600787077206,0.0567048281956106,1827.0000000001,0.165635575186455,0.40623636216366,0.018685086781654,-0.24372972075328,-0.479795415587505,0.449735767184171,0.27856055045136,-0.270490891591381,0.145976809748023,-0.27312040334441,-0.0406752188933711,-0.129392915728514,-0.102426310381671,0.153227973713505,-0.00893148430132346,0.0253032653625882,0.273356985502027,0.223123099423871,0.103212322371745,0.000480866141918987,0.0349290148369533,0.115671933158063,0.714200718071953,0.934934610929594,0.0491499339618823,0.854678077016426,0.854678077016426,-0.464275332174946,-6.50283133946051,-0.272203522443153,-0.147596806916737,-0.401447800688484,-0.187090005047544,0.700806254432026,0.718894870840195,0,2561.0000000001,0.0110665784261792,0.00761850825547471,0.0989195404008674,1.35850933473557,2993.98567960198,0.0156249651370217,285,2,"SNETWORK (2 13 2993.98567960198 0.0989195404008674 100000853 285)",100
3,100000854,-0.689208799863836,11,-0.494845044588713,-0.486027089260215,-0.640656641110964,-0.630828421199535,-0.621755757978306,-0.305437464270588,-0.393523643658364,0.670465285064029,1.2084508490233,-0.000255992301483031,-1.14893766895831,0.388125526149537,-0.000255992301483031,-0.000255992301483031,-4.85148633730223,0.267996549862786,0.261748496302239,1.10189748642035,0.108310672736419,0.0221765913757709,0.149700598802395,1.22237762237762,0.834152334152334,-0.689208799863836,7,0.0672707934007777,4.06649315331533,4.22570434646838,0.39485224894254,-0.683989002028253,-0.0215429107577807,1.20736466546936,-0.266859270844443,0.0877844906602266,6016.0000000001,0.844346398267027,0.0911529078168314,7396.0000000001,1.07786026930966,1.92220666747669,0.044474222614436,1.41470193826214,1.16396991661336,0.144075999748991,-0.0346247048989716,-0.259828351992416,-0.884897153195849,-0.129278472501758,0.219936643970993,-0.126819180701179,-0.329991288238076,-0.830402355693161,-0.848709775945734,0.304298838316285,-0.364165557678186,-0.471792152073761,-0.752292666128179,-1.48074956831335,-1.423857898781,-1.44749212629168,-0.0157884944247701,0.292593598282799,-0.463081268302789,-0.015858858871444,-0.015858858871444,2.93680691953816,-33.0181807233776,1.05385496024628,1.00539065822171,-1.36893668716405,1.49899072536448,0.0723981296246241,0.0120764982129087,0,7396.0000000001,0.019535698334972,0.024938524179464,0.145953072709963,2.21797853149474,1400.94644882015,0.0624998605480869,12,2,"SNETWORK (2 3 1400.94644882015 0.145953072709963 100000854 12)",100
43,100000855,0.517342346260113,187,-0.0343645341584618,0.726058121384469,0.965149594579297,0.947078472655203,0.966783102940535,0.48105087326547,0.380410298491814,-0.0890139913619218,-0.616543689379101,0.142209358625269,1.18044154865895,-1.65777331755121,0.142209358625269,0.142209358625269,-0.227862017272027,0.642550511033146,0.53149725889081,-0.916363600853134,0.949988325600038,0.147843942505134,-0.958083832335329,-0.581818181818182,-0.163390663390663,0.517342346260113,11,-0.623128387900681,0.107393174594389,0.107012373323735,0.640139771782277,0.518044054584639,0.87690676158641,-0.612868372758624,-0.272343107468022,0.0345934295164181,8.0000000001,0.272742030702774,0.0418834718944264,10.0000000001,0.412772864001299,0.685514894604073,0.0315602093097174,1.25476942549325,-0.723548691636885,0.434528288249327,1.02056021137771,0.88920887349382,0.682286151180059,0.897812395306841,-0.594813050688454,-0.118950020231558,-0.0303688847444557,1.84864335566644,1.04728262210677,-0.0392870488164375,2.20041414741059,0.266951806400357,0.702238864067427,2.19258446122347,2.15155944355969,2.28302402457116,-0.100162247450479,0.74351219584273,-0.214098773604086,-0.0986503301920792,-0.0986503301920792,0.0067398066556807,-0.0661364440877663,-0.465246719976515,-0.40346747786647,-0.482058467151704,-0.379045166922204,-0.103825915594905,-0.769528516965798,6.23735118574025e-05,10.0000000001,0.0125566863902117,0.0190035228195057,0.735228540905167,1.35135113518285,3870.02892963725,0.0312500660060792,1656,2,"SNETWORK (2 43 3870.02892963725 0.735228540905167 100000855 1656)",100
3,100000856,-0.503846054448114,58,-0.494845044588713,-0.486027089260215,-0.640656641110964,-0.630828421199535,-0.621755757978306,-0.32029528123041,-0.394338369161639,0.650369906329884,0.975099650533347,0.022900191976467,-1.14719095000625,0.191455375774295,0.022900191976467,0.022900191976467,-4.91988145825778,0.236654047912943,0.273735866236765,1.27065732141329,0.0379032013224571,0.501026694045174,-0.58882235528942,1.04055944055944,1.3033033033033,-0.503846054448114,7,0.772897192612856,-0.342414668811139,-0.339223167758575,-0.5614880356353,-0.503225177606512,0.547403164755793,0.974730567455776,-1.3268608728486,0.0796390569102387,413.0000000001,0.0525861280679635,0.191376024481429,5039.0000000001,1.5417960231236,1.59438215109156,0.0794596785305834,-0.382832943822068,-0.382882101080893,0.664766305666941,-0.602094643808691,-1.98645281822785,0.574762560937984,-2.17233962032556,0.924107187528803,-1.91213269689283,-4.27374693154487,0.371723313826056,0.262698001294873,-0.986961103911225,0.204212374341992,-0.327724466419656,-0.606650446634183,-0.897784372821835,-0.860982036160378,-0.83280147843515,-0.131783609476977,0.562135802698249,-1.51504429267708,-0.128847540501329,-0.128847540501329,0.238663185436797,-4.35447503510287,-0.652325369314446,-0.793309879214888,-1.10623947949557,-0.433151770050311,0.339026423624654,0.286075144366491,0,5039.0000000001,0.0026207498720713,0.0768389285585121,0.344451458328609,1.20276588290941,1687.16141404705,0.0624998605480869,59,2,"SNETWORK (2 3 1687.16141404705 0.344451458328609 100000856 59)",100
3,100000857,-0.651499519792211,21,-0.494845044588713,-0.486027089260215,-0.640656641110964,-0.630828421199535,-0.621755757978306,-0.305326278254252,-0.391263880644846,0.668044132110469,1.18697032897338,-0.00178796641772021,-1.14664226773181,0.370826706220579,-0.00178796641772021,-0.00178796641772021,-4.86339437442635,0.26506780045997,0.263049659756391,1.16014244104799,0.0939545566809811,0.0221765913757709,0.149700598802395,1.22237762237762,0.834152334152334,-0.651499519792211,7,-0.146601879932092,1.08340662587898,1.09240142913396,0.251513392176173,-0.649571543865842,0.26245888444647,1.18596387259049,-0.718867817654831,0.741714026743628,1941.0000000001,2.30174422326595,0.0651516028401621,1020.0000000001,0.106247889114966,2.40799211228092,0.0934257351461077,-0.546221009009592,-0.320672891228789,1.85787164790222,-0.109349659118674,-3.10424376418368,-0.0122525999708086,-2.64129065549565,0.714605732063025,-2.07337573296155,-5.33718248580667,-0.646581617243755,-0.504835872435078,0.30270632019333,-0.297558724808612,-0.471792152073761,-0.752292666128179,-1.48074956831335,-1.42385789878099,-1.44749212629168,-1.08378647758489,-0.366807667773685,0.0672177427578476,-0.857306059899466,-0.857306059899466,0.991172523994009,-21.4731754332533,1.03164272512218,0.846336568762794,-1.2249194202098,1.43987148551512,-1.42526440726153,-1.49874014234189,0,1941.0000000001,0.0893035092804551,0.00412222576565263,0.185404487677142,0.959006748895158,1457.83147248315,0.0624998605480869,22,2,"SNETWORK (2 3 1457.83147248315 0.185404487677142 100000857 22)",100
37,100000858,0.659439481520932,157,1.29896932353205,1.22104076566898,1.45807027539656,1.42805593959054,1.43873085382348,0.263180087624216,0.185001601302601,-0.448983032775366,0.471968964518892,-0.523228080940794,0.704949392269039,-1.01511942660227,-0.523228080940794,-0.523228080940794,-0.580753032979426,-0.74411569233588,-0.811849685675455,-0.723607416172517,-0.833485222135982,1.28439425051335,-2.76197604790419,-0.927972027972028,1.1480343980344,0.659439481520932,12,-0.161995328345958,0.803651044480375,0.807669408576204,0.232557702295017,0.656611609763553,0.50764063767048,0.472777021290713,-1.28172399650396,0.0913357915551287,370.0000000001,0.216122400471301,0.0782180020393305,1445.0000000001,0.722822440172027,0.938944840543328,0.0382559896096681,0.2188978306577,0.0986677798552162,0.120409260229892,0.208013780156793,0.135391437626137,0.243890307535193,0.121445775346059,0.525547665215134,0.227805475901102,0.392788040828724,0.750111593269339,0.381280492348402,0.132268094737465,0.552928995664394,0.528207847926239,1.07109749798066,2.19258446122348,2.1515594435597,2.28302402457116,0.496534772661462,0.094961335171668,-2.49477488389022,0.563390953157901,0.563390953157901,-0.0719661523502138,-0.0755158140039443,-0.511697717633837,-0.456990373167904,-0.814633182076792,-0.349576580947079,-0.635643980365459,-1.28432536354398,0,1445.0000000001,0.00880560382812798,0.0294503856815401,0.927903189172358,1.78104370139803,5173.64036311644,0.0312499339939208,1205,2,"SNETWORK (2 37 5173.64036311644 0.927903189172358 100000858 1205)",100
12,100000859,0.332076307715417,235,0,-0.0695595240108285,-0.467885001197052,-0.45962963966976,-0.447550990366083,-0.618162681705665,-0.708821363384134,0.0194668769583485,0.0834917637596353,-1.07315397191242,-1.69953255188436,0.00735846194165322,-1.07315397191242,-1.07315397191242,-5.56612435620366,0.511839447504102,0.649320013789621,1.76727194906557,0.293919687778395,0.184804928131415,-0.778443113772456,0.103496503496504,0.51023751023751,0.332076307715417,7,-0.235367769923288,0.547917308623968,0.548967101129878,0.300210391787664,0.328787881703395,0.275693214317004,0.0855149565786478,-1.40887635773717,1.58957785795291,1684.0000000001,4.27975517903395,0.282248321026116,2918.0000000001,1.31677535309944,5.59653053203338,0.238471928234722,4.03980663987801,4.58850497713247,0.56443298355271,0.189039665798547,-0.493958691732557,0.131180837027983,-0.461499810749987,0.210535468859767,-0.525850809961611,-0.605404394719888,-0.320388161839945,-0.230499576401217,0.0788207103257783,-0.0454014725866488,0.223123099423871,0.103212322371743,-0.751834212897414,-0.690544926566656,-0.641104661755904,0.573718276043833,0.305476719908107,0.0305669649470419,0.66330800737843,0.66330800737843,1.6189129686079,-18.6199509828342,0.691920582649042,0.794211595717591,1.25376319228313,0.468993650819896,1.00288592116395,0.936576975849022,0,2918.0000000001,0.182363245164386,0.0561086829703357,0.293557593607359,0.279214858544372,2714.79701763525,0.0312499302740435,235,2,"SNETWORK (2 12 2714.79701763525 0.293557593607359 100000859 235)",100
3,100000860,-0.305979503036672,106,-0.226804037760009,-0.273941878615531,-0.467885001197052,-0.45962963966976,-0.447550990366083,-0.354008894458389,-0.420507043964176,0.570283577965261,0.786092844891384,-0.0465506666188089,-1.21596269221652,-0.130714150949076,-0.0465506666188089,-0.0465506666188089,-4.40386794214095,0.174099591434295,0.238048563235624,1.1494426962651,-0.0187693182642121,0.0739219712525668,-0.0898203592814364,1.0005994005994,0.837837837837838,-0.305979503036672,7,0.246278630310203,-2.10345667087351,-2.03211707703098,-0.458285177020702,-0.302646500780937,-0.132077793755007,0.786184334535168,0.87888095736205,0.194246388543665,3652.0000000001,1.13417156843901,0.0654140127640631,1723.0000000001,0.180198471466431,1.31437003980544,0.0896267191333262,0.142278478211925,0.687512522043978,0.041874740127857,-0.302282043219472,-0.518157796521553,0.439426553579167,-0.777993592916167,0.77881514788193,-0.4931333286203,-1.0168102510594,-0.767109574653632,-0.678140024308097,0.269267128151947,-0.379831133644131,-0.183656619125852,-0.461007527196319,-0.89778437282183,-0.860982036160378,-0.832801478435145,-1.54629561165368,0.247837114777403,-0.781193591794805,-1.11003445339839,-1.11003445339839,0.396833177326169,-16.354781306851,1.28498630213619,1.13661599632244,0.698994412684769,1.25256531064753,0.681937471771067,0.39723718859702,0,3652.0000000001,0.0773390091224905,0.0122877099108357,0.541283641162894,2.10090647870734,1970.97388027881,0.0624998605480869,107,2,"SNETWORK (2 3 1970.97388027881 0.541283641162894 100000860 107)",100
41,100000861,-0.205258919320746,152,-0.886598059773572,-0.0928456434617663,0.315622755524543,0.310024668600395,0.31737100022456,0.976436296256377,0.989440288325426,0.0861915194158814,-0.302679849086042,0.814789806619079,0.571952816798234,0.373850723566072,0.814789806619079,0.814789806619079,0.502801789577921,-0.793435547740232,-0.918692286557589,-0.280404064628054,-0.976798342426822,-0.720739219712526,0,-0.434965034965035,-0.700859950859951,-0.205258919320746,10,0.314960191748027,1.56906292016243,1.59081041401339,-0.251285199010491,-0.206353119388761,-0.703305717657726,-0.299875745114627,0.458983265602743,0.236020705402975,2017.0000000001,3.0444688958276,0.0789107006474931,295.0000000001,0.14887214797213,3.19334104369973,0.113831199227268,-0.159323462159673,-0.530806973522851,-0.531967942749179,-0.587975239692562,-0.0770635197534029,-1.08215949103126,-0.059196686113494,-0.902142370913959,-0.287593427410174,-0.191434414613314,-1.20627990710738,-1.24292421747393,-1.50440254537261,-0.43123380478239,-0.658232714974315,0,0.102215627178165,0.139017963839613,0.167198521564845,-0.0548526383220724,0.200813271929224,-0.107963680019434,-0.0545963202383029,-0.0545963202383029,2.66801774779663,1.06316675953723e-11,0.104050189936057,-0.000496405888965903,-0.0544940300021012,0.141181949231208,1.17220403084437,1.69003991888977,0,2017.0000000001,0.108524438941756,0.00530676018551206,0.461116167763787,0.600678145885468,2543.96240375032,0.0625,1358,2,"SNETWORK (2 41 2543.96240375032 0.461116167763787 100000861 1358)",100
15,100000862,1.00585666645657,358,0.288659805977357,0.708741764562854,0.0737102907633875,0.0682577010310203,0.067165878475577,-0.451366249070942,-0.614257038136485,0.135727179367105,-0.0260092994565616,-0.872075686662732,0.0786513135011645,0.180240487710037,-0.872075686662732,-0.872075686662732,0.282383211905085,0.581833432934799,0.692467544499908,-0.258134305780678,0.752944345240597,0.279260780287472,-1.27411842980705,-0.441958041958041,0.405132405132405,1.00585666645657,9,1.57433543272839,-0.861877261760897,-0.847877708956829,-0.804851586088041,1.00003550532152,-0.579623799599392,-0.0239484704133134,0.970740094100015,8.98197133167532,317.0000000001,4.55226464103017,1.08900233687455,1204.0000000001,2.09629246449249,6.64855710542265,0.363251727557747,0.109580140261908,-0.473545401921698,-0.917077663131559,-0.0778767702624365,1.31649030976158,-0.422763112463407,1.57656034742088,-0.178625717326072,1.16885293057411,1.20148347781585,1.73735233514067,0.916188248248921,0.16367385786744,1.49905888377144,0.562105955755759,0.451834062908153,-4.52365144789511e-15,-9.02989036134174e-15,-4.84823954093274e-15,0.199901234770709,0.357793400368905,-2.19390194940619,0.211234817198065,0.211234817198065,-0.540172513186284,-0.0376372506386261,-0.969779223548358,-0.844000416846916,-1.28630588303068,-0.737340242010836,0.050677730701919,-0.410668084047481,0,1204.0000000001,0.248718326167172,0.114533401290576,0.0566967023173414,1.61522404627977,3189.85940201204,0.0625,344,2,"SNETWORK (2 15 3189.85940201204 0.0566967023173414 100000862 344)",100
28,100000863,-0.160108301974002,190,-0.790377993358492,-0.853832397374456,-0.715996162004961,-0.715344983900652,-0.711097017555422,0.767550357228717,0.771411588784378,2.04724311612126,-0.441195035351088,0.32307406781366,0.0857916063209916,2.79368751111847,0.32307406781366,0.32307406781366,-0.030960039956643,-0.881688272238489,-0.951622058692217,0.68836370427765,-1.26540730629146,0.468172484599588,-2.26546906187625,-1.53286713286713,0.194922194922195,-0.160108301974002,8,-0.365897651834948,2.64016491798093,2.70711982316775,0.884108450981278,-0.152394652880796,2.58726505505736,-0.437978113647982,-0.547074201250454,0.111933798785561,8494.0000000001,1.52008637013514,0.0510033973368768,4681.0000000001,0.381709097995423,1.90179546803057,0.056285196171263,-0.474044735635601,0.168603274410136,3.16296394682628,2.29172757270538,-1.38909747873684,0.838433813913343,-0.900023603728562,-0.0767502800961064,-1.74047388570829,-0.849143286130444,-0.0511314541364071,-0.0859031077350769,-0.051116040585849,0.283491217655284,-0.471792152073762,-0.752292666128177,-0.897784372821835,-0.860982036160378,-0.83280147843515,0.887427365887349,-0.278962756948892,1.75705714110782,1.10861936584045,1.10861936584045,1.41619910682609,1.06316675953723e-11,-0.568394705593002,-0.569419921355049,0.166208494053603,-0.648625183846164,0.747748590771915,0.630058274908657,0,8494.0000000001,0.0449882023726676,0.0112969936985954,0.173855137821645,0.0730541900848038,1754.17607475996,0.125,731,2,"SNETWORK (2 28 1754.17607475996 0.173855137821645 100000863 731)",100
41,100000864,-0.160108301974002,162,-0.886598059773572,-0.0928456434617663,0.315622755524543,0.310024668600395,0.31737100022456,0.971633001321636,0.978648429399865,0.047141208660482,-0.308134643310431,0.814899050624006,0.575246540577882,0.392039309560479,0.814899050624006,0.814899050624006,0.500217204100779,-0.794929502717435,-0.922458235534101,-0.302196189953506,-0.974692187150876,-0.720739219712526,0,-0.434965034965035,-0.700859950859951,-0.160108301974002,10,-0.535676093791276,-0.236171039158535,-0.234296233041387,0.680013502506281,-0.161959103314075,0.112284687050838,-0.30522895922962,-1.17894668317404,0.2314798751964,1415.0000000001,2.09471633079915,0.0267858133719994,124.0000000001,0.0212413474820124,2.11595767818116,0.103494529790923,-0.431592873597572,-0.353230173474941,0.24834949357517,-0.340218461960895,-0.920796795479621,0.19103092376952,-0.988510026611644,-0.169704025545238,-1.20807034887166,-0.797042386066742,-0.171148097622258,-0.0877537374115755,-0.00614844340170515,-0.0808966066359245,-0.658232714974315,0,0.102215627178161,0.139017963839617,0.16719852156485,0.136447672106033,-0.211376464878012,-0.254104264881446,0.142034473134177,0.142034473134177,0.512805100958932,1.06316675953723e-11,-0.775013590194046,-0.633052110763373,0.372159930613563,-0.924676573137744,0.934374605339584,1.35762475419745,0,1415.0000000001,0.102455584876442,0.00103894481448062,0.492231174131993,0.723517151920893,2596.85460781622,0.0625,1368,2,"SNETWORK (2 41 2596.85460781622 0.492231174131993 100000864 1368)",100
17,100000865,0.248822513375082,245,0.152577399052067,0.406018494492994,0,0,0,-0.508278066677473,-0.583083338579002,-0.177425105368646,0.696404719122697,-0.0727039932218427,-0.381849674138561,0.162683655903202,-0.0727039932218427,-0.0727039932218427,0.375329455850289,0.238626988428188,0.305601750895211,0.0174083598821218,0.269814993098933,-0.443531827515401,0.0161216029479497,0.044324905863371,-0.265923265923267,0.248822513375082,9,-0.477011902023219,0.05938517717826,0.059138571157185,0.626001415340571,0.253974898468387,1.5208631577429,0.697183756991222,-0.449659110425819,0.112461218888878,1482.0000000001,0.266469535091095,0.107503505452416,4026.0000000001,0.691979089002891,0.958448623993987,0.0445000804913709,-0.481285987733706,-0.356904173855201,0.93196595716891,1.22864433035661,0.45464613001231,1.07494558788425,0.462790221049005,1.03271139483474,0.8058952583171,1.60199028039179,0.397188869855222,0.325927519529894,0.156203657617778,0.89473003047022,0.121428129376515,-0.277526342387342,0.100954970951685,0.137303413270929,0.165136411659656,0.856085477471426,-1.51882164553383,0.904454737408781,1.06113796942914,1.06113796942914,-0.126840485963117,1.06316675953723e-11,-0.690156331421459,-0.52322021531814,-0.294547899531283,-0.670674198345929,0.517056059334236,-1.47736674505542,0,4026.0000000001,0.0123719888926113,0.0321280914987596,0.855809407468481,1.54253119602799,2552.01753583522,0.125,664,2,"SNETWORK (2 17 2552.01753583522 0.855809407468481 100000865 664)",100
37,100000866,0.346069437821915,85,1.29896932353205,1.22104076566898,1.45807027539656,1.42805593959054,1.43873085382348,0.12003435824361,0.0538569564424274,-0.51247081785201,0.628206184569494,-0.393448026782693,0.63687080034425,-1.07222442523445,-0.393448026782693,-0.393448026782693,-0.543196131263406,-0.582766654746885,-0.629783891392423,-0.494611186453534,-0.671991623482467,0.665297741273101,-1.69993346640053,-0.507226107226108,0.644007644007643,0.346069437821915,12,-0.411345773566979,-0.207930800785629,-0.20635617460513,0.461628092819052,0.342989097642524,0.253275056720794,0.629475400096207,-0.289566125085612,0.060576153528931,19.0000000001,0.00736058548703126,0.10749813951954,1374.0000000001,0.944593042058993,0.951953627446025,0.0463300424335435,0.0266375282848991,-0.134409284223532,0.536066501788902,-0.448843718049929,-1.52301197249158,0.306185705635348,-1.62649362106537,0.639392212619161,-1.47889741629386,-2.73938134126601,-0.0500496977757157,0.135055081011812,0.150018675579142,0.324056281282619,0.528207847926239,1.07109749798066,2.19258446122348,2.15155944355969,2.28302402457116,0.571040751625922,-0.211248798934715,0.852438460544747,0.659781183486579,0.659781183486579,0.0159166631288228,-1.42792097377396,0.603685237687398,0.636633588477621,0.611827530669233,0.527433245847656,-0.386526685120701,0.231256122506247,0,1374.0000000001,0.000358227777892446,0.045971814555651,0.493061252814367,1.53644630633062,4732.22497232032,0.0312499339939208,1133,2,"SNETWORK (2 37 4732.22497232032 0.493061252814367 100000866 1133)",100
43,100000867,-0.228877171642117,62,0.12371145778112,0.869954874556633,0.545150200838989,0.54037036033024,0.554967563992924,-0.330355206429468,-0.31770179250458,-0.61862811004143,-0.231948947480219,-0.665101595455973,0.472858780024565,-0.546742924826385,-0.665101595455973,-0.665101595455973,0.308038247659683,0.737218783577868,0.541717985754935,0.259809332608601,0.854022532806528,-1.14579055441478,2.23053892215569,2.01958041958041,-0.227886977886978,-0.228877171642117,11,0.46421519585323,0.685530655506952,0.687987202026599,-0.402839426244769,-0.23046812517154,-0.504541240921289,-0.225942580369839,0.380350773448881,0.87440063814388,2.0000000001,1.72349062826004,0.0622947559760643,5.0000000001,0.306965775468425,2.03045640362846,0.0844571829977557,1.95432917944619,2.24123093985028,-0.866740907857225,-0.795047753257896,0.115673807475073,-0.663651717098094,0.105879562211998,-0.532378887317795,0.228307848606801,0.177220599149797,-2.35338664958307,-1.34056239259462,0.0145310647918587,-0.455891331320742,-0.353148128111646,0.538992472803681,0.102215627178161,0.139017963839617,0.167198521564845,-0.874632711228852,0.366959774169934,-0.421100013443445,-0.723810007952326,-0.723810007952326,4.98609410581546,1.06316675953723e-11,1.13364100837444,1.25085288045332,1.76294907712716,0.829775610258902,-0.348877143694166,-0.40207737154534,0.222222222222222,5.0000000001,0.0716888887405455,0.0127682941572102,0.244240911866255,0.961977715604007,3153.84056453343,0.0312500660060792,1533,2,"SNETWORK (2 43 3153.84056453343 0.244240911866255 100000867 1533)",100
13,100000868,0.716795325577602,294,0,-0.0695595240108285,-0.110963835372034,-0.110383201657025,-0.109843962764069,-0.881197083361192,-1.05825027397556,-0.417292697076893,-0.25454522089422,-1.30261172079987,-1.71100083879436,-0.0395809553511646,-1.30261172079987,-1.30261172079987,-3.09558502992002,0.519843419398031,0.746926686426039,1.65759930845059,0.324088655931002,1.07186858316222,-1.64670658682635,0.299300699300701,1.38452088452089,0.716795325577602,7,-0.623372268519437,-0.0184484770805235,-0.0183536378001016,0.916820491754409,0.71876213032191,1.44276539382042,-0.251873247953338,-0.3934010157361,0.173651452566618,2605.0000000001,0.723237909642834,0.312628484908703,992.0000000001,0.495832799814873,1.21907070935771,0.057381535918088,-0.176308348806783,-0.180038072560988,1.18890509394018,1.33034998311145,0.206064670729388,1.05483236429756,0.212432515918698,0.31023074852245,0.125941614673272,0.368511059378809,0.7487103161426,0.715778600237823,0.00961833986272375,0.892203506185483,0.223123099423871,0.103212322371745,0.000480866141918987,0.0349290148369488,0.115671933158072,-0.0524316403069973,0.303799138355732,0.627253501948781,-0.0522160635585929,-0.0522160635585929,-0.148512767704129,-3.10844716331147,-0.400520744379498,-0.209219037733835,0.422841319013002,-0.526759742069017,0.372329191196617,0.105723315401493,0,2605.0000000001,0.0340427357463956,0.0233388000716924,0.16071479651952,2.03921460080892,3044.52091345316,0.0156249651370217,294,2,"SNETWORK (2 13 3044.52091345316 0.16071479651952 100000868 294)",100
17,100000869,-0.722154190500653,87,-0.254295665086778,0.276450920905401,-0.358045591966192,-0.357303355798844,-0.355675841278248,-0.0947465602775232,-0.0823722449331681,0.246392243979045,1.20787634187106,0.658511803984612,-0.00983798496957035,-0.0485799601550041,0.658511803984612,0.658511803984612,0.496036943637135,-0.00285631135377003,0.00354227153501077,-0.419126668142759,0.0452907838423647,-0.596303901437372,0.141716566866268,0,-0.395577395577396,-0.722154190500653,9,1.34465277530221,0.629795433863088,0.631628318720158,-0.740237777357283,-0.719989122205013,0.877739826469528,1.20708720310396,-0.944724146612293,0.510190691366741,1512.0000000001,1.23333454543154,0.188270039011763,3628.0000000001,1.09205639243035,2.32539093776189,0.097674314132689,0.560474660929272,0.522235752896881,0.998782225257597,0.355264717551855,-0.978805477678839,0.541787696444958,-0.901579387726428,0.99681891151115,-0.638024520337348,-1.64820256187853,0.54455455980011,0.0639590724144483,0.20000084559,-0.126762306958633,-0.658232714974315,0,-1.4058558810172,-1.37829262321507,-1.40813399619979,-1.06031138802026,-0.710891157475113,0.0848835806750711,-0.842964310859757,-0.842964310859757,0.286405306671001,1.06316675953723e-11,0.639582922471083,0.413399214959572,0.165365778593221,0.674606361335245,0.297461448091744,0.489014055103783,0,3628.0000000001,0.0518042380474746,0.0458700759852144,0.299017342796708,0.594584602068637,1624.88852711707,0.125,506,2,"SNETWORK (2 17 1624.88852711707 0.299017342796708 100000869 506)",100
41,100000870,-0.287621184596124,139,-0.886598059773572,-0.0928456434617663,0.315622755524543,0.310024668600395,0.31737100022456,0.96929359301444,1.00128383494723,0.171102386365998,-0.289091243074732,0.80318421661821,0.557725795262251,0.38917996078123,0.80318421661821,0.80318421661821,0.500973364932826,-0.76252432322618,-0.879818938587946,-0.213823633503638,-0.950016710075685,-0.720739219712526,0,-0.434965034965035,-0.700859950859951,-0.287621184596124,10,0.325736217403842,0.538802750063642,0.539775225138569,-0.308512820271959,-0.286945925931913,-0.329240620498861,-0.28627405741963,0.304728685321014,0.0850105272493937,541.0000000001,0.294120647794593,0.0997441968942514,827.0000000001,0.527531851107949,0.821652498802542,0.0350671726748909,1.0933196364258,1.30363793468014,-0.162765933973201,0.452526346158416,0.907753002007591,-0.431577239236392,0.850048212193147,-0.474109980182696,0.964700213368185,0.662949845465737,-0.0689220150755638,-0.441043429547003,-1.074125667843,-0.35678292992412,-0.658232714974315,-1.30374704394875e-15,0.102215627178161,0.139017963839617,0.167198521564845,-0.838771469290135,0.297145201390157,-1.16963656458178,-0.699582018911445,-0.699582018911445,1.90040814382913,1.06316675953723e-11,1.22992034455455,1.3441787803007,1.03295521617409,1.1115767149203,-0.0818189536457579,1.02146880347841,0,827.0000000001,0.0125527270066501,0.0225144455682407,0.419814806534868,1.24458780902205,2473.75447898024,0.0625,1345,2,"SNETWORK (2 41 2473.75447898024 0.419814806534868 100000870 1345)",100
41,100000871,-0.266386803470181,142,-0.886598059773572,-0.0928456434617663,0.315622755524543,0.310024668600395,0.31737100022456,0.977374723704686,1.00182449048572,0.153159901977408,-0.289872875173958,0.808138105507107,0.557950100101638,0.396375847691228,0.808138105507107,0.808138105507107,0.501402897373861,-0.770958052177791,-0.889497284666107,-0.223286255946876,-0.958916944598181,-0.720739219712526,0,-0.434965034965035,-0.700859950859951,-0.266386803470181,10,0.317171627928444,-0.0995898112528595,-0.0989745453386639,-0.32030669781319,-0.266687306550676,-0.479301834619093,-0.287101920672907,0.472105607169123,0.0666987760975624,442.0000000001,0.188536600940492,0.0927394582486378,493.0000000001,0.292393028023605,0.480929628864096,0.0229632280604162,1.19725766101795,1.30462967193242,-0.327796806733573,-0.629840790826035,-0.434687025165525,-0.46293392599651,-0.455708966145381,-0.493127004121005,-0.7475618417425,-0.511081104054537,0.749973965049205,0.545348425430871,-0.808025467266367,0.768426324244786,-0.658232714974315,-1.30374704394875e-15,0.102215627178161,0.139017963839617,0.167198521564845,0.0557329276338312,0.886359020163543,-0.572845787912478,0.0569228372870379,0.0569228372870379,-0.0481079460180138,-0.0945086928338938,-0.738815545705003,-0.598658572954313,-0.00954840154314727,-0.792817931535377,1.01048100449631,0.554567067024154,0,493.0000000001,0.00900216722997087,0.0139610607304453,0.429429697597271,1.04304082517678,2490.09877195984,0.0625,1348,2,"SNETWORK (2 41 2490.09877195984 0.429429697597271 100000871 1348)",100
13,100000872,0.808584255597024,306,0,-0.0695595240108285,-0.110963835372034,-0.110383201657025,-0.109843962764069,-0.965645735605279,-1.17193511566218,-0.517860606289661,-0.315715113998094,-1.38220336859659,-1.75260227107453,-0.214781722401894,-1.38220336859659,-1.38220336859659,-3.05115421873719,0.576877729394985,0.816675577980385,1.74075230743618,0.380769667238844,1.07186858316222,-1.64670658682635,0.299300699300701,1.38452088452089,0.808584255597024,7,-0.5497713260155,-0.340552479508299,-0.337386618983148,0.697139804960559,0.804555163264783,0.226765134522077,-0.312800364320149,-0.675954326697745,1.10391243344533,2048.0000000001,3.61459473371585,0.0402845632421238,1278.0000000001,0.0823122639966802,3.69690699761253,0.184183236056442,-0.198117792012089,-0.36125951270847,0.197170416127985,-0.026337923274355,-0.34754779947657,0.318279479902983,-0.380500047729603,-0.117404316638728,-0.368809282928102,-0.238070830398009,-0.0664215417832368,-0.154517342885241,-0.00847979946879938,-0.0513942306339663,0.223123099423871,0.103212322371745,0.000480866141923511,0.0349290148369488,0.115671933158072,0.193956251426223,-0.185955639549022,0.687134624806334,0.204663969201815,0.204663969201815,1.6197813142021,-10.3630639760316,0.239127667412015,0.482519772910597,0.831591583877725,0.0750638875274008,-0.0856814467760078,-0.113904313709572,0,2048.0000000001,0.180082364840779,0.0041008711156629,0.240770866774771,0.351099238667695,3109.98956728941,0.0156249651370217,306,2,"SNETWORK (2 13 3109.98956728941 0.240770866774771 100000872 306)",100
17,100000873,0.243761632351454,244,0.152577399052067,0.406018494492994,0,0,0,-0.495968439947549,-0.563415677226414,-0.172033661126458,0.699144211122307,-0.0388773794981876,-0.365479390972986,0.167640326052766,-0.0388773794981876,-0.0388773794981876,0.377425009821839,0.237499483889907,0.30376102775719,0.0100604644476357,0.269738054646554,-0.443531827515401,0.0161216029479497,0.044324905863371,-0.265923265923267,0.243761632351454,9,-0.529769171057833,-0.203902726849863,-0.202369221602279,0.681705172873764,0.245493434914384,1.219398952537,0.699392900280931,-1.53831902121728,0.109819720244229,892.0000000001,0.156618031780924,0.0976004852149211,2930.0000000001,0.457210474481923,0.613828506162847,0.0298528228889103,-0.361233793187073,-0.192984855468542,1.51733820454708,0.27142280993058,-1.95682990315404,0.980653947987916,-2.08814812546979,0.991207231012162,-1.55334136925206,-3.01956103759558,1.00412034546798,0.727307132008795,0.156939997003398,2.31473233754139,0.121428129376515,-0.277526342387342,0.0560957705258589,0.0762928332370069,0.0917582776420006,1.24539198606806,1.45993588747678,0.092067627880409,1.70323464507659,1.70323464507659,-0.274645233168205,1.06316675953723e-11,-0.551733340997989,-0.518462232512658,-0.715052735888969,-0.417482230753526,1.21286997330127,-0.243991630078899,0,2930.0000000001,0.00761693257829877,0.0222358902106115,0.852645352001483,1.38294562976807,2546.74898444094,0.125,663,2,"SNETWORK (2 17 2546.74898444094 0.852645352001483 100000873 663)",100
41,100000874,0.552172545626649,257,0.680412427894334,0.334368660703197,0.315622755524543,0.310024668600395,0.31737100022456,0.958316458881972,0.83508780302106,-0.629038821628654,-0.660120056876208,0.298962925141784,0.592583931617251,1.94460119594769,0.298962925141784,0.298962925141784,0.260209343573295,-0.513585894945455,-0.642310459591229,-0.0861281476999526,-0.659553098483686,-0.720739219712526,0,-0.434965034965035,-0.700859950859951,0.552172545626649,10,-0.468095964718281,0.158479771643232,0.158019754014975,0.626583143394799,0.551576580928334,0.645167374579298,-0.656304804471969,-0.814457387462163,0.113311517340401,1253.0000000001,0.907989162961973,0.0815708100936063,117.0000000001,0.0610346103907671,0.96902377325274,0.0442134748996158,1.54322835287219,1.98199337095865,0.559005807334498,1.29981587148918,1.05933973461459,0.511235469918549,1.06010890016809,-0.847318653209633,-0.283951538236936,-0.0502364872287327,1.2545401590725,1.16377916348908,-0.170623649770713,3.03982229924964,0.562105955755759,0.451834062908155,0.0611741359489439,0.0831996442622866,0.100065179572212,0.0624769461529933,0.507506568717114,0.139303675410529,0.0639119953687781,0.0639119953687781,-0.0807381783591547,-0.0543255221334795,-0.847074771237675,-0.775980404643677,-0.607067220862262,-0.767039596700975,0.835568349053397,-0.621015959240358,0,1253.0000000001,0.0414286595259767,0.00278481527363917,0.805595125606008,0.0766005348414183,3129.54002243975,0.0625,1463,2,"SNETWORK (2 41 3129.54002243975 0.805595125606008 100000874 1463)",100
37,100000875,0.342893365528006,84,1.29896932353205,1.22104076566898,1.45807027539656,1.42805593959054,1.43873085382348,0.116084758320806,0.0504259272601886,-0.510769088300605,0.633986028893174,-0.394819832054559,0.633471595969356,-1.08000331698809,-0.394819832054559,-0.394819832054559,-0.538324634820583,-0.578091920385138,-0.626315736626261,-0.494575805357438,-0.666105261126443,0.665297741273101,-1.69993346640053,-0.507226107226108,0.644007644007643,0.342893365528006,12,-0.411345773566979,-0.130308667394121,-0.129452239009392,0.493941981564095,0.338616737957118,-0.445819706449796,0.634504405469025,-0.540976620649506,0.0583474046353276,14.0000000001,0.00522404185689814,0.17737689840139,1398.0000000001,1.58584701723992,1.59107105899682,0.0763822304292386,-0.139744429752827,-0.0840078492813032,0.251556377868895,-0.301153495895903,-0.854721707376958,-0.414987366768636,-0.900544160217327,0.263495480815041,-0.896255427227129,-1.65383402270095,0.965294053117064,0.690591780224339,0.253847482000755,1.16185511030332,0.528207847926239,1.07109749798066,2.19258446122347,2.15155944355969,2.28302402457116,-0.367790291924169,0.203800860721403,-0.565384159354738,-0.340671686576054,-0.340671686576054,-0.353666149295853,-0.148577287134123,-0.362007917665567,-0.41568156840166,-0.46632328503624,-0.269775018949692,-0.0700697623111866,-0.563781760150379,0,1398.0000000001,0.000250789528534081,0.0761314408007045,0.486604578230176,0.0726608661934733,4725.6706929454,0.0312499339939208,1132,2,"SNETWORK (2 37 4725.6706929454 0.486604578230176 100000875 1132)",100
35,100000876,0.949293023498383,214,1.95876350285277,1.6240746339498,1.45807027539656,1.42805593959054,1.43873085382348,0.639260714716776,0.559071947205128,-0.118640436710702,-0.271137894567355,0.0311251661511267,1.14468954413073,-0.233612832962059,0.0311251661511267,0.0311251661511267,-0.589227517554039,-0.500314880072226,-0.612234349853276,-0.838991781597466,-0.505000513214517,-1.3305954825462,1.62674650698603,0.565034965034965,-1.23832923832924,0.949293023498383,12,0.0904679260552242,-0.182568922176435,-0.181246161453074,-0.178492893796677,0.945085028561016,-0.120906012080878,-0.268392814327915,0.396120022297134,0.177304615800588,191.0000000001,0.216576071093647,0.103187328704228,1384.0000000001,0.913312751666799,1.12988882266045,0.0547444432429696,-0.237355410411608,0.0419100769193187,-0.362808555084918,-0.0536944568984684,0.485541782985859,-0.04397769154469,0.515544296101727,-0.239506592851687,0.610373107583908,0.434435129001144,-0.0134695751310753,-0.111877838729796,-1.15638565605761,-0.0986441736605623,0.596004386864676,1.11697181886013,2.19258446122347,2.1515594435597,2.28302402457116,-0.034468782340117,0.386844868452265,0.208898081335426,-0.0344711451092896,-0.0344711451092896,-0.699833343071645,-2.83150656539667,0.623786485505935,0.804870559826792,0.260566781871597,0.634306449728449,-0.935778554550902,-0.951877783812894,0,1384.0000000001,0.0104933655134067,0.0442510776295629,0.262815590523161,1.15163165412378,5503.55893367924,0.0156249669969604,987,2,"SNETWORK (2 35 5503.55893367924 0.262815590523161 100000876 987)",100
12,100000877,0.458298125235471,257,0,-0.0695595240108285,-0.467885001197052,-0.45962963966976,-0.447550990366083,-0.694043642699179,-0.807988801508552,-0.0592762417580812,0.0285537613965966,-1.2273657859873,-1.72800911087867,-0.0677662186397593,-1.2273657859873,-1.2273657859873,-5.48284626111509,0.509774577586847,0.658815995208015,1.73895436112538,0.296501489319864,0.184804928131415,-0.778443113772456,0.103496503496504,0.51023751023751,0.458298125235471,7,-0.151694019417968,1.00228296812772,1.00965216536948,0.246871145592319,0.454860180201438,-0.238992614451095,0.0369650744247557,-0.120797805345221,0.0568357947865984,3638.0000000001,0.330582352572288,0.0458339863580563,1648.0000000001,0.12076466258801,0.451347015060298,0.0177614917225994,0.0455805997842737,-0.0742621613718575,0.287538879856699,-0.0205592561591408,-0.475167055454666,-0.440546377500285,-0.409571795475411,-0.135172488297156,-0.100046251048165,-0.0893356181731139,0.524722914619812,0.792742367764539,-0.930070461122985,1.65716641016912,0.223123099423871,0.103212322371743,-0.459255204108549,-0.408406413295984,-0.346791493911993,0.239678510524332,0.191479920812384,0.374674934826703,0.255672406478462,0.255672406478462,-0.241626473112154,-4.27708889934848,-0.223228764307932,-0.184159900855932,0.586416578274125,-0.372098803332668,0.541355724532066,0.963404668332203,0,3638.0000000001,0.0130091381783753,0.00475235344422408,0.737025904430193,1.55643221270293,2839.27566074832,0.0312499302740435,257,2,"SNETWORK (2 12 2839.27566074832 0.737025904430193 100000877 257)",100
3,100000878,-0.500471127759131,60,-0.494845044588713,-0.486027089260215,-0.640656641110964,-0.630828421199535,-0.621755757978306,-0.325758706739347,-0.399235643807987,0.648801068798679,0.973554528666017,0.0229615347121205,-1.14904993997269,0.197104782972111,0.0229615347121205,0.0229615347121205,-4.91294812498223,0.23652352733316,0.273992350813733,1.27433536484034,0.0370658641959382,0.501026694045174,-0.58882235528942,1.04055944055944,1.3033033033033,-0.500471127759131,7,0.812418253823549,-0.0689276367318571,-0.0685288663463492,-0.630648003687983,-0.496804168786464,1.59005397767362,0.973047697891738,-1.08774060406831,0.219663510978744,2076.0000000001,0.729088594253204,0.236275522436694,2029.0000000001,0.766471151348801,1.49555974550201,0.0710245895520314,0.40323582173383,-0.271176612809359,0.663216405323272,0.672250469193231,0.00798042215941941,1.14819864492668,0.00792634156360333,1.18680421692307,0.262499699221621,0.606641191294128,-0.328042483111424,-0.232182313683349,-1.13561740856413,-0.310455815366782,-0.467057115413414,-0.747505872603476,-0.897784372821835,-0.860982036160378,-0.832801478435145,-0.635816098526027,-0.0135671937157903,-0.242420880826169,-0.55454516674951,-0.55454516674951,0.865383614182693,-17.5596399353091,1.03734465146352,0.827841489371532,-0.0665300169282197,1.16627282357039,0.181560151495619,0.337258511338035,0,2076.0000000001,0.0346246401944784,0.0363999492575531,0.352133957781269,0.393650455795491,1698.23881554251,0.0624998605480869,61,2,"SNETWORK (2 3 1698.23881554251 0.352133957781269 100000878 61)",100
17,100000879,-0.176482880642599,183,0.152577399052067,0.406018494492994,0,0,0,-0.302175023071292,-0.313785068928187,0.021023488108617,0.941670893577842,0.424204876805446,-0.184239034561884,-0.0541044390292959,0.424204876805446,0.424204876805446,0.441404523921767,0.0431519067806305,0.0846036438693232,-0.207996252513139,0.0646426564839221,-0.443531827515401,0.0161216029479497,0.044324905863371,-0.265923265923267,-0.176482880642599,9,-0.0254341428012825,0.490912754600867,0.49151160828422,0.0176662845394243,-0.178156815751823,-0.0454026108159188,0.942139295155115,-0.572378375198648,0.144634945106839,754.0000000001,0.174357709639625,0.0978805119648221,2487.0000000001,0.3891962004421,0.563553909981725,0.0242547159820238,-0.197159079041656,-0.19889819453617,0.0722634148830087,-0.558269331518071,-0.976052997274634,-0.133918508520295,-0.921340140871929,0.556697487059975,-0.736523481318915,-1.66113255845869,-0.320041173645708,-0.437391828727364,0.283133395069289,-0.0806658995186099,0.121428129376516,-0.277526342387341,0.102215627178165,0.139017963839622,0.167198521564845,0.45792840869945,0.135808015447657,0.173369604650295,0.514749179666956,0.514749179666956,1.05074579801031,1.06316675953723e-11,-0.0462674704548449,0.044874929364225,-0.054757088101463,-0.0233887030989749,1.37872347000868,0.662892766297588,7.50081153992836e-13,2487.0000000001,0.00750415644815876,0.016750559433865,0.638613319126442,0.311391583424618,2190.35865658966,0.125,602,2,"SNETWORK (2 17 2190.35865658966 0.638613319126442 100000879 602)",100
13,100000880,0.808584255597024,306,0,-0.0695595240108285,-0.110963835372034,-0.110383201657025,-0.109843962764069,-0.965645735605279,-1.17193511566218,-0.517860606289661,-0.315715113998094,-1.38220336859659,-1.75260227107453,-0.214781722401894,-1.38220336859659,-1.38220336859659,-3.05115421873719,0.576877729394985,0.816675577980385,1.74075230743618,0.380769667238844,1.07186858316222,-1.64670658682635,0.299300699300701,1.38452088452089,0.808584255597024,7,-0.5497713260155,-0.340552479508299,-0.337386618983148,0.697139804960559,0.804555163264783,0.226765134522077,-0.312800364320149,-0.675954326697745,1.10391243344533,2048.0000000001,3.61459473371585,0.0402845632421238,1278.0000000001,0.0823122639966802,3.69690699761253,0.184183236056442,-0.198117792012089,-0.36125951270847,0.197170416127985,-0.026337923274355,-0.34754779947657,0.318279479902983,-0.380500047729603,-0.117404316638728,-0.368809282928102,-0.238070830398009,-0.0664215417832368,-0.154517342885241,-0.00847979946879938,-0.0513942306339663,0.223123099423871,0.103212322371745,0.000480866141923511,0.0349290148369488,0.115671933158072,0.193956251426223,-0.185955639549022,0.687134624806334,0.204663969201815,0.204663969201815,1.6197813142021,-10.3630639760316,0.239127667412015,0.482519772910597,0.831591583877725,0.0750638875274008,-0.0856814467760078,-0.113904313709572,0,2048.0000000001,0.180082364840779,0.0041008711156629,0.240770866774771,0.351099238667695,3109.98956728941,0.0156249651370217,306,2,"SNETWORK (2 13 3109.98956728941 0.240770866774771 100000880 306)",100
43,100000881,0.1128764441358,117,0.12371145778112,0.869954874556633,0.965149594579297,0.947078472655203,0.966783102940535,0.0151203735979219,0.0179006573772851,-0.465928430085215,-0.351766949661835,-0.32356920714729,0.794243693678108,-0.873195985258748,-0.32356920714729,-0.32356920714729,0.250732605084992,0.45508031851964,0.265292168383225,-0.417659783382386,0.622347253935738,-1.14579055441478,2.23053892215569,2.01958041958041,-0.227886977886978,0.1128764441358,11,1.07783193894049,-0.587725831553584,-0.580346623714859,-0.713538578154861,0.109341712119614,-0.843326477041537,-0.348865947978822,0.762283285068639,0.549109139476216,9.0000000001,4.87045624714814,0.0402863987257996,7.0000000001,0.277923295309675,5.14837954235781,0.267951930156539,0.362033361094725,0.377275967561407,-0.794362088294451,-0.659019707809059,0.218855649218938,-0.883739527184457,0.248919314588056,-0.839246903877983,0.172301680204806,0.105056571807932,-0.75715559518876,-0.907363902976758,-0.0194211933584194,-0.41394483849095,-0.353148128111646,0.538992472803681,2.19258446122347,2.15155944355969,2.28302402457116,-0.862681330273114,-0.119817740517057,0.110790095875128,-0.715780666269916,-0.715780666269916,0.494155303819844,1.06316675953723e-11,0.507231515034094,0.374712864215136,0.425435048731756,0.532949919668645,-0.333582815566171,-0.179613394614789,0,9.0000000001,0.253487168329503,0.014464761727036,0.46098278661261,1.85502766806243,3469.99518787493,0.0312500660060792,1586,2,"SNETWORK (2 43 3469.99518787493 0.46098278661261 100000881 1586)",100
37,100000882,0.417614645284705,100,1.29896932353205,1.22104076566898,1.45807027539656,1.42805593959054,1.43873085382348,0.14657241820093,0.073794749017055,-0.506004707992093,0.596848677083892,-0.419430902190618,0.667848922549268,-1.05778880801521,-0.419430902190618,-0.419430902190618,-0.55776079090879,-0.617349780649438,-0.667240609639603,-0.529678753995998,-0.709173052619022,0.665297741273101,-1.69993346640053,-0.507226107226108,0.644007644007643,0.417614645284705,12,-0.347849043953086,-0.47166861560954,-0.466472014201208,0.409632721793075,0.413402038541855,-0.653242403060019,0.598168899183145,-0.367545723262601,0.0459048278033227,7.0000000001,0.00205500784777544,0.143115353579589,797.0000000001,0.729460216028119,0.731515223775895,0.0372988406290154,0.957133929482163,1.79780357866182,0.23505299218195,-0.181477345095605,-0.606520265631252,-0.612729766750243,-0.679202508054348,0.130258532535898,-0.80663202497591,-1.46324128007407,-0.545304273696846,-0.613080872425786,0.250386068884801,-0.369460567370698,0.528207847926239,1.07109749798066,2.19258446122347,2.1515594435597,2.28302402457116,-0.571959221547794,-0.335181146317314,0.435965334201769,-0.505993150825045,-0.505993150825045,-1.38436172202,-5.62322725146584,1.39038962588546,1.49636725035368,1.18126789350643,1.25150020617934,-1.22485578079996,-0.917950967010784,0.0018983126608246,797.0000000001,0.000104781696661077,0.0371940588323543,0.58884046125867,1.20645294990391,4829.45206380025,0.0312499339939208,1148,2,"SNETWORK (2 37 4829.45206380025 0.58884046125867 100000882 1148)",100
43,100000883,0.45353502964915,179,-0.0343645341584618,0.726058121384469,0.965149594579297,0.947078472655203,0.966783102940535,0.428582351933324,0.340011221858831,-0.109437028852157,-0.612810904750494,0.154132521036481,1.16402945703852,-1.59545147725831,0.154132521036481,0.154132521036481,-0.214769963692044,0.689243051956476,0.576520325625613,-0.827656370274157,0.992615318909494,0.147843942505134,-0.958083832335329,-0.581818181818182,-0.163390663390663,0.45353502964915,11,-0.651791261955764,-0.801750716588047,-0.789381487086789,0.82938628339654,0.45541374715304,1.1417717415438,-0.60904421754859,-0.427908803594745,0.033825271676643,5.0000000001,0.166678568312534,0.0370485591149959,3.0000000001,0.1095370500592,0.276215618271735,0.0149313047212735,-0.190696560509547,-0.561492088661072,0.733233704260961,0.501356193276842,-0.369415187294034,1.10423580119632,-0.439242004359381,-0.388407277140607,-1.27446948262567,-0.342498737742395,-0.848108767824296,-0.824086392730619,-0.0365908049962483,-0.324973482749016,-0.353148128111646,0.538992472803681,2.19258446122347,2.15155944355969,2.28302402457116,0.729931493684731,0.304627650703844,-0.270788108765042,0.876899563649284,0.876899563649284,1.24558502180252,1.06316675953723e-11,0.74793232567258,0.612711955006724,0.616048604258117,0.684399142637581,-0.415645927851406,-0.560637276929842,0.050686680054036,5.0000000001,0.00901009324632658,0.00592121137494694,0.702402876590423,1.45332769857487,3822.14715529389,0.0312500660060792,1648,2,"SNETWORK (2 43 3822.14715529389 0.702402876590423 100000883 1648)",100
35,100000884,1.08434756367271,234,1.95876350285277,1.6240746339498,1.11742223327512,1.09970853501445,1.1005013034785,0.660861913938877,0.626286137232769,-0.187421356790241,-0.45270483258786,-0.156248340375314,1.12051997557235,-0.682144985187275,-0.156248340375314,-0.156248340375314,-0.77186024868031,-0.580131654902527,-0.696493844509939,-1.01045298355743,-0.574237141020543,-1.3305954825462,1.62674650698603,0.565034965034965,-1.23832923832924,1.08434756367271,12,-0.61932053542381,-0.45509943730719,-0.450184812314954,0.823133186578929,1.07936239179779,0.569965568547962,-0.449506373340692,-0.487588022718637,0.145546999238411,457.0000000001,0.425379462092141,0.102466312642307,1071.0000000001,0.701823070448056,1.1272025324402,0.0573062468720593,-1.26778567944537,-0.286417062145338,0.253180880939414,0.148004518010169,-0.1677123036256,0.622126211089624,-0.187833284657285,-0.19971869204314,-0.165482432239623,-0.07691279130717,-0.337868128081319,-0.505342485286875,0.0484797706035805,-0.204904495693936,0.596004386864676,1.11697181886013,2.19258446122347,2.1515594435597,2.28302402457116,0.755437982992583,0.0884828538684033,1.28205977915779,0.913279238424475,0.913279238424475,2.2753856164849,-3.00925427735939,0.503582348800916,0.545847751152911,0.422490799916618,0.463536649995334,0.031280810839148,-0.296784733278896,0.0228766609891312,1071.0000000001,0.0216260163735423,0.035680230398517,0.750518286049563,1.3924811205056,5624.64537881568,0.0156249669969604,1007,2,"SNETWORK (2 35 5624.64537881568 0.750518286049563 100000884 1007)",100
3,100000885,-0.265492851771896,115,-0.226804037760009,-0.273941878615531,-0.467885001197052,-0.45962963966976,-0.447550990366083,-0.375462285778209,-0.436507539174343,0.548113160798157,0.762997657371494,-0.0341875236681269,-1.24241978300945,-0.117512804315575,-0.0341875236681269,-0.0341875236681269,-4.39282467686391,0.167199315352456,0.235208389938529,1.13441652091309,-0.0247187233860919,0.0739219712525668,-0.0898203592814364,1.0005994005994,0.837837837837838,-0.265492851771896,7,0.272736389280312,-0.284684636960697,-0.282245430940068,-0.338613288431094,-0.26219182795764,0.688485829003721,0.763118767463919,0.0433358672638633,0.697716904563038,3048.0000000001,3.40008083569412,0.874294506157459,1378.0000000001,1.9262027622566,5.32628359785072,0.262755949225178,2.04063189114471,1.02582157201335,0.941008725850559,0.750198851902536,-0.285015896269306,0.661506481308544,-0.309043430936687,0.873932984349786,-0.0535241189966599,-0.107615715154958,-0.142195756289396,-0.283450537649267,0.1628891934982,-0.212045162324965,-0.183656619125852,-0.461007527196321,-0.825412455692725,-0.776467840508733,-0.737745288446673,-0.537944444829098,-0.653775588272518,0.555184269657303,-0.479533454734872,-0.479533454734872,1.05938149442868,-15.7872287610785,1.28174132200233,1.12216539298775,1.31024545284016,1.10134507729212,1.21326293122313,-0.806698341907262,0,3048.0000000001,0.167732613305859,0.095023335819319,0.578417855725655,1.30261209630397,2024.5177310093,0.0624998605480869,116,2,"SNETWORK (2 3 2024.5177310093 0.578417855725655 100000885 116)",100
3,100000886,-0.434682097085302,77,-0.494845044588713,-0.486027089260215,-0.467885001197052,-0.45962963966976,-0.447550990366083,-0.349378580410075,-0.417615543018172,0.594777198018874,0.887677804294139,0.00932886241374188,-1.1911601276473,0.0951462401075136,0.00932886241374188,0.00932886241374188,-4.73048056104483,0.224250122820747,0.276141624153243,1.2438011520577,0.0271823700871579,0.501026694045174,-0.58882235528942,1.04055944055944,1.3033033033033,-0.434682097085302,7,1.42949195119478,0.0235067517706986,0.0233984386013758,-0.769467133798062,-0.432927324212686,1.02585411922454,0.887396272051849,-0.669098839928963,0.0631847084490311,2142.0000000001,0.216384668401373,0.135986521247137,3114.0000000001,0.677032483535631,0.893417151837004,0.0417435256412061,0.183878596121513,0.351400272446038,0.46323220388535,0.971956837898858,0.771175941311992,0.800113888488567,0.790109460201291,0.993301139772926,0.674071046229811,1.49768973685913,0.0682142807483176,-0.205530782061409,-0.987262066524885,-0.133447186357894,-0.183656619125852,-0.461007527196321,-0.897784372821835,-0.860982036160378,-0.832801478435155,-0.473124114735664,0.646095652134369,-0.70601571038184,-0.427931351210396,-0.427931351210396,2.22525017598291,-2.04081988481229,-0.0251647044967565,-0.249214717313995,-0.0572281845484078,0.000321163850293463,0.49749289284376,0.74417243978063,0,3114.0000000001,0.0101102367582738,0.0316332887829323,0.421517263072058,0.933376962202461,1798.28265342683,0.0624998605480869,78,2,"SNETWORK (2 3 1798.28265342683 0.421517263072058 100000886 78)",100
29,100000887,-1.07898889721177,24,-0.790377993358492,-0.853832397374456,-1.31184600508887,-1.30651564302517,-1.32383268064034,0.434498131160781,0.389011296163005,1.57040023454877,0.255986024357591,0.588850384585847,-0.147575166211648,2.06922246346608,0.588850384585847,0.588850384585847,-0.236437369005299,-0.345471595862013,-0.487332248961283,0.0771739200383917,-0.477504517535892,0.279260780287474,-1.27411842980705,-0.441958041958041,0.405132405132405,-1.07898889721177,8,0.782842730467552,9.50883783023552,10.2561872619243,0.248572686480101,-1.07964441323387,-1.07469568003619,0.257310907136061,0.676982634711321,0.203431985660668,2209.0000000001,0.718471788034264,0.0895140641673336,32649.0000000001,4.67257116636577,5.39104295430004,0.0492549253480263,-0.94483883175919,-1.38850907433263,-1.08796470648289,-1.06704415746784,0.0522304728944179,-2.27363711619675,0.0147762919984328,-1.81449996107021,-0.00716343493685003,-0.0100165411475329,-0.0198314634229269,-0.275287392710015,0.105003432182749,0.0811329407561004,-0.471792152073761,-0.75229266612818,-2.3587188560243,-2.29529197602236,-2.43477706343215,0.865531784758628,0.597661038873277,-2.87872528252069,1.07537552843814,1.07537552843814,-2.84144370260192,1.06316675953723e-11,-0.311814115727716,-0.321984387756655,-0.092409523681025,-0.305130456470067,-0.297437264222922,0.105381369655442,0,32649.0000000001,0.00656427235103882,0.0426906528969874,0.147732702636711,9.32197870581439,825.494516090229,0.25,819,2,"SNETWORK (2 29 825.494516090229 0.147732702636711 100000887 819)",100
17,100000888,-0.320268591333513,160,0.152577399052067,0.406018494492994,-0.241215637293384,-0.241906399880321,-0.243823950879704,-0.257656875582432,-0.25493675277693,0.0849827914526671,0.989645264511408,0.505913053422623,-0.140207534920973,-0.02187554916729,0.505913053422623,0.505913053422623,0.452474165888391,0.0139678422807029,0.0498737605350609,-0.257154660431706,0.0368488522082947,-0.443531827515401,0.0161216029479497,0.044324905863371,-0.265923265923267,-0.320268591333513,9,-0.282480559928333,0.173124153427809,0.172653464065066,0.31413786541881,-0.320159728467386,0.150931288784304,0.989104324341442,0.360624337934504,0.181339894792729,1524.0000000001,0.441850042265935,0.136406997421748,1573.0000000001,0.343053572529856,0.784903614695791,0.0357205445889309,0.320881496185351,0.331755572621054,-0.236042109566557,0.789625643184123,1.5636271322561,0.121230735490528,1.56082729595963,0.708017580352012,1.49313793084177,3.53977177791532,-0.239893034187547,-0.322779598082638,-1.17619463372623,-0.127460055313438,0.121428129376515,-0.277526342387342,-1.15875201777464,-1.12967529839571,-1.15000997565428,0.448714266180094,0.624294132488913,-0.755034412880048,0.503269006505474,0.503269006505474,0.453176761399099,1.06316675953723e-11,0.142659259574062,0.0176339603956468,-0.406967349136551,0.268618790744718,1.17741709967324,1.1938356195699,0,1573.0000000001,0.0201083595426583,0.0156121849462726,0.557527939436254,1.802928336896,2055.34127314686,0.125,579,2,"SNETWORK (2 17 2055.34127314686 0.557527939436254 100000888 579)",100
43,100000889,0.0383538203120527,108,0.12371145778112,0.869954874556633,0.965149594579297,0.947078472655203,0.966783102940535,-0.041019050445946,-0.0374748707393603,-0.466513185674957,-0.331042360075381,-0.459837716671263,0.700627561117947,-0.799514163182768,-0.459837716671263,-0.459837716671263,0.243831859385209,0.473278678486374,0.276707953082579,-0.289435976003961,0.621817879448963,-1.14579055441478,2.23053892215569,2.01958041958041,-0.227886977886978,0.0383538203120527,11,0.276393110566135,0.164886785420066,0.164421440405561,-0.303155584405044,0.0406327700498057,-0.0920656230540592,-0.327916031443724,0.918055268779839,0.0837262851254774,2.0000000001,0.165029005448032,0.0578906475014123,3.0000000001,0.171158363749509,0.336187369097541,0.015321887026373,0.729705438670224,0.884014486823395,-0.384569826186837,0.512681959368649,1.34463686609,-0.100035935898068,1.34414674449205,-0.351906700517899,1.22743093352829,0.783658717457585,-2.3533866497711,-2.05540459192916,-0.0130648205887113,-0.484240171736127,-0.353148128111646,0.538992472803681,2.19258446122347,2.15155944355969,2.28302402457116,-0.561481998957925,-0.143563911852879,0.653113683949792,-0.497887808636079,-0.497887808636079,-5.98319780824377,1.06316675953723e-11,1.59758657724874,1.74878098802303,2.14102375858392,1.24657290831867,-1.59894056059589,-0.430213846997919,0,3.0000000001,0.0075212693655152,0.00780061756085782,0.423855275277234,0.901939859613776,3415.83844324226,0.0312500660060792,1577,2,"SNETWORK (2 43 3415.83844324226 0.423855275277234 100000889 1577)",100
17,100000890,0.34567212595601,256,0.152577399052067,0.406018494492994,0,0,0,-0.525806711445851,-0.608613975360475,-0.172677653433002,0.660910760140996,-0.18994350003702,-0.403841513080795,0.211699050316054,-0.18994350003702,-0.18994350003702,0.370294479894883,0.247504485815216,0.313425937938726,0.0209014676530486,0.280368749437368,-0.443531827515401,0.0161216029479497,0.044324905863371,-0.265923265923267,0.34567212595601,9,-0.604813775287817,0.607414940799043,0.609017996370419,0.988838407969858,0.349797728078348,0.747067484893156,0.661968655800396,-0.230897859687893,0.320057388160253,1057.0000000001,0.540878126569663,0.130590752406755,2872.0000000001,0.599643919190052,1.14052204565971,0.0480940901135121,0.1056078235158,0.331883563906622,0.729573120614561,1.28152847244601,0.83504882520414,0.462109542870598,0.772695960499871,0.731307443240561,0.55739442166579,1.0669040180373,0.00341086114540012,0.161242614798575,0.152900740069409,0.663786579035475,0.121428129376516,-0.277526342387342,0.0560638664961992,0.0762494422862851,0.0917060908410349,1.06369230882232,-1.27017081330613,1.5609010385276,1.38899805876165,1.38899805876165,-1.08997970454047,1.06316675953723e-11,-0.439881082417268,-0.280470219040752,0.194702726342304,-0.514755368541977,-0.319894617676938,0.142297776231702,0,2872.0000000001,0.0228080127008906,0.0252860773126215,0.893156142968582,1.80658689327538,2614.20456050749,0.125,675,2,"SNETWORK (2 17 2614.20456050749 0.893156142968582 100000890 675)",100
17,100000891,-0.927760856935129,34,-0.711340194022643,-0.147031598306002,-0.358045591966192,-0.357303355798844,-0.355675841278248,-0.0324554087009446,-0.0302813327234924,0.354386382078133,1.35426983542638,0.658527955377252,0.0516657656456693,-0.0846407328242233,0.658527955377252,0.658527955377252,0.51199471762494,0.0167024697553801,0.00987211619378083,-0.486943039222232,0.082362652488037,-0.596303901437372,0.141716566866268,0,-0.395577395577396,-0.927760856935129,9,0.512233165560396,-0.161502902406263,-0.160376634359752,-0.481772506810051,-0.925515733413285,-0.145982897171053,1.35280169131407,0.622779880900719,0.243933902167297,51.0000000001,0.0198901892733775,0.195481606402907,2023.0000000001,0.632263857184714,0.652154046358092,0.0314804762658805,-0.277488574020253,-0.269040464192259,-0.177231058389173,-0.191582052392465,-0.0168590333758236,-0.0745349276581462,-0.0183348206277821,0.740109969216177,-0.0631595840356255,-0.173587165834796,-0.0824880234635537,-0.0746464199561788,-0.906133916845479,-0.21227586944228,-0.675181930528773,-0.587156310063934,-1.4058558810172,-1.37829262321507,-1.40813399619979,-1.00999287372675,-0.430968267148832,0.056791525784283,-0.811687898896333,-0.811687898896333,-0.911479371258386,1.06316675953723e-11,0.590072904838255,0.469676801143977,-0.665398617712571,0.821076588636677,-0.999052017412281,-1.29162853701559,0,2023.0000000001,0.000960129941384374,0.0305203462244962,0.114151579372004,2.17193288821727,1317.06371626797,0.125,453,2,"SNETWORK (2 17 1317.06371626797 0.114151579372004 100000891 453)",100
15,100000892,0.9604080652104,352,0.288659805977357,0.708741764562854,0.0737102907633875,0.0682577010310203,0.067165878475577,-0.679770846578753,-0.819055712113861,-0.357355930456911,-0.0171558418684182,-0.667603607069893,-0.364551069925762,0.656274985150532,-0.667603607069893,-0.667603607069893,0.310464751455543,0.655393650569652,0.751148262320871,0.351558497970419,0.734067834438543,-0.123203285420946,-0.548902195608782,-0.19020979020979,-0.0057330057330057,0.9604080652104,9,1.06025372497898,2.7687712848944,2.84262305866101,-0.578986413204681,0.956811233265721,0.739288534660076,-0.0142448273626147,-0.601220996292024,1.66434256205263,3140.0000000001,8.35543263547176,1.1388788091088,1647.0000000001,2.9989393718515,11.3543720072233,0.328642868416463,3.98423584535518,-2.77470500801357,0.290352665166635,-0.299200450214775,-0.885646660582563,-0.0870381755140503,-0.560434428891071,0.0132687391943281,-0.729079099592261,-0.268721447900717,2.52957294562262,1.5598307851708,-0.100732560038906,3.40122781202434,0.579055171310218,0.784402590912209,0.654752681800181,0.634268248046905,0.655321585673747,-0.232445635123782,-0.303276063937299,0.318974878637044,-0.222058658176858,-0.222058658176858,-0.0751343030967456,-0.328946404744639,-0.203610130564882,-0.154141414208002,0.278876357988432,-0.276315859563907,-0.56501179421549,-1.2409308350136,0,3140.0000000001,0.241841058720893,0.08680180959557,0.00545475070673374,1.47030500147957,3154.09398251114,0.0625,338,2,"SNETWORK (2 15 3154.09398251114 0.00545475070673374 100000892 338)",100
28,100000893,-0.11386749962935,194,-0.790377993358492,-0.853832397374456,-0.715996162004961,-0.715344983900652,-0.711097017555422,0.767550357228717,0.771411588784378,2.04308969639969,-0.44396325270831,0.286610528376494,0.0917336188663626,2.74577402803504,0.286610528376494,0.286610528376494,-0.0376030797121762,-0.885631764035712,-0.955269199487344,0.680931749854293,-1.26901838870757,0.468172484599588,-2.26546906187625,-1.53286713286713,0.194922194922195,-0.11386749962935,8,-0.342194691009161,1.62751015578498,1.65113235257732,0.652643056633896,-0.110418516008484,1.41323112886929,-0.44031694043456,-1.7698819035628,2.92009701720582,4706.0000000001,21.9707037989603,0.0713028211592466,3153.0000000001,0.359439208556987,22.3301430074173,0.787928291371137,0.610316041661586,0.235368089200207,1.92540777491829,1.14431763483713,-1.20390060479149,0.585586354649589,-0.930743072342932,-0.199157114232604,-0.878656088869572,-0.421647537330649,0.510870977869775,0.438459169565801,-0.0521302984703304,1.01366236294731,-0.394881661760617,-0.690739627763058,-0.897784372821835,-0.860982036160378,-0.83280147843515,0.340780822845401,0.498276325884145,-0.399363833269754,0.372407929399634,0.372407929399634,-0.271213585042032,1.06316675953723e-11,-0.811242313697248,-0.762604207976172,-0.352736601528177,-0.789235737535952,0.184725570007701,0.260717416454245,0,4706.0000000001,0.775245330788414,0.0126829604827232,0.201151350345313,2.21481875184691,1775.84605531378,0.125,735,2,"SNETWORK (2 28 1775.84605531378 0.201151350345313 100000893 735)",100
17,100000894,-0.728206127017836,85,-0.254295665086778,0.276450920905401,-0.358045591966192,-0.357303355798844,-0.355675841278248,-0.094650154064386,-0.0837734290739826,0.247535056291188,1.21180113283739,0.649474194460309,-0.0136485796850707,-0.0500252884274747,0.649474194460309,0.649474194460309,0.496780205986294,0.0007520376951261,0.00605728354072677,-0.415021852675563,0.0490893669943546,-0.596303901437372,0.141716566866268,0,-0.395577395577396,-0.728206127017836,9,1.26455919670108,1.15579855400293,1.16636806072592,-0.710513282313599,-0.727279173136922,-0.0810354440201058,1.21075453175964,-0.588591457390099,0.124379450938331,1420.0000000001,0.282379753055615,0.116129124518218,1786.0000000001,0.331603557319199,0.613983310274814,0.0235221024531482,0.868040842947049,-0.0345406517774673,0.350547424766952,0.00108935441610716,-0.530215767493817,-0.32291766837536,-0.444850322094227,0.557286132423324,-0.817879236763378,-2.13172867015629,0.77041907078969,0.330575890458444,0.20035877817327,-0.0638467879660917,-0.658232714974315,-1.30374704394875e-15,-1.4058558810172,-1.37829262321507,-1.40813399619979,-1.88847743315873,-0.462730482951312,-0.240148260649517,-1.26483474959268,-1.26483474959268,0.585509006862174,1.06316675953723e-11,0.163412126606164,-0.0478064478808254,0.0784907301784425,0.174071094791031,0.203940253142793,-0.0909075894439064,0,1786.0000000001,0.0108181531018938,0.0127039492512544,0.291493004799364,1.22775956615806,1612.35955540327,0.125,504,2,"SNETWORK (2 17 1612.35955540327 0.291493004799364 100000894 504)",100
17,100000895,-0.999306064397919,18,-0.711340194022643,-0.147031598306002,-0.358045591966192,-0.357303355798844,-0.355675841278248,-0.00540571534674578,-0.00529063184906588,0.396230975040379,1.41746259845049,0.617720581871709,0.0630130985648323,-0.0957457766375849,0.617720581871709,0.617720581871709,0.515843954350048,0.00686222267500437,-0.00981098695377343,-0.55492505809115,0.0824037630501079,-0.596303901437372,0.141716566866268,0,-0.395577395577396,-0.999306064397919,9,0.642171569893665,-0.196451343406401,-0.194992792135034,-0.539807089998774,-0.994303431930385,1.116407628371,1.41582183900246,-1.09679227306661,0.742720090676799,1945.0000000001,2.30962436279024,0.801931301597187,933.0000000001,1.1962319116736,3.50585627436385,0.170279239504551,0.182223317799639,-0.093518760945285,0.997587204346883,1.32827096436291,0.497472497022481,0.917015766682437,0.529506148211696,1.24268734220102,0.469932288023406,1.35441074464108,-0.198095116180694,-0.139007200673883,-1.1860379816157,-0.206969605744045,-0.675181930528773,-0.587156310063935,-1.4058558810172,-1.37829262321507,-1.4081339961998,-0.574748703903999,-0.879870021728249,0.239393740774325,-0.508144458269684,-0.508144458269684,0.637466444924966,-1.55227875090217,0.204178420922753,-0.0431211348503884,-1.23852236123235,0.53688423254794,0.781436717019782,0.565240424347474,0,1945.0000000001,0.11217832364554,0.0581009157590114,0.0597908074133745,1.10607050378375,1226.54617513011,0.125,437,2,"SNETWORK (2 17 1226.54617513011 0.0597908074133745 100000895 437)",100
41,100000896,-0.529644676765304,91,-0.886598059773572,-0.0928456434617663,0.315622755524543,0.310024668600395,0.31737100022456,0.98290832910099,1.13973463072955,0.597235469367226,-0.186307377956916,0.599749374688112,0.528511922321941,0.309998091148769,0.599749374688112,0.599749374688112,0.537616170835433,-0.541543208730562,-0.674064590019423,0.0170440511997927,-0.713687359942546,-0.720739219712526,0,-0.434965034965035,-0.700859950859951,-0.529644676765304,10,-0.488838679956995,1.20996310201343,1.22178669196313,0.810543831542409,-0.528745494904189,0.274123861679852,-0.183750205457866,-0.746041154050338,0.158263724653612,545.0000000001,0.551611642308947,0.108032292449474,1172.0000000001,0.809723498013861,1.36133514022281,0.0516627117646448,-0.00912920688749533,-0.0264171138979407,0.4983161447216,0.154339759146558,-0.533340078896715,-0.0339164937421146,-0.443212727741165,-0.130522857782629,-0.439367773551878,-0.348864126381687,0.454348424014743,0.578302253921207,-0.926408637376314,0.409108429531636,-0.658232714974314,0,0.102215627178165,0.139017963839622,0.16719852156485,-0.715103101994519,0.319161743059229,0.0149960465977311,-0.612847809299526,-0.612847809299526,0.149570467093036,-0.28740686996775,0.464841284212057,0.293389878180781,0.116093645839532,0.495125007809885,1.29302916242937,1.27038914425091,0,1172.0000000001,0.0209336792846846,0.0307290323799602,0.255543066796258,0.596569444984198,2194.50997947103,0.0625,1297,2,"SNETWORK (2 41 2194.50997947103 0.255543066796258 100000896 1297)",100
17,100000897,0.161002253672293,232,0.152577399052067,0.406018494492994,0,0,0,-0.475781299844311,-0.525053514637135,-0.150093244954169,0.714899313841918,0.0231815610386688,-0.336850000839093,0.162260598130169,0.0231815610386688,0.0231815610386688,0.381521711476367,0.234496459141585,0.298750985337942,-0.00101039431751696,0.267979125898299,-0.443531827515401,0.0161216029479497,0.044324905863371,-0.265923265923267,0.161002253672293,9,-0.107025505029647,0.0192879116211674,0.019198003282569,0.0547443471285215,0.16035998721754,-0.358021472051969,0.71592603818425,-0.0131390525972879,0.154571909676134,973.0000000001,0.240458418958853,0.855303054364814,2717.0000000001,3.71540563890502,3.95586405776387,0.184968926955186,0.201739062904101,0.843226822787183,-0.430528434355899,-0.455160781087436,-0.0282725255328765,-0.345824035990842,-0.0292966049069751,0.341841810768195,-0.0460460606062294,-0.0889283509829759,0.313962149033748,0.100882611594111,0.158272849059997,0.611005292196191,0.121428129376515,-0.277526342387341,0.0511078135890781,0.0695089819198063,0.083599260782425,1.09722196900411,1.68522447755948,-0.982380484151422,1.44499622468102,1.44499622468102,0.0896955094831779,1.06316675953723e-11,-0.472037920302556,-0.511151166036388,-0.701938453380929,-0.333364423306707,1.32099897058895,0.47879500716542,0,2717.0000000001,0.0112433933626836,0.173725533492502,0.811780403502657,1.26656466483837,2478.70369141873,0.125,651,2,"SNETWORK (2 17 2478.70369141873 0.811780403502657 100000897 651)",100
43,100000898,-0.448573675054116,20,0.12371145778112,0.869954874556633,0.532114998802948,0.540517197237357,0.552449009633917,-0.292638243236164,-0.240895216298135,-0.649781818761461,0.0331770321111702,-0.272610772906509,0.474727089467026,-1.22981155768252,-0.272610772906509,-0.272610772906509,0.409487276087638,0.563007262196156,0.374311647365472,-0.0012521478202209,0.682183539192138,0,0.0419161676646709,0.81118881118881,0.429975429975429,-0.448573675054116,11,-0.386442635758631,-0.140478701816865,-0.139537065566607,0.430427232382308,-0.4491429737997,-0.46245525817756,0.0351525213638482,-0.108544164627112,0.675968220557435,2.0000000001,1.332369673913,0.0542067308978868,2.0000000001,0.106844378350172,1.43921405216317,0.0692160382807868,0.276773168403628,0.257838633391253,-0.113399588015049,-0.494027872177977,-0.574704205099358,-0.432999929027451,-0.606758770285636,-0.132416808011304,-0.546333306544849,-0.597098997445999,0.304525932075463,0.536696719129712,0.174370518515976,1.17292342493156,-0.353148128111646,0.538992472803678,0.385410854197415,0.426912104353179,0.461969992744147,0.5634761446416,-0.317229983667286,-0.514850900576818,0.649840921581419,0.649840921581419,-0.372382768805738,-0.0820019519844153,-0.71277467845957,-0.584882121920752,-0.60038098469366,-0.62156366539181,-0.305121755811988,-0.852184720575866,1.58157347016431e-13,2.0000000001,0.0640775776760657,0.00513846050472116,0.0760710165984839,0.679228849709034,2908.53637512389,0.0312500660060792,1491,2,"SNETWORK (2 43 2908.53637512389 0.0760710165984839 100000898 1491)",100
35,100000899,1.06142460711667,231,1.95876350285277,1.6240746339498,1.11742223327512,1.09970853501445,1.1005013034785,0.670551475031137,0.638364443970597,-0.133336050124479,-0.446423050436436,-0.157660052510388,1.12141347681862,-0.764792709146844,-0.157660052510388,-0.157660052510388,-0.7700353817353,-0.542558882948493,-0.655333517385793,-0.950560728807626,-0.537832841983035,-1.3305954825462,1.62674650698603,0.565034965034965,-1.23832923832924,1.06142460711667,12,-0.043937038738807,-0.435055612881654,-0.430472258764471,-0.0719722337808146,1.05688982645139,0.120778316842861,-0.443280057543282,0.314512984825602,0.0260685652252667,3.0000000001,0.000500144538452113,0.0969006973218102,1540.0000000001,0.954343422656287,0.954843567094739,0.0483719716460131,0.649415990189917,0.618806514388322,0.331128564514702,-0.0861307849954382,-0.62701684992075,0.249806213687997,-0.697563800181106,-0.367434145971179,-0.927522038829076,-0.432268432455337,0.966970691882043,0.689119727781063,0.0503705186324616,0.909945446207259,0.596004386864676,1.11697181886013,1.75323031652384,1.71223323498081,1.79924129700496,-0.290169443795411,0.604179125410679,-1.24796651236572,-0.273565126880231,-0.273565126880231,-0.284894086316467,-0.83899878759811,0.0679025224167251,0.10049777511177,0.358953677660365,0.00171128024662842,0.643922308309413,0.517083498866865,2.65088134334458e-05,1540.0000000001,2.5337105869443e-05,0.0483466344401437,0.675672294319686,2.31337465520483,5606.06267432293,0.0156249669969604,1004,2,"SNETWORK (2 35 5606.06267432293 0.675672294319686 100000899 1004)",100
37,100000900,0.482313490960625,116,1.29896932353205,1.22104076566898,1.45807027539656,1.42805593959054,1.43873085382348,0.166444991977663,0.0906613261286203,-0.476840149968414,0.564874330340101,-0.472444308317118,0.640650192030345,-0.983803209962534,-0.472444308317118,-0.472444308317118,-0.556901007916469,-0.628675983182777,-0.681005944016368,-0.523567828846153,-0.724568802664514,1.28439425051335,-2.76197604790419,-0.927972027972028,1.1480343980344,0.482313490960625,12,0.653029369885442,1.7949453403539,1.82433029292191,-0.500640531399171,0.480374078007044,-0.0176917097314834,0.565668103740766,-0.0083147107168714,0.170090629494565,525.0000000001,0.571079740594047,0.0965162852496448,578.0000000001,0.356767675104872,0.927847415598919,0.0317991685351853,0.797115985335267,4.5839148407251,-0.310439162437481,-0.273090795233066,0.0588831168411238,-0.410881103173884,0.0454990495088692,0.230617729765105,0.12632957281324,0.232251633909079,0.0617669792285765,0.12536250133096,0.24702381312296,0.144054086751503,0.528207847926239,1.07109749798066,2.19258446122347,2.15155944355969,2.28302402457116,0.190306003155472,-1.01604745454394,0.754450371974052,0.200638470877629,0.200638470877629,-0.0323591258707253,1.06316675953723e-11,0.522882807324244,0.505977686222166,1.33929651900475,0.263193294083864,-1.27161637827445,-0.447913039073383,0,578.0000000001,0.0195720336712122,0.012227134763973,0.684570267633813,0.725936367607574,4926.62900640574,0.0312499339939208,1164,2,"SNETWORK (2 37 4926.62900640574 0.684570267633813 100000900 1164)",100
17,100000901,0.57558971938174,280,0.152577399052067,0.406018494492994,0.0737102907633875,0.0682577010310203,0.067165878475577,-0.536828166453442,-0.627696072190567,-0.164310822026805,0.633193813767459,-0.277431929616597,-0.373984244948978,0.131405537480493,-0.277431929616597,-0.277431929616597,0.363104905227799,0.250990691541304,0.317989046907248,0.00116163217355488,0.288377510689463,-0.443531827515401,0.0161216029479497,0.044324905863371,-0.265923265923267,0.57558971938174,9,-0.593732384991853,0.0815688043078946,0.0812529719251574,0.869639822094306,0.573256564864725,0.562299486653075,0.633857495932311,-0.627935952200996,1.73439749896948,1313.0000000001,3.64090996272964,0.140915398788984,4023.0000000001,0.906369036995085,4.54727899962473,0.210304235620349,-0.108442375753166,0.0607924263988768,0.426123889362664,0.231754261512273,-0.302076059881665,0.472130765903972,-0.306694627035755,0.722220572250613,-0.310232520088297,-0.569851994398584,0.609245294853922,0.323254622576179,0.254026563415697,0.74975592875089,0.553501088956204,0.437592235691724,-4.52365144789511e-15,-9.02989036134174e-15,-4.84823954093274e-15,0.988512871931906,-0.903631282001944,1.59771239670306,1.26658353062782,1.26658353062782,-0.575702769748845,-0.1767525259448,-0.405536999302857,-0.334746579848013,0.259588387815569,-0.492815272378525,-0.412340879967321,-1.40951547175486,3.70678419335996e-14,4023.0000000001,0.168386146169892,0.0419180893504574,0.9742588206783,0.0937684410018846,2749.25074733439,0.125,699,2,"SNETWORK (2 17 2749.25074733439 0.9742588206783 100000901 699)",100
35,100000902,0.978369468709287,219,1.95876350285277,1.6240746339498,1.45807027539656,1.42805593959054,1.43873085382348,0.638685461541819,0.557404500686228,-0.142168598592359,-0.287948276213968,0.057932678549261,1.14756436405546,-0.100917119815623,0.057932678549261,0.057932678549261,-0.596991526790004,-0.54661071545537,-0.668678783288868,-0.930777171594826,-0.54656360255486,-1.3305954825462,1.62674650698603,0.565034965034965,-1.23832923832924,0.978369468709287,12,-0.144768165651852,-0.29068485379377,-0.288171548440561,0.0610108307664207,0.972467695248699,-0.460838206599114,-0.272618083609665,0.045795498259207,0.0688724011805821,168.0000000001,0.0739965664271182,0.11913698831445,896.0000000001,0.68267136818422,0.756667934511339,0.0373674562168562,0.384369431512947,0.616347513108006,-0.565786793498189,-0.111260327830435,0.69597167735566,-0.397033070699981,0.753326353750666,-0.436204914398913,0.516061169982587,0.389246566433598,0.00871954825136967,-0.203550901590938,-1.10567101545066,-0.053701301807112,0.596004386864676,1.11697181886013,2.19258446122348,2.15155944355969,2.28302402457116,0.328434610260381,0.00105461595193072,1.3363025542764,0.357855338722603,0.357855338722603,0.063096441301823,-2.89774898356773,0.227575384453738,0.396067572858832,0.447405884428183,0.155223085178704,-0.45590373344168,-0.394957180729501,0,896.0000000001,0.00365426274760507,0.0337131933692511,0.385784145885528,0.397159183916668,5534.08947076459,0.0156249669969604,992,2,"SNETWORK (2 35 5534.08947076459 0.385784145885528 100000902 992)",100
17,100000903,0.313422031084526,253,0.152577399052067,0.406018494492994,0,0,0,-0.519075600736041,-0.599936418000733,-0.169913639489792,0.674898497437018,-0.126137090069452,-0.380068976641157,0.156571484882508,-0.126137090069452,-0.126137090069452,0.374677592941564,0.245017944388981,0.312567729699003,0.0209733186202305,0.277220468557246,-0.443531827515401,0.0161216029479497,0.044324905863371,-0.265923265923267,0.313422031084526,9,-0.60130806543137,2.11065476398297,2.15245148456137,1.30151359864163,0.313284359524276,0.600386688995518,0.675202404271714,-0.745344200413084,0.470188982112161,839.0000000001,0.630711839535172,0.107958683228521,3728.0000000001,0.643472597055782,1.27418443649095,0.041337172938652,-0.367961165345113,-0.449199913662706,1.39119233894268,0.89658140877777,-0.790132470292386,-0.0174459058379959,-0.560845585794366,0.498582948259557,-0.737866019921594,-1.37789817584725,0.585476001075909,0.328564426147199,0.25843692941495,0.935070013983102,0.121428129376515,-0.277526342387342,0.0496680528346116,0.0675508409385622,0.0812441818556568,1.01553088570347,-0.964104733359824,1.8262697574801,1.31008278882156,1.31008278882156,0.447045249278432,1.06316675953723e-11,-0.390145994673529,-0.301036912146382,0.06555201048635,-0.429083136005695,-0.308581364432191,-1.19993152909833,0,3728.0000000001,0.0204615937642141,0.0208755790744379,0.883040660111166,0.919269788078964,2597.36100581382,0.125,672,2,"SNETWORK (2 17 2597.36100581382 0.883040660111166 100000903 672)",100
34,100000904,1.2210882566438,250,1.95876350285277,1.6240746339498,1.11742223327512,1.09970853501445,1.1005013034785,0.664844464353245,0.51999212078863,-0.241050035239278,-0.653144330559321,-0.632549597549352,0.598448477210172,1.60473182285847,-0.632549597549352,-0.632549597549352,-0.846128456061911,-0.661520219319841,-0.744927266743373,-0.698471970807853,-0.733957487317762,-1.3305954825462,1.62674650698603,0.565034965034965,-1.23832923832924,1.2210882566438,12,-0.815435887430177,-0.687883211395597,-0.67832586739354,1.27361013723748,1.22035175432278,1.75125525079859,-0.649448166561864,-0.387961111485397,0.0639133294127444,481.0000000001,0.196604556810402,0.0370430183217172,540.0000000001,0.127925518917326,0.324530075627728,0.0171926042566433,-1.13510330997383,-1.2370881167679,1.4242461674212,1.11552468404916,-0.516604594642306,1.41126547285467,-0.601409929278714,-0.407571296814462,-0.381762433888342,-0.0821621107047939,-0.458931662768632,-0.413100909783215,-0.0686032968315941,-0.158566127130876,0.596004386864676,1.11697181886013,1.90525620652309,1.86424945848738,1.9666403990275,0.433166066953769,0.366171414064105,0.252752470624455,0.484008749991464,0.484008749991464,3.60284970351999,1.06316675953723e-11,-1.01781017678713,-0.844109822519816,-0.507711434575998,-0.978038489311882,0.939732822706857,0.42633778565187,0,540.0000000001,0.010415504058962,0.00677710009768138,0.0590010308928954,0.0460046464577317,5711.27556823272,0.00781248349848019,965,2,"SNETWORK (2 34 5711.27556823272 0.0590010308928954 100000904 965)",100
29,100000905,-0.974994938944543,49,-0.790377993358492,-0.853832397374456,-0.959757100198023,-0.960709455694412,-0.961711264614227,0.434431200389076,0.361063185526549,1.58875471951748,0.118529140741401,0.885061884785882,-0.20879311889635,2.92995525514535,0.885061884785882,0.885061884785882,-0.0848425492305732,-0.35400936451858,-0.454427458073951,0.489965013906811,-0.563835986054832,0.388090349075976,-1.93862275449102,-1.29510489510489,0.10534398034398,-0.974994938944543,8,0.595972425933882,-0.117985140289501,-0.117228382472087,-0.522735394012502,-0.974249595539381,-0.281672017999397,0.120236958891839,-0.0906729990381611,0.404612508517752,3782.0000000001,2.44655844433948,0.165697556375588,832.0000000001,0.220411472296671,2.66696991653615,0.12775488339312,-0.142964220958908,-0.293203438253702,-0.114031186177905,-0.335847960696635,-0.339768665170006,-0.228469107791242,-0.357466298194652,0.0499025446058277,-0.46071324250935,-0.55563543858726,-0.270538569033159,-0.332392327482553,-0.948564051456611,-0.164218451505083,-0.471792152073761,-0.752292666128179,-1.4058558810172,-1.37829262321507,-1.40813399619979,-0.361137582212275,-0.670348249459606,0.466358897740763,-0.335015004668801,-0.335015004668801,-0.030875624198327,-0.0611894878115168,0.215312400201468,0.259000488596943,0.426276202246586,0.178963966549883,-0.822195080325186,-0.649548344989776,0,3782.0000000001,0.117196593252646,0.0105582900404736,0.298367691535989,1.08344100689182,965.240834059536,0.25,844,2,"SNETWORK (2 29 965.240834059536 0.298367691535989 100000905 844)",100
37,100000906,0.384272141244105,94,1.29896932353205,1.22104076566898,1.45807027539656,1.42805593959054,1.43873085382348,0.137377532790518,0.0706546151426949,-0.518402985050295,0.607449845903575,-0.404562813539859,0.672681155353678,-1.1174987135224,-0.404562813539859,-0.404562813539859,-0.558231119710056,-0.614605920685882,-0.663764209264138,-0.545438371886723,-0.702826445782889,0.665297741273101,-1.69993346640053,-0.507226107226108,0.644007644007643,0.384272141244105,12,-0.30812836421036,0.852327942501482,0.85708398843384,0.461728618504634,0.383375250677582,0.512438116729711,0.607911748872432,-0.147577496042041,0.211310155263105,382.0000000001,0.516227093065987,0.0766167957290015,1710.0000000001,0.837870995445811,1.3540980884118,0.0547027957297437,4.35686897672619,3.54054604809691,0.587042889365906,-0.358156424682883,-1.25533100667351,0.234929454488317,-1.11196218802013,0.593280466921189,-1.01116279545223,-1.82151297313004,0.752289054816748,0.400442483058413,0.25158585168996,0.476638090870469,0.528207847926239,1.07109749798066,2.19258446122348,2.1515594435597,2.28302402457116,0.0944548354261735,0.433706945084265,-1.88580834611198,0.097353679231643,0.097353679231643,0.0507576619515139,-1.08952540169859,-0.791463751409227,-0.740480018173011,-1.1572681161719,-0.573214709241164,-0.0560553254253787,-0.978063003938041,0.00332448104859926,1710.0000000001,0.0208545196310422,0.0338482759987015,0.544947944208802,2.00537153444597,4784.89602872951,0.0312499339939208,1142,2,"SNETWORK (2 37 4784.89602872951 0.544947944208802 100000906 1142)",100
29,100000907,-0.67888858034575,115,-0.790377993358492,-0.853832397374456,-0.715996162004961,-0.715344983900652,-0.711097017555422,0.616723347952145,0.578284061514118,1.85439714606599,-0.0748076345953088,0.962737557368606,-0.115594644509995,2.9130963938081,0.962737557368606,0.962737557368606,0.0635686377097577,-0.684014264349732,-0.809779357396207,0.303621697817174,-0.945762871511856,1.05602816075095,-3.18648417450813,-1.88851148851148,0.604422604422604,-0.67888858034575,8,0.182061149595702,-0.107301026408161,-0.106627509291599,-0.267592537444806,-0.674418975802883,1.59793039465903,-0.0705500842188756,-1.11151980098053,0.491409643983128,1561.0000000001,1.22642598600873,0.356489580089718,1436.0000000001,0.818457336045111,2.04488332195384,0.0977710169257845,0.881699138679052,0.240576279899474,0.93710321571324,0.360762376730852,-0.876143409853496,1.16333035025751,-0.919345239320776,0.560106045118768,-0.867848633099927,-0.800645279148431,1.12540303296675,0.714044609294951,-0.710413090909354,0.798390114481373,-0.471792152073761,-0.752292666128179,-0.89778437282183,-0.860982036160378,-0.83280147843515,-0.114929774676795,0.552218567765817,-1.38835795636007,-0.11280829344573,-0.11280829344573,0.0549234384467174,-0.675940347365572,-0.747489433372573,-0.832840676514501,-2.09696532005306,-0.298039935912853,0.637841727292361,0.495609023148382,0,1561.0000000001,0.0586385122429162,0.0391325045828683,0.703329042484948,1.66376746774156,1340.92949795178,0.25,910,2,"SNETWORK (2 29 1340.92949795178 0.703329042484948 100000907 910)",100
35,100000908,1.05348563769856,230,1.95876350285277,1.6240746339498,1.11742223327512,1.09970853501445,1.1005013034785,0.673589929790201,0.642768210847855,-0.12689480444467,-0.44571549952263,-0.155712684997503,1.12143440480191,-0.778174949580755,-0.155712684997503,-0.155712684997503,-0.771173288921484,-0.536585637906665,-0.648317185962781,-0.941019580726092,-0.532048317411197,-1.3305954825462,1.62674650698603,0.565034965034965,-1.23832923832924,1.05348563769856,12,0.101933461298318,-0.0690243063731682,-0.0686248913719348,-0.177518981253702,1.05024120149185,-0.0857597080778818,-0.442574338048686,0.392202840275185,0.392988024097256,66.0000000001,0.165874762289353,0.116995513382351,2221.0000000001,1.66178497342033,1.82765973560968,0.0867975978954319,0.610067343629186,0.930745965984203,0.119248441800103,0.00543658308243649,-0.168184565121968,-0.0368646061695352,-0.175597314859289,-0.511687213110779,-0.416705146495165,-0.197631303586733,0.0935412670165004,0.0738053076524968,0.0512891372553902,0.101187578953884,0.596004386864676,1.11697181886013,2.19258446122347,2.15155944355969,2.28302402457116,0.108425408075091,0.636219271282183,-1.64702595749719,0.112121309046099,0.112121309046099,-0.381720488016209,-2.28042863236899,0.351947502138454,0.435830023211172,0.643518591988123,0.244063909443617,0.395077458903676,-0.0111005077155499,2.45416368463839e-12,2221.0000000001,0.00787757732645423,0.0789200204689777,0.641083063136752,2.60040545957674,5597.47488696321,0.0156249669969604,1003,2,"SNETWORK (2 35 5597.47488696321 0.641083063136752 100000908 1003)",100
17,100000909,-0.874869529178986,48,-0.711340194022643,-0.147031598306002,-0.358045591966192,-0.357303355798844,-0.355675841278248,-0.0360832479094897,-0.0304752390248322,0.347236297030686,1.33195325628386,0.676541184646107,0.0525183176022647,-0.0859704459529358,0.676541184646107,0.676541184646107,0.508776162092032,0.00033889980900524,-0.00429405873651779,-0.4652142561112,0.0577544488629809,-0.596303901437372,0.141716566866268,0,-0.395577395577396,-0.874869529178986,9,0.829092957634384,-0.112450572820548,-0.111737302566527,-0.620235228135879,-0.874593700896924,0.699601866132002,1.33141899380686,-0.904908033414425,0.194963647923523,505.0000000001,0.157413362149573,0.155364622652711,830.0000000001,0.206170631634934,0.363583993684507,0.0173996498998186,-0.315856028905154,-0.213805288897079,1.21018638257489,0.314188929555149,-1.40730327963583,0.622440331575207,-1.47778291044316,1.07822747048288,-1.34967799217093,-3.726237968685,-0.00118696088523028,0.0371650342800922,-1.03887200211963,-0.120769548911316,-0.675181930528773,-0.587156310063935,-1.4058558810172,-1.37829262321507,-1.40813399619979,-0.679882105946171,-0.639843436506146,0.420615473219079,-0.58721492953093,-0.58721492953093,0.165127985792115,1.06316675953723e-11,0.152997137310264,0.0470580661603017,-0.650653979402945,0.338810722392535,-0.690446021766808,0.998161240486932,0,830.0000000001,0.00753316268538655,0.00986648711443205,0.162607061054613,0.322840862907469,1397.74820433775,0.125,467,2,"SNETWORK (2 17 1397.74820433775 0.162607061054613 100000909 467)",100
41,100000910,0.559811108512,258,0.680412427894334,0.334368660703197,0.315622755524543,0.310024668600395,0.31737100022456,0.943221251501424,0.795794470657868,-0.6573719137876,-0.671935250020221,0.148534485362083,0.540944316575709,2.0114111154023,0.148534485362083,0.148534485362083,0.219311422109387,-0.488192147820247,-0.620422533022887,0.00790016325919396,-0.644752521815875,-0.720739219712526,0,-0.434965034965035,-0.700859950859951,0.559811108512,10,-0.675273884794005,-1.13128139901517,-1.10872163317792,0.819600898724485,0.559725914756528,0.561163217415424,-0.656540044303502,-0.344233562387197,0.12396382933302,1572.0000000001,1.24624395333063,0.0581901189318928,42.0000000001,0.0156298236013705,1.261873776832,0.0723230469183122,1.21026093374005,1.55620392499462,1.19318981547675,0.650181794014525,-0.802836644701221,0.801988506941165,-1.01095486805548,-0.711859199016905,-2.94378807686392,-0.526393196400717,-0.995389214875406,-0.712925944812859,-0.0861686706707039,-0.393898640797459,0.562105955755759,0.451834062908155,0.102215627178161,0.139017963839622,0.167198521564845,0.361613878557967,0.938270106174864,0.328248330268188,0.397155166474156,0.397155166474156,3.16213149317404,1.06316675953723e-11,0.365103235293749,0.420153948402589,0.98072072343657,0.177011127845772,0.886687372080214,1.36323857498677,0.0359901736182868,1572.0000000001,0.0714272389509207,0.000895807867391522,0.809210347800862,1.05949076544493,3135.68551596178,0.0625,1464,2,"SNETWORK (2 41 3135.68551596178 0.809210347800862 100000910 1464)",100
41,100000911,0.1128764441358,203,-0.419244275461604,0,0.315622755524543,0.310024668600395,0.31737100022456,0.989290435193406,0.895614928633882,-0.373927880378104,-0.449841367992241,0.77789069348025,0.69090705425534,0.491285752601238,0.77789069348025,0.77789069348025,0.437959110138326,-0.6712370696899,-0.790744853201271,-0.28656938950899,-0.821612212182909,-0.720739219712526,0,-0.434965034965035,-0.700859950859951,0.1128764441358,10,-0.382849083292917,0.953274336259245,0.959733267681677,0.510513236861058,0.110345856822525,-0.569416858317277,-0.443845537907542,0.195836953071734,0.0745196928987141,951.0000000001,0.453217960636355,0.121141637678531,980.0000000001,0.759232962911995,1.21245092344835,0.0481231948808215,-0.456912877409851,-0.278431855860564,0.283352060052441,-0.548557479568381,-1.30048034413937,-0.797300112434989,-1.13171354180751,-0.94738477868041,-1.41593469631243,-0.673459788337768,-0.788834258756501,-0.551990729595172,-0.747254578690978,-0.27104428732602,-0.353148128111646,0.538992472803681,0.102215627178161,0.139017963839617,0.16719852156485,0.495096317066114,-0.418150500580022,1.24185725379881,0.561562803267853,0.561562803267853,-1.46638019229424,1.06316675953723e-11,-0.300791475018175,-0.174526892712582,0.468182965459255,-0.428485644428793,0.635176874296426,0.372653658357472,0,980.0000000001,0.0179886012481442,0.0301345935326773,0.627900883227984,0.264822646218818,2827.4786949255,0.0625,1409,2,"SNETWORK (2 41 2827.4786949255 0.627900883227984 100000911 1409)",100
17,100000912,-0.769785584375972,76,-0.550809761043692,0.0528857651479453,-0.358045591966192,-0.357303355798844,-0.355675841278248,-0.0624400544656751,-0.060305183644952,0.265064360737235,1.27351529587496,0.665614901910775,0.0258300720376084,-0.0847927325507694,0.665614901910775,0.665614901910775,0.503284851614284,-0.0223429254729395,-0.022290269896424,-0.443185490145643,0.025126240654971,-0.596303901437372,0.141716566866268,0,-0.395577395577396,-0.769785584375972,9,0.890678341041004,-0.277304489483426,-0.274955125863616,-0.650000461940949,-0.769823021499507,-0.0802080110601777,1.28577794264672,0.143192077843946,1.73772524657504,502.0000000001,1.39470193213756,0.181540918949816,3436.0000000001,0.997296417652583,2.39199834969014,0.117848340494506,-0.521333252467118,-0.327163307002628,-0.510447466294847,-0.629180995307069,-0.175857700836557,0.0200341387535195,-0.190662041417651,0.766547654719329,-0.233585906546914,-0.6022085502689,0.138797708656265,0.0123219922264001,-0.865991649509133,-0.146580611036241,-0.658232714974314,-0.277526342387342,-1.4058558810172,-1.37829262321507,-1.40813399619979,-0.27362066611957,-0.462730482951312,-0.341884433957773,-0.258940547174498,-0.258940547174498,-0.0472434588941161,1.06316675953723e-11,-0.138750354657214,-0.283270453239257,-0.414698087577656,-0.076906309910625,0.468916972164905,0.0053929626191459,0,3436.0000000001,0.0687138049504928,0.0491345354440133,0.258212450886479,1.17968880664557,1556.94323588904,0.125,495,2,"SNETWORK (2 17 1556.94323588904 0.258212450886479 100000912 495)",100
41,100000913,0.305582389632894,227,0.680412427894334,0.334368660703197,0.315622755524543,0.310024668600395,0.31737100022456,1.06178417172315,0.940643610337073,-0.398569854044832,-0.516062388453011,0.661067152974399,0.908348176232992,0.305235645317022,0.661067152974399,0.661067152974399,0.402036284276187,-0.717805439723952,-0.838568000525521,-0.379464156494118,-0.863317443276613,-0.720739219712526,0,-0.434965034965035,-0.700859950859951,0.305582389632894,10,-0.35882706414608,-0.0968818530034253,-0.0962866800586434,0.39190048898061,0.307164839327485,1.07870707479605,-0.512718030379113,0.4360210362603,0.138443607721449,847.0000000001,0.749914683926768,0.0891183227873788,576.0000000001,0.328280455125432,1.0781951389522,0.0514566516538833,-0.181329747500556,0.105800036578565,-0.115296907518988,1.15017538247169,1.95482927203819,0.866168647215126,2.04609074656339,-0.222407821047643,1.8707850797057,0.881752189933878,0.517818160582239,0.681193332047568,-0.0842770822407881,1.07496855912151,0.562105955755759,0.451834062908154,0.102215627178161,0.139017963839617,0.16719852156485,-0.0310648778837697,0.454756813906179,-0.937143375651954,-0.0310917234537503,-0.0310917234537503,0.0179961788496589,1.06316675953723e-11,-0.663431339551971,-0.661065746608162,-0.942289002171144,-0.484922743022771,0.270408717782302,-0.399857271941014,7.58657543263759e-05,847.0000000001,0.0357895312177847,0.0156671203360985,0.705100450095442,0.650322797326038,2958.70975418459,0.0625,1433,2,"SNETWORK (2 41 2958.70975418459 0.705100450095442 100000913 1433)",100
41,100000914,-0.556439001380585,86,-0.886598059773572,-0.0928456434617663,0.315622755524543,0.310024668600395,0.31737100022456,0.986741779335519,1.1408199361995,0.633381340849461,-0.181209382911285,0.587441488544399,0.528311719948084,0.310429707706394,0.587441488544399,0.587441488544399,0.531425773822325,-0.52012894605256,-0.652859744652283,0.0284644378013745,-0.688779129602021,-0.720739219712526,0,-0.434965034965035,-0.700859950859951,-0.556439001380585,10,-0.539336871656746,1.34584618553796,1.36109861893542,0.996805216284751,-0.552200607711672,0.530124884161253,-0.178686517289374,-0.732329307684174,0.190000180180221,1195.0000000001,1.45203624525524,0.0980460630238586,341.0000000001,0.213815939431545,1.66585218458679,0.06173770564022,-0.24321783471488,-0.709726320837349,0.122870117255114,0.873218036136034,1.17881467218429,0.122862118889185,0.959229892349725,-0.0442870538688381,0.601971090978522,0.497000699129939,-0.117716905505372,-0.26184731776424,0.0269585557805815,-0.148201187860304,-0.658232714974314,-1.30374704394875e-15,0.102215627178161,0.139017963839622,0.16719852156485,-0.276014919127192,0.378899974617826,-0.115599085053904,-0.26106341250638,-0.26106341250638,1.43232741531493,-0.731094272655542,0.499941103543431,0.541797625995936,0.12042593195365,0.532521303843284,0.527428963117913,0.474502949157201,0,1195.0000000001,0.0538135297788974,0.00792417576132255,0.239324876932884,0.25476564397375,2166.94078029806,0.0625,1292,2,"SNETWORK (2 41 2166.94078029806 0.239324876932884 100000914 1292)",100
43,100000915,0.0383538203120527,108,0.12371145778112,0.869954874556633,0.965149594579297,0.947078472655203,0.966783102940535,-0.041019050445946,-0.0374748707393603,-0.466513185674957,-0.331042360075381,-0.459837716671263,0.700627561117947,-0.799514163182768,-0.459837716671263,-0.459837716671263,0.243831859385209,0.473278678486374,0.276707953082579,-0.289435976003961,0.621817879448963,-1.14579055441478,2.23053892215569,2.01958041958041,-0.227886977886978,0.0383538203120527,11,0.276393110566135,0.164886785420066,0.164421440405561,-0.303155584405044,0.0406327700498057,-0.0920656230540592,-0.327916031443724,0.918055268779839,0.0837262851254774,2.0000000001,0.165029005448032,0.0578906475014123,3.0000000001,0.171158363749509,0.336187369097541,0.015321887026373,0.729705438670224,0.884014486823395,-0.384569826186837,0.512681959368649,1.34463686609,-0.100035935898068,1.34414674449205,-0.351906700517899,1.22743093352829,0.783658717457585,-2.3533866497711,-2.05540459192916,-0.0130648205887113,-0.484240171736127,-0.353148128111646,0.538992472803681,2.19258446122347,2.15155944355969,2.28302402457116,-0.561481998957925,-0.143563911852879,0.653113683949792,-0.497887808636079,-0.497887808636079,-5.98319780824377,1.06316675953723e-11,1.59758657724874,1.74878098802303,2.14102375858392,1.24657290831867,-1.59894056059589,-0.430213846997919,0,3.0000000001,0.0075212693655152,0.00780061756085782,0.423855275277234,0.901939859613776,3415.83844324226,0.0312500660060792,1577,2,"SNETWORK (2 43 3415.83844324226 0.423855275277234 100000915 1577)",100
13,100000916,0.694468535282542,291,0,-0.0695595240108285,-0.467885001197052,-0.45962963966976,-0.447550990366083,-0.862588461888654,-1.0268211930182,-0.480193937157589,-0.196140521425715,-1.20722826331032,-1.77130492111849,-0.318927364931719,-1.20722826331032,-1.20722826331032,-2.88220862942429,0.409717705861217,0.63197203446266,1.5395301300319,0.206866480924193,1.07926078028747,-2.2934131736527,-0.447552447552448,1.28992628992629,0.694468535282542,7,-0.6499935373623,-0.310711745906928,-0.307944257782136,0.920781972639885,0.693276846889191,1.01304068940946,-0.193464404142031,-1.31505033811653,0.0385986516996564,3866.0000000001,0.238577244116081,0.0545086053213421,2744.0000000001,0.239135587224621,0.477712831240702,0.0236750219300214,-0.227846897948075,-0.31625144352825,0.748409046636546,1.03465993220206,0.438197313127127,0.885082582937581,0.475739277016054,0.304297914999015,0.617267963186418,0.499748014302601,1.16977250519189,0.835461949959262,0.0233452063202006,1.19666375000352,0.223123099423871,0.103212322371745,0.000480866141918987,0.0349290148369533,0.115671933158072,-0.576155636716923,0.105707024030916,0.372142035408358,-0.509228451242067,-0.509228451242067,-0.151202040858146,-0.712218389268645,-0.654765023820489,-0.499466238237901,0.13595777694622,-0.735913624200243,0.319490424509519,0.483103398832273,0,3866.0000000001,0.0118236754217796,0.0118513464082418,0.139796704290164,0.14074603309363,3027.41441128896,0.0156249651370217,291,2,"SNETWORK (2 13 3027.41441128896 0.139796704290164 100000916 291)",100
3,100000917,-0.13222601653202,144,-0.226804037760009,-0.273941878615531,-0.467885001197052,-0.45962963966976,-0.447550990366083,-0.397290897841214,-0.461858246943789,0.544838648778193,0.686698571971761,-0.144886011185041,-1.27372689941464,-0.299414641860906,-0.144886011185041,-0.144886011185041,-4.45063634040235,0.149190357478367,0.221238062867968,1.05531844960592,-0.0329409100711753,0.0739219712525668,-0.0898203592814364,1.0005994005994,0.837837837837838,-0.13222601653202,7,-0.018783151545473,0.0959302495152784,0.0955762156675482,-0.0374347840069483,-0.129154013924843,-0.0671327542854266,0.690598549655962,0.201448404510233,0.131372011742819,1656.0000000001,0.347822936314238,0.0702744504880099,1756.0000000001,0.197295420080226,0.545118356294464,0.0251472042068052,-0.40116430227457,-0.446926279356537,-0.0991741105124051,-0.185456380421528,-0.130710674217901,-0.0590722318684652,-0.132493633158915,0.484328551407501,-0.0902366242378563,-0.160181427080286,0.830495015599987,0.7195785331035,-0.762666863221141,1.62144056900253,-0.183656619125852,-0.461007527196319,-0.820986424480156,-0.771299227009214,-0.73193196083942,0.482488397492199,-1.12659541301957,0.859816261652595,0.54559172006148,0.54559172006148,-0.349820773586743,-2.63252194781178,-0.39320245337647,-0.410572027226016,0.254936806237287,-0.47818247155794,-0.131311661965275,-0.0208881674396087,0,1756.0000000001,0.016045642695047,0.00910156141175823,0.690664123915797,1.16971525055001,2186.36570597779,0.0624998605480869,145,2,"SNETWORK (2 3 2186.36570597779 0.690664123915797 100000917 145)",100
3,100000918,-0.207243056016941,128,-0.226804037760009,-0.273941878615531,-0.467885001197052,-0.45962963966976,-0.447550990366083,-0.38232107133416,-0.446814622003075,0.553124634070712,0.74484020763898,-0.0554075792729445,-1.24048931161108,-0.171323983660978,-0.0554075792729445,-0.0554075792729445,-4.37664370465921,0.152413731320216,0.222073263351412,1.10518138358057,-0.0380071794522689,0.0739219712525668,-0.0898203592814364,1.0005994005994,0.837837837837838,-0.207243056016941,7,-0.0867841549935532,-0.111108846248755,-0.110405999603498,0.0143636132770346,-0.208568293910732,-0.0467605939276777,0.745095777294229,-0.964105014736711,0.047285977958305,1250.0000000001,0.09450122155269,0.0891405210268747,4330.0000000001,0.617103626366319,0.711604847819009,0.0340464591756842,0.237852720362344,-0.15063751957373,0.486921898089634,-0.177932152677389,-1.02466342971106,0.0115072894904072,-1.0758416984517,0.546738678449597,-1.24874846644411,-2.50468877550673,1.13439972483253,0.903638405629599,0.265345092399808,2.13679525306039,-0.183656619125852,-0.461007527196322,-0.823747714036098,-0.774523794977553,-0.735558749724584,0.439575482973312,-0.897904055594668,1.15734423865648,0.491931437030864,0.491931437030864,-0.0596642994530983,-2.37856913602158,-0.195575364842786,-0.183105182192086,0.535897567066167,-0.329607190901654,-0.327874971998356,-0.682451912567611,1.00514502334449e-14,4330.0000000001,0.00452137443850249,0.0295250846371817,0.628648286635909,1.15995965366248,2096.9450255261,0.0624998605480869,129,2,"SNETWORK (2 3 2096.9450255261 0.628648286635909 100000918 129)",100
43,100000919,0.215380482905884,139,0.12371145778112,0.869954874556633,0.965149594579297,0.947078472655203,0.966783102940535,0.0688468251349784,0.0416031095819401,-0.518888558881048,-0.3912718756827,-0.117765212519835,0.939648193833385,-1.15178328836536,-0.117765212519835,-0.117765212519835,0.2524398884045,0.478029643650864,0.291191415611873,-0.668591198016686,0.69721723632308,-1.14579055441478,2.23053892215569,2.01958041958041,-0.227886977886978,0.215380482905884,11,-0.309825218890901,-0.372560596227852,-0.368941230194642,0.273215630157174,0.216153216147493,1.35207281065236,-0.388191714430908,-0.425173722440323,0.0302851890282465,2.0000000001,0.0596937343207995,0.0423197279164719,19.0000000001,0.792437340025603,0.852131074246403,0.0426945945429409,-0.150575096710802,-0.104249040234761,1.09032206657128,0.779400057318903,-0.492709868553039,1.10518533604791,-0.542231500877508,0.13340689266055,-0.513018803241647,-0.279688456545113,0.418805785228605,0.481938263818134,0.0714995203612151,0.22610141547257,-0.353148128111646,0.538992472803681,2.19258446122347,2.15155944355969,2.28302402457116,-1.0303015259706,0.139486071818746,-0.926351360318123,-0.824399679110051,-0.824399679110051,0.800520197769947,-0.0613403441105304,-0.344094273672718,-0.495108002999009,-0.642492762692771,-0.207596203051584,-0.139781970699019,-0.889898370482157,0,19.0000000001,0.0029908541662968,0.0397037402766441,0.545197377295198,1.32658717578636,3592.83638885775,0.0312500660060792,1608,2,"SNETWORK (2 43 3592.83638885775 0.545197377295198 100000919 1608)",100
16,100000920,0.95752997681592,351,0.288659805977357,0.708741764562854,0.0737102907633875,0.0682577010310203,0.067165878475577,-0.679770846578753,-0.819055712113861,-0.352800076192646,0.2677785395877,-0.669281167316921,-0.364399367508185,0.655234011269858,-0.669281167316921,-0.669281167316921,0.310904319835798,0.656916842286724,0.75331188950736,0.352597140830493,0.735798879685367,-0.123203285420946,-0.548902195608782,-0.19020979020979,-0.0057330057330057,0.95752997681592,9,1.07220069877554,1.48351940094065,1.50265252761425,-0.640511598398731,0.951828099478663,-0.297270951048789,0.269083454346131,-0.596639373498178,1.07923267515787,1701.0000000001,2.9350531749363,0.396293875334144,2369.0000000001,1.50099413627102,4.43604731110732,0.16050379129123,-2.76810780523765,-0.95515378032828,0.736877301440323,-0.557223917156267,-2.163644588565,-0.604096983177155,-1.71625958534685,-0.0563055039116782,-0.84266265515498,-0.324132874080474,0.65706029170459,0.67261700703606,0.111773240091039,1.30453339485523,0.562105955755759,0.451834062908154,-4.52365144789511e-15,-4.51494518067087e-15,-4.84823954093274e-15,0.3829958789226,-0.7875972347953,0.318974878637044,0.422806203336929,0.422806203336929,-0.159622609473603,1.06316675953723e-11,-0.409969123653434,-0.385349897668415,-0.200021154792323,-0.428262837808245,-0.728673885376206,-0.410668084047481,0,2369.0000000001,0.106195251962294,0.0543085392289352,0.997431397213439,0.779929870390333,3149.36671635224,0.0625,419,2,"SNETWORK (2 16 3149.36671635224 0.997431397213439 100000920 419)",100
17,100000921,-0.600894322961995,111,0.152577399052067,0.406018494492994,-0.358045591966192,-0.357303355798844,-0.355675841278248,-0.102493342229808,-0.0905557711157347,0.222857479038787,1.17090680662467,0.709560370699017,0.00463950869246882,-0.0855073637060786,0.709560370699017,0.709560370699017,0.490678688410278,-0.0400062287673348,-0.0239069008439559,-0.427569170589889,7.14380511691166e-07,-0.596303901437372,0.141716566866268,0,-0.395577395577396,-0.600894322961995,9,0.78148703261961,-1.12866411213153,-1.10619750177417,-0.647584327123998,-0.601319816160936,0.557524305412183,1.16992684946008,-1.70603463693012,0.137591124664778,727.0000000001,0.159926858367995,0.176767187906132,1595.0000000001,0.450774058365193,0.610700916633188,0.034985431219454,0.717208598923897,0.331581026771548,1.2465204355663,0.248587875781177,-1.51660389513392,0.798484037328971,-1.90744685500736,1.10370734670959,-3.03748775003794,-7.76086629595576,0.131974033870939,-0.185131246643502,-0.811447478256015,-0.150727712145042,0.121428129376515,-0.277526342387342,-1.4058558810172,-1.37829262321507,-1.40813399619979,-0.269102266802168,-0.0311056523817362,0.144952785870421,-0.254927831710926,-0.254927831710926,-0.0310446206841398,1.06316675953723e-11,0.143440641077052,-0.104731939719272,-0.604915084833225,0.241726623740875,0.479703172007111,-0.135688516739726,0,1595.0000000001,0.00916178432455579,0.0258236467948982,0.385975272583205,0.83519906006601,1769.68444709963,0.125,530,2,"SNETWORK (2 17 1769.68444709963 0.385975272583205 100000921 530)",100
3,100000922,-0.2924834096868,109,-0.226804037760009,-0.273941878615531,-0.467885001197052,-0.45962963966976,-0.447550990366083,-0.357099057603523,-0.423184283820459,0.570283577965261,0.785090481096825,-0.0456557993659473,-1.21631508312945,-0.131027140072579,-0.0456557993659473,-0.0456557993659473,-4.39023898740947,0.171211342091535,0.235272887419743,1.14778444366535,-0.022107002757124,0.0739219712525668,-0.0898203592814364,1.0005994005994,0.837837837837838,-0.2924834096868,7,0.0846723534782803,-0.0733063132829721,-0.0728781043766187,-0.16176651935063,-0.293126038665516,0.463653018821456,0.785130279136187,-1.00957080199219,0.171960072671094,2473.0000000001,0.679902707355886,0.064769356370064,1698.0000000001,0.175833775448224,0.855736482704111,0.0406705512455448,0.387424942841763,-0.0898862583371192,0.504504268753684,0.25174912822556,-0.390252139670798,0.439443183327793,-0.407252254022695,0.778346595756613,-0.656313588327543,-1.34402355314508,0.529850655264553,0.230481663617689,-0.572561338481255,0.240861043977841,-0.183656619125852,-0.461007527196321,-0.897784372821839,-0.860982036160374,-0.832801478435145,-0.167874080895265,-0.620399909095714,0.797507366499149,-0.162771815287269,-0.162771815287269,0.0822641830261052,-4.38801062566544,0.841066206124993,0.711498091117722,1.39430095810459,0.598393164446179,-0.918079178647316,-1.09294788714354,0,2473.0000000001,0.0323137068379934,0.00835684430755137,0.552884517605814,1.20380702897607,1987.70119237943,0.0624998605480869,110,2,"SNETWORK (2 3 1987.70119237943 0.552884517605814 100000922 110)",100
3,100000923,0.258844947455861,221,0,-0.0695595240108285,-0.467885001197052,-0.45962963966976,-0.447550990366083,-0.399764153066554,-0.46947517637071,0.525579044450838,0.340229938928378,-1.06649047202391,-1.18231455681244,-0.420406521237249,-1.06649047202391,-1.06649047202391,-5.42899845291808,0.38528993802857,0.502086825646922,1.5701116555314,0.170471099233704,0.0739219712525668,-0.0898203592814364,1.0005994005994,0.837837837837838,0.258844947455861,7,-0.0140485170384206,4.16387432187443,4.33057011026421,0.533519291025384,0.259594227456963,0.985929300801621,0.341347321055624,-0.267242297128494,0.293414413604484,6791.0000000001,3.18573912238155,0.0647247621361673,3931.0000000001,0.406788381869917,3.59252750415147,0.0817394598702793,-1.7849592821273,-0.214832588693642,0.367520348539349,0.0115949061609195,-0.573303642087012,-0.271494537927097,-0.283497341901328,0.179863995595286,0.418140392324287,0.634182532669251,-0.270982419169359,-0.257471505432302,-1.05641925277414,-0.360930031032921,0.223123099423871,0.103212322371746,-0.751834212897418,-0.690544926566661,-0.641104661755904,-0.0871044315537942,-0.923819670140215,0.167176882166685,-0.0860498742247638,-0.0860498742247638,3.20777031180896,-23.0294653949481,1.01205894932033,1.0608185277717,1.57698934655181,0.74153816901569,-0.5105320178216,-0.373028062926336,0,6791.0000000001,0.0724839530193357,0.00925550675094365,0.996513223917623,0.830056766979396,2627.36974361203,0.0624998605480869,222,2,"SNETWORK (2 3 2627.36974361203 0.996513223917623 100000923 222)",100
43,100000924,-0.422278412904545,25,0.12371145778112,0.869954874556633,0.532114998802948,0.540517197237357,0.552449009633917,-0.294892616059682,-0.225885464505116,-0.659571130569534,0.00865464787625116,-0.327519234683416,0.544522785631965,-1.24418824258976,-0.327519234683416,-0.327519234683416,0.396961955264546,0.605954039516376,0.410296453054645,0.0215479951874609,0.732154044551805,0,0.0419161676646709,0.81118881118881,0.429975429975429,-0.422278412904545,11,-0.0625254884882045,-0.00882965758255973,-0.00878535114566558,-0.00105764417482496,-0.423358156230655,0.486103473773096,0.0110117876266865,-1.07230390291673,0.49242186307973,3.0000000001,1.45588491547231,0.0756061711417271,6.0000000001,0.447071473582646,1.90295638895495,0.0894203645143499,-0.221714501296999,-0.229606842924499,0.803648578346048,-0.182112768067981,-1.53885515341992,0.439439835159346,-1.58655380468142,0.300308373414024,-1.42870850606154,-1.4774557571453,0.676822051617343,0.65500317647445,-0.800013050152699,1.20035506388055,-0.353148128111645,0.538992472803681,0.102215627178161,0.139017963839617,0.167198521564845,0.307413710533012,1.06868091094193,-0.383535768678,0.333270130982531,0.333270130982531,-0.103304621599033,1.06316675953723e-11,-1.06064209683883,-0.96780390276256,-0.681817394005729,-0.982889200042731,1.08459817224569,0.268246120424318,0,6.0000000001,0.0684123716341613,0.0210079927801886,0.0951203645592665,0.3830145515729,2936.32306579679,0.0312500660060792,1496,2,"SNETWORK (2 43 2936.32306579679 0.0951203645592665 100000924 1496)",100
41,100000925,0.292681867157635,225,-0.419244275461604,0,0.315622755524543,0.310024668600395,0.31737100022456,0.995560358692744,0.885019529688967,-0.453017831330064,-0.488401380933771,0.600730268809751,0.763955709376149,0.488037634902185,0.600730268809751,0.600730268809751,0.405620961092831,-0.701486569786469,-0.832408176055703,-0.282618875607188,-0.860471301537679,-0.720739219712526,0,-0.434965034965035,-0.700859950859951,0.292681867157635,10,-0.455581153801798,-0.108817380267733,-0.108132228284274,0.55670305062317,0.290394519333145,0.306002270986823,-0.485060762750074,-1.16452231772725,0.162697083832954,904.0000000001,0.940597322904524,0.0643887004456616,314.0000000001,0.129298904980147,1.06989622778467,0.0511681032140077,0.210183322729754,0.329856584283114,1.13851955995983,-0.232227239435406,-2.09824406151554,0.324088509522418,-2.20170106655523,-0.41631582903007,-2.02843245541999,-0.870114271444247,0.184199274608374,0.512606165311759,-0.935308997260948,0.732936817198372,0.562105955755759,0.451834062908154,0.102215627178165,0.139017963839613,0.16719852156484,0.102647572060514,0.304230659563739,-1.14733361824287,0.10600214181052,0.10600214181052,0.289068700400549,1.06316675953723e-11,-0.603096254457492,-0.573832715303091,-0.951620025826995,-0.416587038827645,0.353316405014281,-0.123479232249706,0,904.0000000001,0.0449843447959201,0.0061837583180876,0.698845949463465,0.582479273551144,2948.07776780985,0.0625,1431,2,"SNETWORK (2 41 2948.07776780985 0.698845949463465 100000925 1431)",100
15,100000926,0.965170962334599,353,0.288659805977357,0.708741764562854,0.0737102907633875,0.0682577010310203,0.067165878475577,-0.424102023121251,-0.560391053230813,0.173005032521837,-0.0171558418684182,-0.826738714252527,0.0996520164747348,0.0753064168470024,-0.826738714252527,-0.826738714252527,0.288487458845007,0.568958745067849,0.678151877000713,-0.316277429505841,0.74735672424446,0.279260780287472,-1.27411842980705,-0.441958041958041,0.405132405132405,0.965170962334599,9,1.11516542748372,1.26530175443251,1.27847317504599,-0.726690089343971,0.962445886846507,0.292126706433217,-0.0143307803779822,-0.131091509441596,4.6737294515974,960.0000000001,7.17350452138126,0.229149235205052,618.0000000001,0.22641409614834,7.3999186174296,0.278127601334259,6.5286304085946,4.00829320011376,0.0774836546142805,0.74499644210028,0.847416495708468,-0.0333254525005508,0.69949885641279,0.0412991716779318,-0.158499907575453,-0.161886749906144,0.692694798565913,0.493555891391979,-0.845297158440182,1.14250384746321,0.562105955755759,0.451834062908154,-4.52365144789511e-15,-4.51494518067087e-15,-4.84823954093274e-15,0.604739472101533,0.952302632193237,-1.87214871598343,0.704492281139557,0.704492281139557,-0.52386145212717,-0.0349017032938537,-1.08540841863364,-1.02582695165001,-1.9685902199494,-0.69915612247497,1.5548019579614,0.854738354595434,0,960.0000000001,0.269617776643475,0.00850982459078346,0.0141322212993488,0.363970143858625,3160.1506092827,0.0625,339,2,"SNETWORK (2 15 3160.1506092827 0.0141322212993488 100000926 339)",100
37,100000927,0.683554373674685,163,1.29896932353205,1.22104076566898,1.45807027539656,1.42805593959054,1.43873085382348,0.268485352479694,0.193941806885548,-0.464598651024585,0.427678998664271,-0.563484652568318,0.733689016517561,-1.15552606636538,-0.563484652568318,-0.563484652568318,-0.584513263848918,-0.75677082404699,-0.835791751826108,-0.858799137872841,-0.824690852580265,0.813141683778234,-1.91189050470488,-0.485914085914086,0.874692874692875,0.683554373674685,12,0.0454943144084645,1.49215479989918,1.51154482023496,0.0604045774816158,0.683442135534206,-0.0227345797296568,0.436132385739038,0.351903725550684,0.0928908805232634,309.0000000001,0.183564468314759,0.125483511005825,576.0000000001,0.462238597457378,0.645803065672136,0.023331122459416,-0.371696190228777,0.202950306400368,0.441803087078053,0.801085024091915,0.551807252472873,-0.347076749379481,0.438307550744703,0.195140799976703,0.523243999878288,0.876525284047644,0.00166609127989629,0.169231084164866,-1.0704136082478,0.130915035070295,0.528207847926239,1.07109749798066,2.89540975172667,2.8112005342437,2.95573208604856,-0.295691743125751,0.269728183345104,0.312209773202443,-0.278420217305359,-0.278420217305359,0.199964491599312,1.06316675953723e-11,0.438303243161205,0.504394835802216,1.19565908198175,0.205258388660616,-0.16432590555319,0.0145821707950445,0,576.0000000001,0.00663168897311666,0.0166994333862994,0.964979511761091,2.64825799038835,5211.27716411559,0.0312499339939208,1211,2,"SNETWORK (2 37 5211.27716411559 0.964979511761091 100000927 1211)",100
17,100000928,-0.132424870927094,191,0.152577399052067,0.406018494492994,0,0,0,-0.334428632410686,-0.348335293974628,-0.0145592559118629,0.918311130395737,0.374521521010652,-0.202224724191716,-0.0544723149082331,0.374521521010652,0.374521521010652,0.435564885327725,0.06496708816929,0.109564574434967,-0.171068992035663,0.0853866208708308,-0.443531827515401,0.0161216029479497,0.044324905863371,-0.265923265923267,-0.132424870927094,9,-0.406800057470702,0.0165105060696018,0.0164329608718713,0.490941175887465,-0.128701921626471,1.4428274599127,0.918075466747493,0.0476074904332076,0.0678285581374207,1349.0000000001,0.146292179123175,0.123645628894842,2805.0000000001,0.554508499940121,0.700800678963296,0.0327841783305913,-0.104391020956792,-0.237126649194484,1.20007576193845,0.81117699514115,-0.615918961404181,1.0449504853506,-0.632353547408628,1.11788875347295,-0.587124976097719,-1.20210717092955,1.27178770699156,0.958161621126824,0.176951190350969,3.27238070050559,0.121428129376515,-0.277526342387342,0.0512911325180063,0.0697583041118861,0.0838991234818744,0.903649113590768,1.50974413876678,-0.766968495011143,1.13346891422978,1.13346891422978,-0.0304050237144491,1.06316675953723e-11,-1.30574190386053,-1.2343244842689,-1.15175944335518,-1.13780438335472,0.968255764802398,0.289382034216291,7.14471503576978e-15,2805.0000000001,0.00684369895105782,0.0259404792795334,0.666761371818535,1.91017385262397,2237.22871427475,0.125,610,2,"SNETWORK (2 17 2237.22871427475 0.666761371818535 100000928 610)",100
41,100000929,0.316300119479006,228,0.680412427894334,0.334368660703197,0.315622755524543,0.310024668600395,0.31737100022456,1.06178417172315,0.940643610337073,-0.407535494428914,-0.51799303485671,0.661053561520791,0.908577060354281,0.335604379235211,0.661053561520791,0.661053561520791,0.399618028822757,-0.719569601592319,-0.839775294108532,-0.362416907723012,-0.868660751520981,-0.720739219712526,0,-0.434965034965035,-0.700859950859951,0.316300119479006,10,-0.299000714669732,-0.136351945179369,-0.13544520655333,0.292326698725714,0.316528090212014,-0.114101729371091,-0.514467249639224,0.531907986045289,0.108584055205845,150.0000000001,0.104162850280703,0.212923905611541,889.0000000001,1.21054718979765,1.31471003997835,0.0631822935502826,-0.607706875685987,-0.176183392646241,-0.0467149650458966,1.08691582993138,1.77645263879354,-0.0484750970115644,1.87229074877447,-0.671488085392302,1.66953088943122,0.669638114108936,0.580365295099966,0.570489628436004,0.0791892535902492,0.812215660511663,0.562105955755759,0.451834062908153,0.102215627178161,0.139017963839617,0.16719852156484,0.0549943715170247,0.683178419930714,-1.60365034481786,0.0561587722679836,0.0561587722679836,-0.0402707712924926,-0.266571010938364,-1.05561239718694,-1.0405180422393,-1.22800377231366,-0.845433148109628,0.29730108185323,-0.532372494402511,0.000854903121929953,889.0000000001,0.00500585495440801,0.0581764384958746,0.708425008820111,0.232870103674941,2964.36115069769,0.0625,1434,2,"SNETWORK (2 41 2964.36115069769 0.708425008820111 100000929 1434)",100
17,100000930,-0.760356893922843,79,-0.550809761043692,0.0528857651479453,-0.358045591966192,-0.357303355798844,-0.355675841278248,-0.0899985211740272,-0.0790006510387267,0.250110986317646,1.21702763606181,0.642427967206799,-0.0172912884657714,-0.0508359575078491,0.642427967206799,0.642427967206799,0.497581584956376,0.00628327428215264,0.0115915073817371,-0.408988199259695,0.0549562351747269,-0.596303901437372,0.141716566866268,0,-0.395577395577396,-0.760356893922843,9,1.12255188796795,-0.404571489759691,-0.400471361370777,-0.701111688756719,-0.756271914560803,-0.440684426936443,1.27192593564381,1.02616247358898,0.157077288046429,875.0000000001,0.219744504127081,0.139509806895696,1524.0000000001,0.339927483347355,0.559671987374436,0.0282004379485962,2.36688209455375,-1.0984580561243,-1.05998641713891,-0.184312896953018,1.33020410050745,-0.346125451507118,1.46954041181733,0.565951919135734,1.35606480222509,3.69543424890681,-0.0686356730638163,-0.169081742914503,-0.345456246493302,-0.192215604241635,0.121428129376515,-0.277526342387342,-1.4058558810172,-1.37829262321507,-1.40813399619979,-1.2053242359413,0.284696924742244,-0.305450908483214,-0.929093845854466,-0.929093845854466,-0.643928725153885,1.06316675953723e-11,0.873479268587071,0.776131722371198,-0.0346701843919302,0.979103988052268,0.936522946909807,0.426969417508528,0,1524.0000000001,0.0110723626861597,0.0171280751624365,0.269067624771844,1.53526960387229,1575.01846943198,0.125,498,2,"SNETWORK (2 17 1575.01846943198 0.269067624771844 100000930 498)",100
29,100000931,-0.487570803745994,149,-0.790377993358492,-0.853832397374456,-0.715996162004961,-0.715344983900652,-0.711097017555422,0.57799294553106,0.558716134409816,1.77838852171403,-0.231803808831233,1.18467154070234,-0.20992651005769,3.49970893386465,1.18467154070234,1.18467154070234,0.125227284323668,-0.780987042589407,-0.86557114954149,0.853389575169003,-1.16866232776779,0.340041067761807,-1.74251497005988,-1.15244755244755,0.0515970515970513,-0.487570803745994,8,0.116709927395101,-0.265715593347419,-0.263504419970683,-0.210731102056041,-0.488196946685665,0.249964750195041,-0.229151492943559,-1.5062792289614,0.317335017636799,5435.0000000001,2.75747962851821,0.0674939966302089,212.0000000001,0.0228768262272388,2.78035645464545,0.13670200177766,0.0892474610695675,-0.232926529900215,1.07958271710764,-0.569901462257274,-2.55708001722912,0.318454012793027,-2.75849508893872,-0.00636976958955556,-2.64714199711314,-2.00709309079001,-0.797021245353877,-0.814061578368301,-1.37436680995212,-0.245694639435724,-0.471792152073761,-0.752292666128179,-0.897784372821839,-0.860982036160383,-0.83280147843515,0.914849678375985,1.53054513389955,-1.13192819557314,1.15073692280763,1.15073692280763,0.441062075527092,1.06316675953723e-11,0.294243539635324,0.26652222519734,-0.999654741540027,0.577821458925795,1.0352397638004,0.648560230216032,0,5435.0000000001,0.135577214991222,0.00112478668643823,0.903594086401494,1.13462327513844,1526.71835557245,0.25,944,2,"SNETWORK (2 29 1526.71835557245 0.903594086401494 100000931 944)",100
3,100000932,0.0180109682510663,174,-0.226804037760009,-0.273941878615531,-0.467885001197052,-0.45962963966976,-0.447550990366083,-0.406467473280949,-0.482712389094277,0.522516236035986,0.581231153708633,-0.438712265958518,-1.24872157261196,-0.621145167816343,-0.438712265958518,-0.438712265958518,-4.63770961044558,0.181144511111154,0.261250074866449,1.07695635702591,0.00338166128473168,0.0739219712525668,-0.0898203592814364,1.0005994005994,0.837837837837838,0.0180109682510663,7,-0.307120588502172,-1.56947877208134,-1.52848694671778,0.100136750274346,0.0197251267770146,1.26174250956371,0.582528466281537,-0.369701973583661,0.108575079317654,3224.0000000001,0.559654786538477,0.060417763702404,1112.0000000001,0.107414884946808,0.667069671385285,0.041337964945195,-0.00636832231491798,-0.0233254726645326,0.826151515326284,1.31237728516867,0.740470094456202,1.40086405779422,1.00441380696615,1.12011993628117,0.376570409039697,0.723950329909563,0.772522737462406,0.835997983526925,-0.788180368672428,2.99626929710294,-0.00803568513086826,-0.217414618941578,-0.751834212897414,-0.690544926566656,-0.641104661755904,1.04781973337779,-0.961633963685641,1.1036302593584,1.3627935089845,1.3627935089845,-0.352604051362985,-0.222429809284511,-0.729985151571936,-0.769189477145539,-0.702923977623857,-0.615640808237464,-0.368901653688986,-0.362202263658586,0,3224.0000000001,0.0346815196119818,0.00665644523321316,0.808886212862,1.62486567763618,2356.83022119957,0.0624998605480869,175,2,"SNETWORK (2 3 2356.83022119957 0.808886212862 100000932 175)",100
37,100000933,0.427438423432531,103,1.29896932353205,1.22104076566898,1.45807027539656,1.42805593959054,1.43873085382348,0.153668613998496,0.078633280189898,-0.497934889914821,0.588515299654615,-0.430312503274469,0.661286684679003,-1.03626785650291,-0.430312503274469,-0.430312503274469,-0.559895949101306,-0.617615625828376,-0.667890181052728,-0.524773698175173,-0.710405481088311,0.665297741273101,-1.69993346640053,-0.507226107226108,0.644007644007643,0.427438423432531,12,-0.754523541492947,-0.678789164747183,-0.669440941775469,1.1059217829224,0.425106600235167,0.308786394974646,0.59446688773179,-0.621989807362182,0.129098473300158,469.0000000001,0.387213964012074,0.0866099636506611,593.0000000001,0.328457823869953,0.715671787782026,0.0378530740279908,-1.58343198719811,-1.09725909542959,-0.0015787084735757,0.148084409017993,0.246610087443243,0.476978498990701,0.285078053896987,0.704606269034073,0.00981971523543222,0.0384449246635824,-0.0062825131864857,-0.00956109698341366,0.249570019617222,-0.143356338396698,0.528207847926239,1.07109749798066,2.19258446122347,2.15155944355969,2.28302402457116,-1.15437443907256,-0.0254208503032022,-0.301136378597834,-0.899495155898557,-0.899495155898557,1.01287899373445,-5.35970440519161,1.1226288725664,1.19881934409198,1.07606990139216,0.983650805656246,-1.0756801464291,-0.520758099581204,0,593.0000000001,0.0204803920654565,0.0173726818625342,0.604129741741736,0.0656401505693793,4844.97247053919,0.0312499339939208,1151,2,"SNETWORK (2 37 4844.97247053919 0.604129741741736 100000933 1151)",100
41,100000934,-0.56576613969603,84,-0.886598059773572,-0.0928456434617663,0.315622755524543,0.310024668600395,0.31737100022456,0.986741779335519,1.1408199361995,0.63580192468112,-0.180488225249136,0.587261949704757,0.526945666493407,0.311367227391408,0.587261949704757,0.587261949704757,0.528765144423164,-0.517260478006843,-0.649825494694605,0.0289114631594508,-0.685246131882773,-0.720739219712526,0,-0.434965034965035,-0.700859950859951,-0.56576613969603,10,-0.537297570276871,1.01555135796891,1.02317632553595,0.927136789906683,-0.564616831142622,0.372276214454555,-0.177967226266035,-0.995245066177228,0.069474692486483,253.0000000001,0.112409416488034,0.117271142690241,1023.0000000001,0.76722426474656,0.879633681134594,0.0345353131333149,-0.226543932181088,-0.185388669745617,0.863979688776361,-0.308065341697459,-1.82749606849657,0.0897448442894842,-1.57328362103018,-0.0602864726254494,-1.05744732616524,-0.869537730367449,-0.0168075721565573,-0.0615262394601143,0.131292757470262,-0.0776667069935205,-0.658232714974314,-2.60749408789749e-15,0.102215627178165,0.139017963839617,0.167198521564845,-0.20512232345197,-0.237737672779808,0.0811865471639936,-0.197189674842982,-0.197189674842982,1.76660306464142,-1.81230448489867,0.200648754763745,0.215722320339745,-0.0765973033875256,0.252320492153826,0.564858153048898,0.463360036851068,0.0039068739443428,1023.0000000001,0.00441330802418458,0.0301220050091303,0.233076792499752,1.66791500803083,2156.31970077947,0.0625,1290,2,"SNETWORK (2 41 2156.31970077947 0.233076792499752 100000934 1290)",100
43,100000935,0.144033931376046,124,0.12371145778112,0.869954874556633,0.965149594579297,0.947078472655203,0.966783102940535,0.0410746927843573,0.0280918081497933,-0.485123320560772,-0.369030889586529,-0.214949108185882,0.852264166067698,-0.976721234505935,-0.214949108185882,-0.214949108185882,0.264604075035726,0.460385974440303,0.271759379374219,-0.5389797192269,0.651245810774777,-1.14579055441478,2.23053892215569,2.01958041958041,-0.227886977886978,0.144033931376046,11,0.784890013621171,-0.347824346867802,-0.344557839094888,-0.615923480655809,0.139220696582716,-1.02053519878721,-0.366083694109806,0.602861932244316,0.0239007685091727,3.0000000001,0.0706645477343398,0.0347401606298122,6.0000000001,0.205424167771645,0.276088715405985,0.0137726624250555,-0.363993141086673,0.182131559127507,-0.773726744500839,-0.982858602728851,-0.309411905648479,-1.24938569583904,-0.339264488423982,-1.12435451085614,-0.279902548349827,-0.162383463347933,-0.0907316041924311,-0.317765098737164,-0.0252160386109416,-0.304693764436779,-0.353148128111646,0.538992472803679,2.19258446122347,2.15155944355969,2.28302402457116,-0.366703389022525,-0.374754770122111,0.707343571321273,-0.339748713344154,-0.339748713344154,2.57153141971206,1.06316675953723e-11,0.490448988565714,0.19153824136428,0.459386503319831,0.440239019575735,-0.367130555938964,-0.0179783533002104,0,6.0000000001,0.00352509501100737,0.0102475673140481,0.488050615795541,0.416470096690789,3509.47818741074,0.0312500660060792,1593,2,"SNETWORK (2 43 3509.47818741074 0.488050615795541 100000935 1593)",100
41,100000936,-0.524387562442053,92,-0.886598059773572,-0.0928456434617663,0.315622755524543,0.310024668600395,0.31737100022456,0.977730558647912,1.12807575318984,0.586189975443215,-0.187958330089132,0.60537715479123,0.528536333924344,0.309427306545929,0.60537715479123,0.60537715479123,0.538138973182246,-0.549640590482139,-0.681637382360451,0.0132738089264232,-0.723204697506233,-0.720739219712526,0,-0.434965034965035,-0.700859950859951,-0.524387562442053,10,-0.467660840695893,1.17199828798235,1.18293608857099,0.810543831542409,-0.522417809250623,0.500386950477666,-0.183985445289398,-0.6204124606102,0.151928426513925,761.0000000001,0.739399641813795,0.100370499429532,1700.0000000001,1.0912155483286,1.8306151900424,0.0699339433905684,0.00243130371595351,-0.0032010891886263,-0.234923068663805,0.276404419512661,0.793036017768711,0.145262207118375,0.665324913973998,-0.0389964515304128,0.58464186361861,0.481162188845945,-0.409601665625519,-0.837314651824416,-1.33924730824954,-0.381446083465333,-0.658232714974315,-1.30374704394875e-15,0.102215627178161,0.139017963839617,0.167198521564845,-0.0120125837764473,-1.3069585022505,0.0517825603554971,-0.0120769178963551,-0.0120769178963551,4.41249566620171,1.06316675953723e-11,0.515815755995771,0.395185375358309,0.0630247867557992,0.56377454419896,0.367602344303509,-0.0908626054450366,0,1700.0000000001,0.0282468608895932,0.0416870824009752,0.258483069865309,1.41403038334101,2199.50767223839,0.0625,1298,2,"SNETWORK (2 41 2199.50767223839 0.258483069865309 100000936 1298)",100
17,100000937,-0.0272389770621531,209,0.152577399052067,0.406018494492994,0,0,0,-0.385199963663197,-0.414971065678182,-0.0665416870881602,0.857020288417709,0.20054989369323,-0.285433619440632,-0.000842884962306877,0.20054989369323,0.20054989369323,0.419357350760427,0.118377707169784,0.167169142252795,-0.0916689720850956,0.13818561703147,-0.443531827515401,0.0161216029479497,0.044324905863371,-0.265923265923267,-0.0272389770621531,9,-0.636116354907151,0.650602717930548,0.652659881159093,1.08101274155382,-0.0238926435205429,0.578930211018105,0.857041286098381,-0.836280284538487,0.112758507900337,1927.0000000001,0.34739823635467,0.191883971063436,3699.0000000001,1.13480072183359,1.48219895808826,0.0620307827768964,0.976658416202296,-0.323581633024988,0.76903474946238,0.562442478836192,-0.320842390500371,0.334632776676938,-0.294242522878092,0.759221725242942,-0.487903343975492,-1.04597103772844,-0.55480953230148,-0.394600441661011,0.171523445192978,-0.15972528972031,0.121428129376515,-0.277526342387342,0.102215627178161,0.139017963839617,0.167198521564845,0.802260092429201,-0.993975577595825,0.787319007441308,0.981200070080147,0.981200070080147,-1.12453838940741,1.06316675953723e-11,-0.365889185010155,-0.187448943276231,-0.0488666086471041,-0.374874892253717,0.589942827964786,1.69708019098706,0,3699.0000000001,0.0145387934455836,0.0474919892313128,0.727773956832347,0.0376417282038319,2338.82236305732,0.125,628,2,"SNETWORK (2 17 2338.82236305732 0.727773956832347 100000937 628)",100
16,100000938,0.731779312715532,305,0.288659805977357,0.708741764562854,0.0737102907633875,0.0682577010310203,0.067165878475577,-0.713671538148932,-0.79759861838216,-0.368142878588772,0.404340401535144,-0.252379901934321,-0.485603665203048,0.4986801956079,-0.252379901934321,-0.252379901934321,0.368605145668807,0.569317544155923,0.66345430512856,0.27120205670087,0.640260947820346,-0.443531827515401,0.0161216029479497,0.044324905863371,-0.265923265923267,0.731779312715532,9,0.255438195921714,0.392250842975978,0.392253838073745,-0.266273386475512,0.729396774950783,0.171261497061156,0.406525341814031,-0.143912343278397,0.0860158556269884,742.0000000001,0.102042007388799,0.104259872536523,5120.0000000001,0.853461087594186,0.955503094882985,0.0418420226323518,-0.270260700058555,-0.492374201356582,0.313101332051773,-0.037481908377345,-0.549261615326012,0.0837003194930782,-0.527552838772543,0.406789049974833,-0.430855681433359,-0.669365122022754,0.655167042013464,0.822093511818275,0.124529180760897,2.36936490832206,0.562105955755759,0.451834062908154,-9.04730289579023e-15,-9.02989036134174e-15,-4.84823954093274e-15,0.795574170736517,0.34291346450716,-0.355499072794543,0.971410205681891,0.971410205681891,-0.629038933643973,-0.034387041802557,-0.553472068749293,-0.417310841467948,-0.203847926015778,-0.542883208655522,0.448345702108658,0.237577855676554,0,5120.0000000001,0.00446847738279073,0.037373545149561,0.264725890256595,0.827144028752979,2886.93089962115,0.0625,373,2,"SNETWORK (2 16 2886.93089962115 0.264725890256595 100000938 373)",100
37,100000939,0.329198219320937,82,1.29896932353205,1.22104076566898,1.45807027539656,1.42805593959054,1.43873085382348,0.113850990273555,0.0477260064304717,-0.509953292960753,0.636359650548465,-0.392640758755011,0.631627517876613,-1.08994268984508,-0.392640758755011,-0.392640758755011,-0.537786960676848,-0.576194717622431,-0.624207639279046,-0.495063128261036,-0.663624220947904,0.665297741273101,-1.69993346640053,-0.507226107226108,0.644007644007643,0.329198219320937,12,-0.423086999552772,0.0231807182623658,0.0230738113212309,0.52065986672297,0.330827009352716,0.14164654619006,0.638606023044456,-1.07398511627213,0.108889148222183,108.0000000001,0.075208238714532,0.105108839223308,789.0000000001,0.530363105266667,0.605571343881198,0.0282960025329871,-0.039353558407602,0.0169262934963397,-0.300141116796508,0.218382822483888,0.805349758822149,0.151035658482031,0.825182350704536,0.566735328135883,0.698375146430577,1.31694717857838,0.563358968632198,0.441017129612331,0.254595391635239,0.776270366233481,0.528207847926239,1.07109749798066,2.19258446122347,2.1515594435597,2.28302402457116,0.103140726615094,-0.00595282298597703,-1.43307285000464,0.106523785421498,0.106523785421498,0.384667131324241,-0.556540027364363,-0.324200165264921,-0.258619499792675,-0.441721600187888,-0.234309474696801,-0.386510667905969,-0.160060762928401,0.00384374333836832,789.0000000001,0.00351418957431113,0.0247818128586759,0.476597982874142,1.75491974257727,4715.5128290636,0.0312499339939208,1130,2,"SNETWORK (2 37 4715.5128290636 0.476597982874142 100000939 1130)",100
3,100000940,-0.689208799863836,11,-0.494845044588713,-0.486027089260215,-0.640656641110964,-0.630828421199535,-0.621755757978306,-0.305437464270588,-0.393523643658364,0.670465285064029,1.2084508490233,-0.000255992301483031,-1.14893766895831,0.388125526149537,-0.000255992301483031,-0.000255992301483031,-4.85148633730223,0.267996549862786,0.261748496302239,1.10189748642035,0.108310672736419,0.0221765913757709,0.149700598802395,1.22237762237762,0.834152334152334,-0.689208799863836,7,0.0672707934007777,4.06649315331533,4.22570434646838,0.39485224894254,-0.683989002028253,-0.0215429107577807,1.20736466546936,-0.266859270844443,0.0877844906602266,6016.0000000001,0.844346398267027,0.0911529078168314,7396.0000000001,1.07786026930966,1.92220666747669,0.044474222614436,1.41470193826214,1.16396991661336,0.144075999748991,-0.0346247048989716,-0.259828351992416,-0.884897153195849,-0.129278472501758,0.219936643970993,-0.126819180701179,-0.329991288238076,-0.830402355693161,-0.848709775945734,0.304298838316285,-0.364165557678186,-0.471792152073761,-0.752292666128179,-1.48074956831335,-1.423857898781,-1.44749212629168,-0.0157884944247701,0.292593598282799,-0.463081268302789,-0.015858858871444,-0.015858858871444,2.93680691953816,-33.0181807233776,1.05385496024628,1.00539065822171,-1.36893668716405,1.49899072536448,0.0723981296246241,0.0120764982129087,0,7396.0000000001,0.019535698334972,0.024938524179464,0.145953072709963,2.21797853149474,1400.94644882015,0.0624998605480869,12,2,"SNETWORK (2 3 1400.94644882015 0.145953072709963 100000940 12)",100
17,100000941,-0.688315046627672,91,-0.254295665086778,0.276450920905401,-0.358045591966192,-0.357303355798844,-0.355675841278248,-0.0951370118254121,-0.083046531433882,0.241061433140536,1.20546341183167,0.662793001867398,-0.00738277371562255,-0.0498822744133453,0.662793001867398,0.662793001867398,0.495576469283807,-0.00666400563557656,8.63339674389287e-05,-0.42258208978803,0.0411205829212021,-0.596303901437372,0.141716566866268,0,-0.395577395577396,-0.688315046627672,9,1.26455919670108,1.60871744219985,1.63172906980683,-0.693821057158574,-0.690728134902447,-1.11607068994593,1.20434726224567,0.44023290703839,0.27543868362232,916.0000000001,0.403382434137384,0.158420046689685,8817.0000000001,2.23319965490081,2.6365820889382,0.0933378426555138,0.683632788590812,1.47041685891839,-0.99655361225973,-1.2596524040666,-0.371629398837902,-1.70783615714274,-0.287500829927406,-0.447650683663793,-0.319131842675263,-0.83031781001142,-0.0472583602123049,-0.0759259800935569,-0.614408721444721,-0.233478416223775,-0.658232714974315,-1.30374704394875e-15,-1.4058558810172,-1.37829262321507,-1.40813399619979,-0.98540828822694,-0.726294078524799,0.123108131813212,-0.796137433825362,-0.796137433825362,0.356383133458856,1.06316675953723e-11,0.499015883792606,0.268033339278924,-0.152885608897551,0.597534331332403,0.494895081872955,0.489014055103722,0,8817.0000000001,0.0142801721506164,0.0790576704048974,0.313419504750144,0.184037912367617,1648.86994312945,0.125,510,2,"SNETWORK (2 17 1648.86994312945 0.313419504750144 100000941 510)",100
28,100000942,-0.152864628321228,191,-0.790377993358492,-0.853832397374456,-0.715996162004961,-0.715344983900652,-0.711097017555422,0.767550357228717,0.771411588784378,2.04724311612126,-0.44168790201327,0.315257993610151,0.0869246031492835,2.78502286102375,0.315257993610151,0.315257993610151,-0.0321525342862001,-0.882827835966471,-0.952578653678453,0.687233621503868,-1.26663709061943,0.468172484599588,-2.26546906187625,-1.53286713286713,0.194922194922195,-0.152864628321228,8,-0.302763866504346,1.36673755914828,1.38255270127405,0.538099240162614,-0.141180145589698,3.16883721273708,-0.438422958201199,-0.444542589171488,0.123410828776247,8220.0000000001,1.62188423237953,0.044603150158133,1611.0000000001,0.114883018483843,1.73676725076338,0.0641317567053288,0.639857191548068,-0.470227259894867,2.1318599180007,2.60658891824305,0.702188225315873,1.41245130732972,0.569687322994715,0.179425577216142,-1.09038756791414,-0.529386705168077,0.30334648713942,0.650223626201118,-0.0512916575408792,1.53316977511683,-0.187688470099141,-0.524918678976944,-0.897784372821839,-0.860982036160378,-0.83280147843515,0.718000159403588,-0.155704659723933,1.68634051923583,0.860030264909544,0.860030264909544,0.267023223772906,1.06316675953723e-11,-0.786518208137628,-0.751547149938244,0.0892733637381748,-0.868937454585977,0.347927308693813,-0.338176545381823,0,8220.0000000001,0.0598895936037729,0.00424216300155592,0.180475396289181,0.0885925704908912,1759.43178091804,0.125,732,2,"SNETWORK (2 28 1759.43178091804 0.180475396289181 100000942 732)",100
17,100000943,-0.447383765165487,143,0.152577399052067,0.406018494492994,-0.358045591966192,-0.357303355798844,-0.355675841278248,-0.172619950878886,-0.164203876542454,0.15661485327703,1.08184005569696,0.633066188474152,-0.0622487862425646,-0.0834043335067394,0.633066188474152,0.633066188474152,0.472732955872616,-0.0291199390257253,-0.00243116749739286,-0.350522959496076,-0.000380994253853063,-0.33264887063655,-0.333618477331052,-0.204195804195803,-0.181818181818182,-0.447383765165487,9,0.534193604048425,1.32020240582406,1.33477701387384,-0.399896573809834,-0.444685012701062,0.180708416055797,1.08453177471865,0.300702908874057,0.248657037699168,4522.0000000001,1.79774416550654,0.116327073321561,1373.0000000001,0.255357085792865,2.0531012511994,0.0764305829554341,-0.0595144002512385,0.365215311520209,-0.390520254453833,-0.0872015560684211,0.472162523440372,-0.135005613623177,0.386443936453845,0.612529867674307,0.40222452738225,0.996030288741092,0.863822308923277,0.819593813745718,-0.728675855211621,2.19235065231031,0.121428129376515,-0.277526342387342,-1.18872710856491,-1.15983398060207,-1.18132187361278,0.731907843871425,0.878649487640601,-0.34689594072968,0.879702945875985,0.879702945875985,0.0162542645472738,1.06316675953723e-11,-0.471679659387411,-0.434050233085077,-1.05387811736484,-0.247950584612731,0.828721839669032,0.30464051169608,0,4522.0000000001,0.0669244316681414,0.00950615118729269,0.498193855303098,1.73138711135834,1956.54254001836,0.125,562,2,"SNETWORK (2 17 1956.54254001836 0.498193855303098 100000943 562)",100
43,100000944,0.416124725787562,175,-0.0343645341584618,0.726058121384469,0.965149594579297,0.947078472655203,0.966783102940535,0.411803078613906,0.32923300125976,-0.100516105409006,-0.612011130320144,0.162248911528052,1.16151935573052,-1.58481326762617,0.162248911528052,0.162248911528052,-0.210418077151397,0.698453036445665,0.584902485362122,-0.817560778354215,1.00237943273813,0.147843942505134,-0.958083832335329,-0.581818181818182,-0.163390663390663,0.416124725787562,11,-0.504214678762077,-0.0149212313801263,-0.0148451964038194,0.66526473572202,0.416787193216927,0.877962115029675,-0.60837167290203,-0.415212493304905,0.112752227212651,6.0000000001,0.66672208930463,0.0341909888890021,6.0000000001,0.202176826767913,0.868898915972542,0.040873586658366,1.80089978195867,3.08184823853687,0.602384882755933,0.726844510418207,0.169989465910113,0.716424197590775,0.175078298735529,-0.563217221332637,-0.0477027000991218,0.0158196004074786,-0.245379039332589,-0.48407948948397,0.0681648171993049,-0.234164910572857,-0.353148128111646,0.538992472803679,2.19258446122347,2.15155944355969,2.28302402457116,0.0798098466734811,0.437474311638537,-0.742505361776534,0.0819762891176649,0.0819762891176649,0.441292576086195,1.06316675953723e-11,0.343956823695966,0.262386068812182,-0.11891558147928,0.419500531802892,-0.319305710498774,-0.36491364506677,0.0393168636411139,6.0000000001,0.0313630533145671,0.00951053324379897,0.683737140599178,1.76641775607785,3794.92002745526,0.0312500660060792,1644,2,"SNETWORK (2 43 3794.92002745526 0.683737140599178 100000944 1644)",100
3,100000945,0.195633995567998,208,-0.226804037760009,-0.273941878615531,-0.467885001197052,-0.45962963966976,-0.447550990366083,-0.418982914316721,-0.491669330853566,0.497960927793182,0.495798916449274,-0.845884573149358,-1.25252135445628,-0.629454016314303,-0.845884573149358,-0.845884573149358,-4.87689475022648,0.233110975658653,0.327077464916251,1.28237057762049,0.0312933773202171,0.0739219712525668,-0.0898203592814364,1.0005994005994,0.837837837837838,0.195633995567998,7,0.160168345045802,0.624282888764827,0.62605806581773,-0.160362183271006,0.196583306994191,-0.212883708170866,0.497704903694924,0.231825167339881,0.33084368726561,2188.0000000001,1.15735130145974,0.0448444922807085,727.0000000001,0.0521240984620052,1.20947539982174,0.0508511796063055,-0.421399287559343,0.781429144550782,-0.339937654501171,0.64883429901589,1.51801692648581,-0.328644864165576,1.40032064691614,0.24012151726838,1.29241532622009,2.19676104233672,0.00343723939480046,-0.112893203806058,0.239341512579146,0.323364159930675,0.223123099423871,0.103212322371743,-0.751834212897414,-0.690544926566656,-0.641104661755909,0.946131430163441,-1.62897698331516,0.947281923009309,1.19944563411086,1.19944563411086,-1.08161572195342,-5.69392990733686,-0.11335487481002,-0.0774688674961669,0.0567242808506692,-0.123797273586327,-0.52604462965317,-1.03647508577774,0,2188.0000000001,0.048659674095761,0.00219150541054448,0.944737362645753,0.750945857726038,2552.71409194345,0.0624998605480869,209,2,"SNETWORK (2 3 2552.71409194345 0.944737362645753 100000945 209)",100
43,100000946,0.195136958811373,135,0.12371145778112,0.869954874556633,0.965149594579297,0.947078472655203,0.966783102940535,0.0696888642191726,0.0386282179151054,-0.518060791533577,-0.390446399616592,-0.118017421918458,0.937142691529254,-1.15287649221783,-0.118017421918458,-0.118017421918458,0.252836020987062,0.481406406916138,0.293955325834344,-0.6660020950989,0.701000116025886,-1.14579055441478,2.23053892215569,2.01958041958041,-0.227886977886978,0.195136958811373,11,-0.594347689470585,-0.344114033161285,-0.340899053415499,0.78969669725537,0.196765912249568,0.717411386501619,-0.387142182874842,-0.629429652878793,0.0415918840474519,6.0000000001,0.245939512511549,0.0319845410442981,6.0000000001,0.1891297450879,0.435069257499449,0.0216891782967603,0.0230322170393221,0.0883391500163703,0.165543795200824,1.14248245733856,1.50061958050838,0.698101297556053,1.64034969614025,-0.0509326664978529,1.49524204524996,0.832783368296132,-0.57547090364504,-0.445423880346563,0.132782990926594,-0.265051529278703,-0.353148128111646,0.538992472803679,2.19258446122347,2.15155944355969,2.28302402457116,-0.272339738552009,0.103212478062779,-0.194978879406404,-0.257803836836221,-0.257803836836221,3.62204622653522,-0.580765666269349,0.22149882420152,0.0688878160577333,-0.282743963093799,0.324957253549352,-0.499920301587046,-1.04540129839425,0.0179325463570521,6.0000000001,0.0122606362541055,0.00942854194265483,0.530625749834424,1.13517141831107,3571.5812096418,0.0312500660060792,1604,2,"SNETWORK (2 43 3571.5812096418 0.530625749834424 100000946 1604)",100
28,100000947,0.641281844722422,245,-0.268041164135857,-0.507523118116241,-0.715996162004961,-0.715344983900652,-0.711097017555422,0.716424862542638,0.816193745709723,2.00232003666937,-0.607950271870391,-1.47098009441345,-0.44894884661565,1.71486014228153,-1.47098009441345,-1.47098009441345,-0.374042923938489,-1.07752481157498,-1.07623494145886,0.384099304756838,-1.45660073867113,0.468172484599588,-2.26546906187625,-1.53286713286713,0.194922194922195,0.641281844722422,8,-0.432049372434064,0.850375700924704,0.855101111612776,0.681346805159181,0.642065580631737,0.872723277091971,-0.604372595765985,0.0864756390355498,0.0977359690261311,8095.0000000001,1.26492868582183,0.0703663209694887,1599.0000000001,0.179890435827799,1.44481912154963,0.0583876835897929,0.273454155020499,0.863209597689896,0.267259792777153,1.28182603750414,1.52522196998096,0.479939622866559,1.35255504429647,-0.661378558230833,1.19361850835579,0.334379322186763,0.572017234349006,0.599365856270898,-0.136905028073307,1.22569908476798,0.121428129376515,-0.277526342387342,-0.897784372821835,-0.860982036160378,-0.83280147843515,0.274354017958488,-0.517170476013203,0.559097431163915,0.295089997961643,0.295089997961643,0.0867136571306222,-0.0418299787949807,-0.88911176871343,-0.89270939343216,-0.0347165596760582,-0.951348492878339,-0.0139405129243286,-0.362177132794624,0,8095.0000000001,0.0511179943860266,0.00726968910376634,0.564776097158145,0.848185473510891,2064.5213133002,0.125,786,2,"SNETWORK (2 28 2064.5213133002 0.564776097158145 100000947 786)",100
37,100000948,0.280476640447709,71,1.29896932353205,1.22104076566898,1.45807027539656,1.42805593959054,1.43873085382348,0.108889954692942,0.036912807363209,-0.500520909264768,0.651070057367563,-0.368178118747675,0.624202146664983,-1.09476246941162,-0.368178118747675,-0.368178118747675,-0.527851945024332,-0.56348733034658,-0.610380728199015,-0.486795242538964,-0.649116436716307,0.665297741273101,-1.69993346640053,-0.507226107226108,0.644007644007643,0.280476640447709,12,-0.307698730640495,0.584126161086833,0.585502645191496,0.417668093654252,0.276939470738891,-0.0702843325270201,0.652684222193069,-0.992428011870105,0.142045284813526,91.0000000001,0.0826656864326332,0.106936094670666,1701.0000000001,1.1632838390024,1.24594952533504,0.052754746174405,1.64649481114893,1.70186546517284,0.123391762475936,-0.619937026781463,-1.06870584498479,-0.179580227549413,-0.992368745641444,0.402067872303752,-0.8924289921316,-1.68426348736482,-0.0452842177966842,0.207621714441143,0.15190322379078,0.374294162828582,0.528207847926239,1.07109749798066,2.19258446122347,2.15155944355969,2.28302402457116,0.265814889761459,0.358741950793243,-2.13513494266073,0.285323746738262,0.285323746738262,-0.464161256679345,-0.141261525505953,-0.208227999015542,-0.0621328843565477,-0.573619326128072,-0.0754279985482149,-0.95639157647442,-1.01075918182317,0,1701.0000000001,0.00350014764099036,0.0492545984334146,0.413559368954979,0.97251310541381,4651.52126782774,0.0312499339939208,1119,2,"SNETWORK (2 37 4651.52126782774 0.413559368954979 100000948 1119)",100
17,100000949,-0.424461205533692,147,0.152577399052067,0.406018494492994,-0.358045591966192,-0.357303355798844,-0.355675841278248,-0.179821266780061,-0.173567617033116,0.151144199841007,1.074596729996,0.621259122217167,-0.0682922764892586,-0.0807199555598133,0.621259122217167,0.621259122217167,0.47132130292081,-0.0316291986567945,-0.0047776925810242,-0.344362051385291,-0.00467129036247053,-0.33264887063655,-0.333618477331052,-0.204195804195803,-0.181818181818182,-0.424461205533692,9,0.368834224326456,-0.605107990543804,-0.597370438604729,-0.339001814120416,-0.425138444098851,-0.334972539058609,1.07404701479146,0.257537970544399,0.0845043770526639,1059.0000000001,0.143077630448121,0.159516261274129,1872.0000000001,0.477427445060162,0.620505075408283,0.0323942235291535,-0.404031749870886,0.193502808335576,-0.221678903952805,-0.643273363843014,-0.645446384117469,-0.172704985802582,-0.740131719110884,0.588422858627254,-0.700130871637708,-1.70268451478794,0.318757284839219,0.214129258903859,-0.966736970469455,0.374069082714129,0.121428129376515,-0.277526342387341,-0.704693502638718,-0.672835765969098,-0.675701691065629,0.251095021556434,-0.741616464776966,0.878488266994343,0.268579747313067,0.268579747313067,-0.386063936024929,1.06316675953723e-11,-0.206937344464859,-0.188390281668832,-0.0813873868952652,-0.192927728224888,0.740776357986441,0.858421705175939,0,1872.0000000001,0.00746954200641812,0.0249246814227354,0.511251813808169,0.197758837174948,1978.28568776208,0.125,566,2,"SNETWORK (2 17 1978.28568776208 0.511251813808169 100000949 566)",100
36,100000950,0.731084016950199,173,1.29896932353205,1.22104076566898,1.45807027539656,1.42805593959054,1.43873085382348,0.411716125511318,0.356175528143271,-0.184689840168728,-0.0176502203915266,-0.332247005679152,0.818546354063465,-1.80056950764192,-0.332247005679152,-0.332247005679152,-0.692728378709205,-0.541719179422553,-0.644735116124648,-0.86653651524579,-0.552155209140529,0,0.0419161676646709,0.81118881118881,0.42997542997543,0.731084016950199,12,0.0358729131166929,0.0760092965985116,0.075709647477412,-0.0975975333898926,0.725348012014043,-0.418578668671401,-0.0149746740194194,-0.122189312341078,0.102808913083164,40.0000000001,0.0262995200031235,0.449360495240368,935.0000000001,2.68697460702577,2.7132741269289,0.125607331395238,0.0880976883831765,-0.897531944529192,-0.029179881033327,-0.372968101749419,-0.534435670184104,-0.428913741852895,-0.542962188287064,-0.173972608170503,-1.04488424996303,-1.07672126817658,-0.0246251852135302,-0.02850637505136,0.165179359701397,0.117314569154458,0.546248208904555,1.08330451131106,2.19258446122347,2.15155944355969,2.28302402457116,0.109865233053015,0.144489200808993,-1.5618039289254,0.113648765821064,0.113648765821064,-1.21472593999034,-0.191412947070276,0.190769000555235,0.305914879151417,0.289913653018055,0.152958229570135,-0.51894098179142,0.0827943591898987,0.00493337642093103,935.0000000001,0.00121750046437002,0.124389830830868,0.110414195460206,1.26407953411243,5267.96918858243,0.0156249669969604,1021,2,"SNETWORK (2 36 5267.96918858243 0.110414195460206 100000950 1021)",100
41,100000951,0.478342794934907,249,0.680412427894334,0.334368660703197,0.315622755524543,0.310024668600395,0.31737100022456,1.06805644976238,0.98944179522839,-0.59371807997322,-0.60953016653904,0.811378633724772,0.964306613896519,1.48693824629985,0.811378633724772,0.811378633724772,0.402259194513329,-0.66327532086848,-0.78915695751478,-0.231111834153739,-0.821727382676711,-0.720739219712526,0,-0.434965034965035,-0.700859950859951,0.478342794934907,10,-0.251502239198234,-1.02072422965028,-1.00192770069083,0.146180622650523,0.475567986149223,-0.204955799316302,-0.605961972576464,0.264725750434846,0.154713328988141,1246.0000000001,1.2328246585425,0.0399944759588436,157.0000000001,0.0401564398327705,1.27298109827527,0.0715399334323419,3.32712613161321,0.749368979800898,-0.547270224533836,0.12390788485749,0.963183712924816,0.0763548806621735,1.18594340985685,-0.86624060970099,0.0728182251719767,0.0424763653582461,-0.606639053365376,-0.405409519245441,-0.0342943573196496,-0.223107849950342,0.562105955755759,0.451834062908154,0.102215627178161,0.139017963839617,0.167198521564845,-0.0912970637400179,0.562437227451628,-0.458270500623888,-0.0901040377410538,-0.0901040377410538,-0.144202123056107,1.06316675953723e-11,-0.357956175186761,-0.145738629148951,0.0754454083822455,-0.396217524197754,0.294903960095158,0.833156488980623,0,1246.0000000001,0.0692831920300048,0.00225674130233712,0.778051004705476,0.0478178465894705,3082.71794417158,0.0625,1455,2,"SNETWORK (2 41 3082.71794417158 0.778051004705476 100000951 1455)",100
43,100000952,-0.361249856721586,36,0.12371145778112,0.869954874556633,0.532114998802948,0.540517197237357,0.552449009633917,-0.322653717493138,-0.263297425740108,-0.718666185636565,-0.0144904310542282,-0.384451226312306,0.563394128156764,-1.25461553537208,-0.384451226312306,-0.384451226312306,0.387447214380712,0.640904126570389,0.439865741779042,0.0484015946029605,0.771298961896076,0,0.0419161676646709,0.81118881118881,0.429975429975429,-0.361249856721586,11,0.384462205636275,0.116567590084393,0.116167743933463,-0.384774384938035,-0.362401055485337,-0.520627737606745,-0.0124518776210015,0.334712457073426,0.20048656101094,5.0000000001,0.987924453057402,0.0708579049514366,1e-10,1e-10,0.987924453057402,0.0454093955695965,0.560450440248656,1.3584126169783,-0.021438298681371,-0.533120163283326,-0.754135017795711,-0.562047971191113,-0.760581539175108,-0.248635382592593,-0.76706837955787,-0.792450212574776,0.416472297221313,0.487451204307911,-0.701262819289985,0.665747589532649,-0.353148128111646,0.538992472803681,0.102215627178161,0.139017963839617,0.167198521564845,0.011259210986129,0.351194175495225,-0.402343386313535,0.0113798955462216,0.0113798955462216,-0.0849379416219761,1.06316675953723e-11,-0.674297349225274,-0.61421695498475,-0.427075587461737,-0.603517186773043,0.275088716782352,0.0378055466252671,0,5.0000000001,0.0454093954695965,0,0.139921580867192,1.58027850832189,3001.67320491342,0.0312500660060792,1507,2,"SNETWORK (2 43 3001.67320491342 0.139921580867192 100000952 1507)",100
41,100000953,-0.618259758662025,70,-0.886598059773572,-0.0928456434617663,0.315622755524543,0.310024668600395,0.31737100022456,1.001345114161,1.18621650920771,0.845258887897947,-0.120493048085493,0.470952797399049,0.494582616504638,0.393323645156344,0.470952797399049,0.470952797399049,0.556190618015385,-0.420278334561227,-0.5593297626867,0.0971815114677921,-0.575477000643665,-0.720739219712526,0,-0.434965034965035,-0.700859950859951,-0.618259758662025,10,-0.173738116307373,2.87202606366787,2.95163019417521,0.269982853419903,-0.61973270072509,-0.967726005557616,-0.118190673947038,0.397710170535252,0.687649894464016,92.0000000001,0.404585903775003,0.102660013133536,2908.0000000001,1.90919925665216,2.31378516032717,0.0657847595744635,-0.454006012292433,-0.35219834761337,-0.803871410952478,-1.03019489324521,-0.339980159317232,-1.63291763545739,-0.210093088605968,-1.14011123196266,-0.419210952739026,-0.377626091894704,0.226979174459867,0.285077081150714,-0.958056721970478,0.104411851593427,-0.658232714974315,-2.60749408789749e-15,0.102215627178156,0.139017963839613,0.16719852156484,-0.907914114645858,-0.634459815076811,0.0913948108097391,-0.74593475852029,-0.74593475852029,0.0113077939327986,1.06316675953723e-11,-0.485128583470283,-0.444287395868012,-0.611427798152462,-0.369567620146236,-0.362075087122839,-0.112491781465538,0,2908.0000000001,0.0115030499881871,0.0542817094862765,0.187282661161325,0.914778760634363,2078.47454429421,0.0625,1276,2,"SNETWORK (2 41 2078.47454429421 0.187282661161325 100000953 1276)",100
17,100000954,-0.24534845718174,172,0.152577399052067,0.406018494492994,0,0,0,-0.281638645109898,-0.283811099325968,0.0475647970234431,0.964380556561363,0.458775293501176,-0.172133825222915,-0.0339129255159866,0.458775293501176,0.458775293501176,0.446569478936553,0.0289386466470359,0.067440137487243,-0.233511591640065,0.0513955860849962,-0.443531827515401,0.0161216029479497,0.044324905863371,-0.265923265923267,-0.24534845718174,9,-0.361999679871564,-2.20740011242231,-2.12910790140154,0.0879501945617973,-0.248196561160811,-0.131213695825748,0.965919629406788,-0.502146149148406,0.0914488208117171,466.0000000001,0.0681334846501262,0.134902146815076,3742.0000000001,0.807084893443194,0.87521837799332,0.0608067315065977,-0.227869550242313,-0.219464059083356,-0.302481002630808,-0.637735643376035,-0.513431700002953,0.468532062639819,-0.785567759888244,0.869833786461608,-0.550597025857828,-1.25659785247655,0.105659211477756,0.169008011704314,0.180982068549782,0.103950437358797,0.121428129376515,-0.277526342387341,0.102215627178161,0.139017963839613,0.16719852156484,-0.239479215104386,-0.610784939081846,0.386127212292466,-0.22840923001561,-0.22840923001561,-0.301128407954252,1.06316675953723e-11,-0.218877737031272,-0.197439422135214,0.0091147789539348,-0.227868933578796,0.747498346916183,0.592565519815764,0,3742.0000000001,0.00473364659550155,0.0560730848110962,0.599634532925403,0.111991739095098,2125.45406167071,0.125,591,2,"SNETWORK (2 17 2125.45406167071 0.599634532925403 100000954 591)",100
3,100000955,-0.0449023966616115,161,-0.226804037760009,-0.273941878615531,-0.467885001197052,-0.45962963966976,-0.447550990366083,-0.41618461259872,-0.484522161868533,0.524592325980549,0.659619630909392,-0.223746318730929,-1.30141381141025,-0.329833508501164,-0.223746318730929,-0.223746318730929,-4.44734259971853,0.138867399069336,0.209551658740239,1.03472572094363,-0.0421863395263007,0.0739219712525668,-0.0898203592814364,1.0005994005994,0.837837837837838,-0.0449023966616115,7,-0.252126340747169,-1.14449728184726,-1.12146410606326,0.0847438603278984,-0.0422118794681999,1.57253294969592,0.660783408956907,0.015909701517167,1.3081700418788,2792.0000000001,5.83948634904367,0.234755391059538,275.0000000001,0.103215115499468,5.94270146444314,0.341401550533512,-0.206638282542351,0.414872048055571,0.819226775446624,0.746256867478793,-0.119773748683404,1.45205537675096,-0.152546195924255,1.18189379090313,0.343490739388707,0.664224493752474,1.83737423599816,1.19271960243124,0.152755182349806,3.227443455655,0.0197333209688588,-0.17889795238422,-0.824809292859624,-0.775763481363517,-0.736953070095527,0.357273947727817,-0.881911512470683,0.933348268617639,0.391979954363302,0.391979954363302,-0.0449423543152499,-0.227822427751599,-0.887525408192208,-0.826313331322343,-0.150091560812333,-0.921738736871449,-0.346795672667869,-0.548769724603793,0,2792.0000000001,0.335471957530859,0.00592959290265257,0.756978689440536,0.602324164134786,2281.98472578264,0.0624998605480869,162,2,"SNETWORK (2 3 2281.98472578264 0.756978689440536 100000955 162)",100
41,100000956,-0.731878839144125,44,-0.886598059773572,-0.0928456434617663,-0.0369605603324269,-0.0422694509956289,-0.0386919408759992,0.967493990829583,1.14876122081376,0.889977105467115,-0.0926037495662849,0.361544025360013,0.462365652938046,0.359182498813628,0.361544025360013,0.361544025360013,0.548218113068991,-0.329676758756075,-0.476553221020663,0.0964627189857984,-0.461122868991463,-0.720739219712526,0,-0.434965034965035,-0.700859950859951,-0.731878839144125,10,0.183466816132948,2.35476250024163,2.40749800890655,-0.150721554243505,-0.73334559009113,-0.48205124757012,-0.0903494367061598,-0.258753457105884,0.104490275433325,75.0000000001,0.050117878292503,0.106044703379242,2143.0000000001,1.45333820943655,1.50345608762905,0.0467521362727925,-0.496045290708859,-0.540251355298292,-0.391449574883534,-0.711046353081146,-0.493977825119935,-0.968883192384809,-0.335340208110021,-0.577883044881781,-0.732722591561324,-0.678821302259972,0.313290630477488,0.197784304538459,-0.654198629664932,0.0315759265563587,-0.658232714974315,-1.30374704394875e-15,-1.4058558810172,-1.37829262321507,-1.40813399619979,-0.682881951085473,0.387518408215837,-0.302061717691791,-0.589414604963538,-0.589414604963538,0.850975335651482,-0.465669880951085,0.0282591677217545,-0.241069767074077,-0.693407263263057,0.212521341115273,0.422932580784868,0.287327644067307,0,2143.0000000001,0.00155848773062489,0.0451936484421677,0.0977120345158963,0.430311346426606,1926.21399815202,0.0625,1250,2,"SNETWORK (2 41 1926.21399815202 0.0977120345158963 100000956 1250)",100
3,100000957,-0.20515959135427,129,-0.226804037760009,-0.273941878615531,-0.467885001197052,-0.45962963966976,-0.447550990366083,-0.377038843891367,-0.442162192548611,0.563835119438777,0.736048736348841,-0.0712109460647017,-1.23121384933321,-0.212056693297631,-0.0712109460647017,-0.0712109460647017,-4.38508402750077,0.147851719875124,0.218145755278314,1.0927534510705,-0.0414834520096195,0.0739219712525668,-0.0898203592814364,1.0005994005994,0.837837837837838,-0.20515959135427,7,-0.112959923831303,-0.0986307386804711,-0.0980226106396546,0.288079749658689,-0.205228072150806,0.488976444222654,0.744608710207147,-1.24301375714253,1.23864594165862,3138.0000000001,6.2143421018606,0.0467396345301349,2260.0000000001,0.168884108266297,6.38322621002689,0.304732122611136,0.365134548504228,0.244902096411,0.135747925190566,-0.0468443240058555,-0.27619702175855,0.465446197828063,-0.28965702970433,0.772307850253644,-0.229843051235699,-0.433089421964671,0.358601126789722,0.454835998449051,0.16033289553263,0.821680279324422,-0.183656619125853,-0.461007527196321,-0.822909452037706,-0.773544892644308,-0.734457742663565,0.311204149809519,-0.963589168480132,0.922898304016403,0.337685453075095,0.337685453075095,-0.0599772878328942,-8.58683474779517,0.245237165650628,0.190507132682145,0.85587751210297,0.0758890277958512,-0.444195960764278,-1.0223035592796,0,3138.0000000001,0.296669677119513,0.00806244539162359,0.63305978104388,1.08650909637799,2103.30596249111,0.0624998605480869,130,2,"SNETWORK (2 3 2103.30596249111 0.63305978104388 100000957 130)",100
41,100000958,-0.205258919320746,152,-0.886598059773572,-0.0928456434617663,0.315622755524543,0.310024668600395,0.31737100022456,0.976436296256377,0.989440288325426,0.0861915194158814,-0.302679849086042,0.814789806619079,0.571952816798234,0.373850723566072,0.814789806619079,0.814789806619079,0.502801789577921,-0.793435547740232,-0.918692286557589,-0.280404064628054,-0.976798342426822,-0.720739219712526,0,-0.434965034965035,-0.700859950859951,-0.205258919320746,10,0.314960191748027,1.56906292016243,1.59081041401339,-0.251285199010491,-0.206353119388761,-0.703305717657726,-0.299875745114627,0.458983265602743,0.236020705402975,2017.0000000001,3.0444688958276,0.0789107006474931,295.0000000001,0.14887214797213,3.19334104369973,0.113831199227268,-0.159323462159673,-0.530806973522851,-0.531967942749179,-0.587975239692562,-0.0770635197534029,-1.08215949103126,-0.059196686113494,-0.902142370913959,-0.287593427410174,-0.191434414613314,-1.20627990710738,-1.24292421747393,-1.50440254537261,-0.43123380478239,-0.658232714974315,0,0.102215627178165,0.139017963839613,0.167198521564845,-0.0548526383220724,0.200813271929224,-0.107963680019434,-0.0545963202383029,-0.0545963202383029,2.66801774779663,1.06316675953723e-11,0.104050189936057,-0.000496405888965903,-0.0544940300021012,0.141181949231208,1.17220403084437,1.69003991888977,0,2017.0000000001,0.108524438941756,0.00530676018551206,0.461116167763787,0.600678145885468,2543.96240375032,0.0625,1358,2,"SNETWORK (2 41 2543.96240375032 0.461116167763787 100000958 1358)",100
17,100000959,-0.999306064397919,18,-0.711340194022643,-0.147031598306002,-0.358045591966192,-0.357303355798844,-0.355675841278248,-0.00540571534674578,-0.00529063184906588,0.396230975040379,1.41746259845049,0.617720581871709,0.0630130985648323,-0.0957457766375849,0.617720581871709,0.617720581871709,0.515843954350048,0.00686222267500437,-0.00981098695377343,-0.55492505809115,0.0824037630501079,-0.596303901437372,0.141716566866268,0,-0.395577395577396,-0.999306064397919,9,0.642171569893665,-0.196451343406401,-0.194992792135034,-0.539807089998774,-0.994303431930385,1.116407628371,1.41582183900246,-1.09679227306661,0.742720090676799,1945.0000000001,2.30962436279024,0.801931301597187,933.0000000001,1.1962319116736,3.50585627436385,0.170279239504551,0.182223317799639,-0.093518760945285,0.997587204346883,1.32827096436291,0.497472497022481,0.917015766682437,0.529506148211696,1.24268734220102,0.469932288023406,1.35441074464108,-0.198095116180694,-0.139007200673883,-1.1860379816157,-0.206969605744045,-0.675181930528773,-0.587156310063935,-1.4058558810172,-1.37829262321507,-1.4081339961998,-0.574748703903999,-0.879870021728249,0.239393740774325,-0.508144458269684,-0.508144458269684,0.637466444924966,-1.55227875090217,0.204178420922753,-0.0431211348503884,-1.23852236123235,0.53688423254794,0.781436717019782,0.565240424347474,0,1945.0000000001,0.11217832364554,0.0581009157590114,0.0597908074133745,1.10607050378375,1226.54617513011,0.125,437,2,"SNETWORK (2 17 1226.54617513011 0.0597908074133745 100000959 437)",100
28,100000960,-0.297345634777475,176,-0.790377993358492,-0.853832397374456,-0.715996162004961,-0.715344983900652,-0.711097017555422,0.770915197196794,0.781670851652144,2.0300933678272,-0.424452687446187,0.46939072827119,0.104797545631398,2.82427775122827,0.46939072827119,0.46939072827119,0.00359051584219161,-0.864200291305123,-0.93545317994377,0.71194353901503,-1.24767631710428,0.468172484599588,-2.26546906187625,-1.53286713286713,0.194922194922195,-0.297345634777475,8,-0.22608126895937,-0.673468871071042,-0.664241935688416,0.0712437941809339,-0.296505956966225,-0.0657283365416618,-0.421003147086721,-0.26826328838357,0.83354389007547,2153.0000000001,2.86924258430207,0.0852341534970917,4528.0000000001,0.617042155800658,3.48628474000273,0.184221762517083,-0.16690951946311,-0.527584858355736,-0.112969876308392,-0.194962484080052,-0.123388816266612,0.13400808551873,-0.144068180084598,-0.383614803373597,0.0334710407020527,0.0185821939704594,-0.291295333782298,-0.0945241243558741,-0.0446289512672116,0.00230988467457636,-0.471792152073761,-0.75229266612818,-0.89778437282183,-0.860982036160383,-0.83280147843515,0.418779480195692,0.207071832941171,0.34115390861238,0.466311626165581,0.466311626165581,2.50065942571908,1.06316675953723e-11,0.14447396456581,0.140299730658202,0.726879745457613,-0.00330823582691618,0.57015234438483,0.190614698949493,0,4528.0000000001,0.151616108579416,0.0326056538376676,0.0757446864215242,0.243189678061754,1676.2879218844,0.125,717,2,"SNETWORK (2 28 1676.2879218844 0.0757446864215242 100000960 717)",100
29,100000961,-0.826247675196478,84,-0.790377993358492,-0.853832397374456,-0.959757100198023,-0.960709455694412,-0.961711264614227,0.523978606763645,0.482144115956943,1.72936735812802,-0.0154096424978059,0.976453793696088,-0.165011407332708,2.80545001482689,0.976453793696088,0.976453793696088,-0.0090845145884016,-0.552923916446301,-0.647595411742374,0.20701100418555,-0.762809987984056,1.05602816075095,-3.18648417450813,-1.88851148851148,0.604422604422604,-0.826247675196478,8,-0.117777310035673,0.928528863588502,0.934548861568049,0.189969165035126,-0.82651379462245,-0.390793862962263,-0.0133792654183876,-0.405877882368708,0.31939296065507,5720.0000000001,2.92089627228618,0.91764073411877,159.0000000001,0.233273053245067,3.15416932543124,0.125734590577869,1.71529117748089,1.88202893042384,-0.0230354856765203,-0.621109745727474,-0.853592429528448,-0.584421679388578,-0.745868758144707,-0.262677349770546,-0.953291446850794,-0.986306839989881,-0.00840210171384139,0.159484701075991,0.165629183414048,0.446212886399253,-0.471792152073761,-0.752292666128177,-1.2755977736078,-1.24566644523131,-1.26063101141846,0.743291151739304,0.460477473252012,-0.396926789114259,0.895900250292167,0.895900250292167,0.904015644351986,-3.71119562818387,0.66168158144513,1.15316289883363,1.21146468833729,0.446093400528552,-1.19711483057994,-1.61159621452005,1.7232907534642e-13,5720.0000000001,0.11643563129671,0.00929895918115837,0.512885766923607,0.720911180831964,1164.25244080733,0.25,879,2,"SNETWORK (2 29 1164.25244080733 0.512885766923607 100000961 879)",100
17,100000962,-1.00674839398365,16,-0.711340194022643,-0.147031598306002,-0.358045591966192,-0.357303355798844,-0.355675841278248,-0.00448660777970422,-0.00423851178156558,0.396230975040379,1.41838180989407,0.617258308271998,0.0619078669977452,-0.0947837022604839,0.617258308271998,0.617258308271998,0.515913572985202,0.00784285704851709,-0.00902213830326312,-0.556427957790047,0.0839139074134125,-0.596303901437372,0.141716566866268,0,-0.395577395577396,-1.00674839398365,9,0.683534119194491,-0.162528273412026,-0.161392707845248,-0.564393395624786,-1.0029346291145,1.09712553249331,1.41903979926201,-1.38783973375818,0.403189658544678,2830.0000000001,1.82428376977645,0.171540697622202,746.0000000001,0.204598560564851,2.0288823302413,0.0979549700360193,-0.352521285694385,-0.362484876304525,1.31506060051235,1.39189060535877,0.104925476699586,0.895771586785631,0.110640732259538,1.23402879572431,0.10242411890034,0.311009108322387,-0.069735694559566,-0.262620161464701,-1.19179848619532,-0.197291160822555,-0.675181930528773,-0.587156310063935,-1.4058558810172,-1.37829262321507,-1.40813399619979,-0.458216802964368,-0.896507627351739,0.364264303023546,-0.415841297562171,-0.415841297562171,0.770711215448831,1.06316675953723e-11,0.276812946733723,0.0874605761520197,-1.36652031793368,0.647358150365912,0.806632398369556,0.855861125949331,0,2830.0000000001,0.0880768978854379,0.00987807205058147,0.0534811970658559,0.28219663258642,1216.03987815129,0.125,435,2,"SNETWORK (2 17 1216.03987815129 0.0534811970658559 100000962 435)",100
17,100000963,-0.0706014925502035,202,0.152577399052067,0.406018494492994,0,0,0,-0.375397641571928,-0.400251194905531,-0.046603459878353,0.878541628712658,0.265667694331692,-0.264486664534857,-0.000231250707055402,0.265667694331692,0.265667694331692,0.42524904449061,0.103598297377638,0.152291832597285,-0.114323338376118,0.123699681245962,-0.443531827515401,0.0161216029479497,0.044324905863371,-0.265923265923267,-0.0706014925502035,9,-0.492669951046195,-0.915463137443482,-0.899925127956468,0.487136144399888,-0.0720553732777727,0.696535111549865,0.880989002537876,-2.2632375049358,0.0645278794534422,1224.0000000001,0.126277328483105,0.112872283570812,1970.0000000001,0.355508600772839,0.481785929155945,0.0265744064406626,0.638660886360435,-0.368253167537992,0.433731072032864,0.341683940926157,-0.143602367380559,0.841675393440419,-0.175078639934611,1.00972246821171,-1.3842993483296,-2.99244676962695,0.811503239002832,0.992304929219608,0.173482237872133,3.36250840533552,0.121428129376515,-0.277526342387341,0.0546567570627019,0.0743357086063812,0.0894044210919436,0.808561647793943,1.23472279409972,-0.689178178675752,0.990455161626579,0.990455161626579,0.137051736598162,1.06316675953723e-11,-1.0113733320448,-0.901715812749028,-0.844104090516878,-0.88972288028606,0.475266492798553,0.0484367057977095,0,1970.0000000001,0.00696522009814914,0.0196091862425134,0.703504025316027,0.673759407363832,2298.40986622756,0.125,621,2,"SNETWORK (2 17 2298.40986622756 0.703504025316027 100000963 621)",100
41,100000964,-0.168742567157444,160,-0.886598059773572,-0.0928456434617663,0.315622755524543,0.310024668600395,0.31737100022456,0.973241377352814,0.977027510783787,0.0478615317033442,-0.306758849866918,0.816231911783808,0.567941719833638,0.402032911413726,0.816231911783808,0.816231911783808,0.50121996638955,-0.793907045997166,-0.920719807277809,-0.295089972767192,-0.974704752921454,-0.720739219712526,0,-0.434965034965035,-0.700859950859951,-0.168742567157444,10,-0.106207263415621,1.37864918853792,1.39478938018731,0.238108012073688,-0.170145858173684,-0.421840471695405,-0.303886885831776,-0.326098438882405,0.145757619953133,1466.0000000001,1.36653505704606,0.222039403157503,515.0000000001,0.73129536275452,2.09783041970058,0.0773035943079881,-0.451452569488104,-0.411149404350819,-0.338865096835918,-0.863672565893944,-0.814326849750381,-0.712951843893513,-0.657330565359488,-0.664721831586814,-0.878927566263346,-0.579643741203179,0.340490068610208,0.189894460961161,-0.91462331507248,0.275658429672311,-0.515199778992014,0.252695740991817,0.102215627178161,0.139017963839622,0.167198521564845,0.181420943459072,-0.753724998557726,0.798994775132452,0.19086866045068,0.19086866045068,0.0320252494690786,1.06316675953723e-11,-0.705098910174371,-0.565692728747233,0.330714037806164,-0.838090505315235,0.18843323456545,0.0252425675740818,0,1466.0000000001,0.050355867912937,0.026947726295051,0.485489946057358,1.5871008179994,2585.39523651612,0.0625,1366,2,"SNETWORK (2 41 2585.39523651612 0.485489946057358 100000964 1366)",100
12,100000965,0.345076158157153,237,0,-0.0695595240108285,-0.467885001197052,-0.45962963966976,-0.447550990366083,-0.62651119435097,-0.723912326668828,0.00704493602911489,0.0805511942567427,-1.08152048148577,-1.70662804618354,0.00179854456169128,-1.08152048148577,-1.08152048148577,-5.54545172742845,0.509149109430938,0.646556179411396,1.75931843595241,0.291985799787249,0.184804928131415,-0.778443113772456,0.103496503496504,0.51023751023751,0.345076158157153,7,-0.124668541834423,0.0293034732089975,0.0291706081252711,0.0775991812739764,0.344320400246644,-0.0320369077167146,0.0823316791147744,0.208219917894105,0.0708352672137102,3128.0000000001,0.354251187563281,0.0360032085511265,522.0000000001,0.0300473892958792,0.38429857675916,0.0179374378912086,0.285302803776274,2.45825726519068,-0.0926565867479217,0.571033656779026,0.971384978203413,-0.00906683322317734,0.994300416538429,0.136201664628304,0.661979443764835,0.775056234855839,-0.38215264750471,-0.348294272858686,0.182519495819524,-0.217801586252107,0.223123099423871,0.103212322371743,-0.751834212897418,-0.690544926566656,-0.641104661755909,-0.303785840908169,-1.15467610724733,-0.64939893533402,-0.285513782560785,-0.285513782560785,0.686024758493644,-21.1755033020565,1.01429528198732,1.13749046150838,2.15612387331699,0.604080344307572,-0.802424086291676,-0.383358600745712,0,3128.0000000001,0.0165349523092826,0.00140248548192605,0.337564513631692,0.820471857106922,2727.14947114439,0.0312499302740435,237,2,"SNETWORK (2 12 2727.14947114439 0.337564513631692 100000965 237)",100
29,100000966,-0.985414684891227,47,-0.790377993358492,-0.853832397374456,-0.959757100198023,-0.960709455694412,-0.961711264614227,0.434431200389076,0.361063185526549,1.58875471951748,0.119395437052536,0.882666815441141,-0.209907765037572,2.92940571137874,0.882666815441141,0.882666815441141,-0.0849019076506494,-0.350308343083815,-0.450005795018339,0.492401152902266,-0.559614766808576,0.388090349075976,-1.93862275449102,-1.29510489510489,0.10534398034398,-0.985414684891227,8,0.63823798100133,-0.114060958894396,-0.113335116593358,-0.542861324056281,-0.981417643880163,-0.370144244184558,0.121505142855419,0.302323460641749,1.48972443390031,1702.0000000001,4.05378080856013,0.0713660739883762,327.0000000001,0.0373107796944353,4.09109158815456,0.195838565165976,-0.0819465695497285,-0.0501733645716674,-0.334532744327589,-0.12979805203145,0.323486049644862,-0.329046381772351,0.339250026312382,-0.00421337517545483,0.343791910744663,0.418102222062723,-0.083883363697119,-0.104893590473993,0.0846528930960521,-0.109706861285939,-0.471792152073762,-0.752292666128179,-1.4058558810172,-1.37829262321507,-1.4081339961998,0.114345771322643,-0.759459359222884,0.970468958821557,0.118408581271176,0.118408581271176,-0.512187010148171,-0.128964023488905,0.200253932746352,0.271498311513517,0.477938309876864,0.117923433287444,-1.63294559681911,-0.858930415188681,0,1702.0000000001,0.194052516188801,0.00178604887717553,0.286481950464564,0.240304171214577,954.214255419305,0.25,842,2,"SNETWORK (2 29 954.214255419305 0.286481950464564 100000966 842)",100
17,100000967,-0.672340003996187,97,-0.254295665086778,0.276450920905401,-0.358045591966192,-0.357303355798844,-0.355675841278248,-0.095728228376298,-0.0871268081355786,0.231279376548143,1.1909283808801,0.687505839036938,-0.00359832853951694,-0.0581801581891596,0.687505839036938,0.687505839036938,0.492913574854784,-0.019655096249655,-0.0088512938349861,-0.424280629130728,0.0250549087673993,-0.596303901437372,0.141716566866268,0,-0.395577395577396,-0.672340003996187,9,1.25923132151311,0.307822578121119,0.307503284706983,-0.730385773025177,-0.669003460353851,0.101268415419045,1.19160058086143,-0.182701864571005,0.437601210295807,4266.0000000001,2.98466738660731,0.759372816025321,1129.0000000001,1.37070994173647,4.35537732824378,0.193573398898545,-0.896209642110745,-1.3112594739618,0.465165217924751,0.536761572263139,0.111728530456867,0.0441273278868738,0.108914743069568,0.745728325944892,0.230506960254977,0.602992371351668,-1.33462222240848,-1.4197590648875,-1.34564532808211,-0.454507088616855,-0.658232714974315,-1.30374704394875e-15,-1.4058558810172,-1.37829262321507,-1.40813399619979,-0.720422866002439,-0.788502042746417,0.198184793299138,-0.616682854150696,-0.616682854150696,-1.24287658382432,1.06316675953723e-11,1.11000307994115,0.942691186899489,0.140156167236655,1.1959204342465,0.741687124099431,0.309591535515325,0,4266.0000000001,0.132652619224526,0.0609207795740189,0.334391668446968,0.151945664522821,1683.79124063461,0.125,516,2,"SNETWORK (2 17 1683.79124063461 0.334391668446968 100000967 516)",100
41,100000968,0.287223674268102,224,-0.419244275461604,0,0.315622755524543,0.310024668600395,0.31737100022456,0.995560358692744,0.885019529688967,-0.447599282895603,-0.488179137377511,0.601256426339217,0.763038963848485,0.489193433601659,0.601256426339217,0.601256426339217,0.40593439767255,-0.6994328209257,-0.830143643184999,-0.281705845129691,-0.858048904719996,-0.720739219712526,0,-0.434965034965035,-0.700859950859951,0.287223674268102,10,-0.340277509966049,-0.114946617438551,-0.114213832434043,0.359310033957335,0.285270672866079,-0.230787591988198,-0.484896396457529,-0.139781972870851,0.125538702139392,569.0000000001,0.456820347606083,0.0800753559872838,692.0000000001,0.354372907178215,0.811193254684297,0.0388374886926739,0.322423271491976,0.149053604362687,0.30420845746438,-0.393806339623563,-1.06473022522486,-0.174161563473841,-1.11865291311964,-0.670704753247512,-1.0285923130058,-0.427386639349208,-0.380426208499993,-0.133384205319332,-1.16896082981521,-0.0407929572432188,0.562105955755759,0.451834062908154,0.102215627178161,0.139017963839622,0.167198521564845,0.143266329641967,-0.132634287440699,0.26124578257531,0.14937267640292,0.14937267640292,1.12708304284678,1.06316675953723e-11,0.475992960559372,0.460346027345525,0.0623271185399023,0.520327793471073,0.261092094500504,0.506219131016568,0,692.0000000001,0.0218711816634382,0.0169663069292357,0.695987322490495,0.641802572312837,2943.21840575755,0.0625,1430,2,"SNETWORK (2 41 2943.21840575755 0.695987322490495 100000968 1430)",100
3,100000969,-0.286133687732311,111,-0.226804037760009,-0.273941878615531,-0.467885001197052,-0.45962963966976,-0.447550990366083,-0.367334413548538,-0.428063657813407,0.558575203466841,0.772673567303891,-0.0342437115423252,-1.22648731944388,-0.132165656457514,-0.0342437115423252,-0.0342437115423252,-4.3974572363191,0.170431599911557,0.236925000669207,1.13798432075288,-0.0212959754259983,0.0739219712525668,-0.0898203592814364,1.0005994005994,0.837837837837838,-0.286133687732311,7,0.248574791972507,-0.84989450134329,-0.836227933107839,-0.233941478304827,-0.287442205140855,0.392028978198739,0.772781695928391,-1.50864808578232,0.344631528044715,1124.0000000001,0.619321776952654,0.100057228237365,2749.0000000001,0.439762549607297,1.05908432645995,0.057741458305025,-1.04157994589426,0.601030097842587,0.690740909234506,0.510577236556724,-0.286153779639492,0.591579545022928,-0.343477022285822,0.845411637918302,-2.54619406299458,-5.16694704411194,-0.357975368151442,-0.316176002662703,-0.935095913206403,-0.251912477597495,-0.183656619125852,-0.461007527196322,-0.882123386550059,-0.842693510577866,-0.812231708481411,-0.568902798573988,-0.30072940187771,0.253944849507399,-0.503632751968973,-0.503632751968973,1.95910637223805,-41.5976196837765,1.33745805601291,1.23833175890956,1.2302143568886,1.18170250062567,0.532983273401887,-0.0192878534040093,0,2749.0000000001,0.0337655289607651,0.0239759292442599,0.560605787407809,0.321398843196221,1998.83449686953,0.0624998605480869,112,2,"SNETWORK (2 3 1998.83449686953 0.560605787407809 100000969 112)",100
41,100000970,-0.302009203935198,137,-0.886598059773572,-0.0928456434617663,0.315622755524543,0.310024668600395,0.31737100022456,0.96929359301444,1.00128383494723,0.175671383824335,-0.288419976823172,0.800846918906636,0.556569625552822,0.390696352608827,0.800846918906636,0.800846918906636,0.501451274786761,-0.756833589495521,-0.873730918309988,-0.209206012754968,-0.943687432267711,-0.720739219712526,0,-0.434965034965035,-0.700859950859951,-0.302009203935198,10,0.308501327772127,-0.278944521057365,-0.276575316188945,-0.363722596753124,-0.299413336583213,0.255868959629484,-0.2856859578408,0.283656857255156,0.0407534672065054,19.0000000001,0.00495192104296614,0.0822675660275669,1369.0000000001,0.720257244886621,0.725209165829587,0.0357397560270814,0.649959437108612,0.175835586040016,0.446960086651641,0.213718345467649,-0.355750966102549,0.326882481419403,-0.385193634816154,-0.0753300252418814,0.038059792724797,0.0273548033022113,-0.864087937938864,-1.00616862878849,-1.33013356184886,-0.40426358006803,-0.658232714974315,-1.30374704394875e-15,0.102215627178161,0.139017963839617,0.167198521564845,-0.298436077039126,0.369413588502973,-1.58202733666075,-0.280828323215819,-0.280828323215819,3.39731052119907,1.06316675953723e-11,0.895258481556859,0.907675240098744,-0.0521826864669731,1.00718782915956,-0.180535770536348,0.211741463437862,0,1369.0000000001,0.000244040553036535,0.0354957153740449,0.412329299232869,2.68732846510541,2461.0299120922,0.0625,1343,2,"SNETWORK (2 41 2461.0299120922 0.412329299232869 100000970 1343)",100
3,100000971,-0.371172962835889,90,-0.226804037760009,-0.273941878615531,-0.467885001197052,-0.45962963966976,-0.447550990366083,-0.341342310377166,-0.415682729954575,0.577961682009429,0.827675067825861,-0.0531323329951711,-1.19923768708572,-0.100860973592393,-0.0531323329951711,-0.0531323329951711,-4.62440941227102,0.202428830863651,0.26199194942326,1.18907693645578,0.0096903634522368,0.637577002053388,-1.16766467065868,0.37272727272727,1.11578624078624,-0.371172962835889,7,0.448127985547052,1.75869053864051,1.78677875296992,-0.428976132757959,-0.370187758672945,-0.269825210103061,0.829305605192165,0.449970128350355,0.650955458614118,5775.0000000001,6.01032969865249,0.0551546318203478,275.0000000001,0.0242498869910408,6.03457958554353,0.208125635922569,1.07793697851907,0.703236159693701,-0.451246644563026,-0.49895031610064,-0.0617577345549737,-0.63489609838162,-0.045518463730814,0.22659618345223,0.194820618166211,0.41540692737947,-0.39697718070102,-0.554876239657284,0.273094600192432,-0.333042604852165,-0.183656619125852,-0.461007527196319,-0.897784372821835,-0.860982036160374,-0.83280147843515,-0.620357781895851,-0.456641079993114,0.572591617111282,-0.542924352774604,-0.542924352774604,0.311092887305708,-17.5750606551684,1.44193090344278,1.35194392327995,1.26338332582042,1.28811288913726,0.471514783135743,0.120188785478574,0,5775.0000000001,0.207289285409692,0.000836350412876738,0.473405778999916,0.4660329125353,1873.10074192504,0.0624998605480869,91,2,"SNETWORK (2 3 1873.10074192504 0.473405778999916 100000971 91)",100
43,100000972,-0.397470647618788,28,0.12371145778112,0.869954874556633,0.532114998802948,0.540517197237357,0.552449009633917,-0.319190763514125,-0.258413129389373,-0.682622746769557,-0.00183766695669199,-0.357966407809266,0.5269890940845,-1.23932974458879,-0.357966407809266,-0.357966407809266,0.390852467127143,0.625794994918096,0.428054346611755,0.0362447476630003,0.754477922542965,0,0.0419161676646709,0.81118881118881,0.429975429975429,-0.397470647618788,11,0.350902746451877,-0.00411816282710441,-0.00409774846824858,-0.371382302000977,-0.397353450031359,-0.796812480893485,0.000166628214001897,1.19527497874071,0.13407638679014,10.0000000001,1.32135880214161,0.0689893229312333,6.0000000001,0.40794498379329,1.7293037858349,0.0811929958460011,-0.123914573121016,0.775678833575793,-0.92005195907765,0.792712909608216,2.61620753203156,-0.922129421206729,2.69418783742715,-0.461667198627013,2.38929413332553,2.53447891942818,0.798039222863906,0.301192829206357,-0.893669359370938,0.458429109611202,-0.353148128111646,0.538992472803681,0.102215627178161,0.139017963839617,0.167198521564845,0.309399361276596,-1.44129569748072,0.267211830184087,0.335582156222387,0.335582156222387,-0.404138652350328,1.06316675953723e-11,-0.796220912820763,-0.699371986135858,-0.57121074559463,-0.720004564740956,-0.230017315334924,0.0163543054870433,0,10.0000000001,0.062039463787742,0.019153531958259,0.107624967461306,0.999659579247236,2954.56314065614,0.0312500660060792,1499,2,"SNETWORK (2 43 2954.56314065614 0.107624967461306 100000972 1499)",100
17,100000973,-0.24852472793777,171,0.152577399052067,0.406018494492994,0,0,0,-0.280939181047239,-0.283847563401805,0.0510238520334376,0.966436687421997,0.458876146341527,-0.174654481285185,-0.0277894131236184,0.458876146341527,0.458876146341527,0.447063412653229,0.0285811960860494,0.0668876733693766,-0.232356243519847,0.0507326365518311,-0.443531827515401,0.0161216029479497,0.044324905863371,-0.265923265923267,-0.24852472793777,9,-0.320427568492274,-2.42953716572877,-2.33521170111257,0.00560512165375964,-0.251274457779984,-0.633330049002617,0.966049312903659,0.302746637041409,0.0760437975742815,102.0000000001,0.0124011096170214,0.105230538682893,4447.0000000001,0.748178970837911,0.760580080354933,0.0549992596601033,-0.224414814640912,-0.21075553940328,-0.132384489943882,0.106881721681322,0.37632285469367,-0.131017670973859,0.593516517522717,0.568021108750571,0.821807638134375,1.89637869510601,0.546583320950094,0.430247514486262,-0.878462176299374,0.514665376207344,0.121428129376515,-0.277526342387342,0.102215627178165,0.139017963839622,0.16719852156485,-0.0952979982195286,-0.705609536433383,0.810531043834794,-0.0939654367885296,-0.0939654367885296,-0.128134452964734,1.06316675953723e-11,-0.641750932533826,-0.617247580777665,-0.139102285816982,-0.655211197560502,0.335580322923561,-0.0787438147704763,0,4447.0000000001,0.000896752174907496,0.0541025073851958,0.59710733488925,1.91869224775734,2121.24595821745,0.125,590,2,"SNETWORK (2 17 2121.24595821745 0.59710733488925 100000973 590)",100
17,100000974,-0.395089199056689,153,0.152577399052067,0.406018494492994,-0.358045591966192,-0.357303355798844,-0.355675841278248,-0.187078806357758,-0.183679615504094,0.138696155181472,1.06680611063949,0.605838390834612,-0.073933455167486,-0.0741143300788687,0.605838390834612,0.605838390834612,0.469651578899866,-0.0339926340946154,-0.00742279656731172,-0.33743932598961,-0.0089194786135751,-0.33264887063655,-0.333618477331052,-0.204195804195803,-0.181818181818182,-0.395089199056689,9,-0.127803362109564,-0.740457062215857,-0.729646067778012,0.0817981603258103,-0.395641859920437,-0.0124721812447131,1.0667244210612,0.408841335489584,0.211529137908088,1983.0000000001,0.670640053918175,0.0945543992891961,418.0000000001,0.0631909080872786,0.733830961905453,0.0392398658720706,0.106734747857036,0.210419882804601,-0.272106215460193,0.352469458550562,0.961577607197636,0.203711080184702,1.12679437243684,0.779998176792196,0.737845432765571,1.94308350877648,1.89810389652977,1.18770847869566,0.184593706090038,4.28166806872821,0.121428129376516,-0.277526342387342,-0.55084964904153,-0.525522347655943,-0.518932455606036,0.743267221238821,1.29191415189791,-0.615049677774813,0.895866109157391,0.895866109157391,0.0791537467215839,-0.00195083364379091,-1.12905202890115,-1.09160214668564,-1.15864049065619,-0.942623886790588,0.701582793581719,0.0649780165109749,0,1983.0000000001,0.0358608822234132,0.00337898354865741,0.530915244952214,1.86211769677667,2011.02778051321,0.125,572,2,"SNETWORK (2 17 2011.02778051321 0.530915244952214 100000974 572)",100
37,100000975,0.65001301523901,153,1.29896932353205,1.22104076566898,1.45807027539656,1.42805593959054,1.43873085382348,0.249320215165137,0.174667334237741,-0.447480699880185,0.475990514584544,-0.518895496577921,0.700248428926031,-1.01357298030873,-0.518895496577921,-0.518895496577921,-0.580215029776,-0.735247646114388,-0.801333390746444,-0.708358248412338,-0.825097120066717,1.28439425051335,-2.76197604790419,-0.927972027972028,1.1480343980344,0.65001301523901,12,0.288458749488092,1.02118653378944,1.02892132801817,-0.23502407788605,0.646290927134818,-0.447788925633356,0.476797209693691,0.304938200552919,0.0615840260285872,285.0000000001,0.112245773972798,0.0910487755603442,509.0000000001,0.296380040886963,0.408625814759761,0.0160272703421088,-1.24099762258281,-1.7378789207812,-0.83057178427887,-0.052552247054721,1.28973042207309,-0.667735376750169,1.1102925319872,0.0321845476905833,1.05597505590357,1.772059513148,0.0781631732616014,0.0543779685152051,-1.06126905320365,0.000464227736059804,0.528207847926239,1.07109749798066,2.73545884887522,2.66107760975804,2.80263534459278,-0.107984565229572,0.157327051970923,0.265082391825445,-0.106161929858051,-0.106161929858051,0.220313589594152,-0.271584626015769,0.657283682365022,0.802308807597612,1.00412216540685,0.491366375899088,-0.609620180578667,0.194919338048918,0,509.0000000001,0.00440254454528744,0.0116247256968214,0.90836542035376,2.29039212065982,5153.8072441432,0.0312499339939208,1201,2,"SNETWORK (2 37 5153.8072441432 0.90836542035376 100000975 1201)",100
37,100000976,0.439742978108934,105,1.29896932353205,1.22104076566898,1.45807027539656,1.42805593959054,1.43873085382348,0.153540865375322,0.0781681664988733,-0.494660257174352,0.585843841396718,-0.434543514702731,0.659177304491827,-1.0289750947645,-0.434543514702731,-0.434543514702731,-0.557938437431534,-0.618986188964999,-0.669503114943156,-0.524822073787369,-0.71212451334414,0.665297741273101,-1.69993346640053,-0.507226107226108,0.644007644007643,0.439742978108934,12,-0.512599517141482,-0.812516562594195,-0.799862845393813,0.541164666765761,0.435402198032763,-0.53930727517183,0.588368747483612,-0.175322026020657,0.0609957422779312,93.0000000001,0.0362776821765433,0.114735927436356,425.0000000001,0.311849765781062,0.348127447857606,0.0188545754660373,-0.359645184541642,-1.28138049695359,-0.454249806025737,3.79192826991652e-05,0.732623748660401,-0.378993092763503,0.869197733563327,0.26036881954587,0.918530874167486,1.66815645677494,-0.349576935558177,-0.409179657493869,0.145295871049336,-0.245925346553039,0.528207847926239,1.07109749798066,2.19258446122348,2.15155944355969,2.28302402457116,-0.331288598972023,-0.00539537188877398,-0.387931501412078,-0.309417407421364,-0.309417407421364,0.848828695371731,-8.00176179137389,0.905950540922024,1.08876212088936,1.39269985124513,0.66984396996524,-0.593761384251038,-0.781884377011312,0,425.0000000001,0.00196479851049717,0.0168897768555402,0.615149175689126,0.212770354002714,4856.15848397427,0.0312499339939208,1153,2,"SNETWORK (2 37 4856.15848397427 0.615149175689126 100000976 1153)",100
29,100000977,-0.927462277649335,62,-0.790377993358492,-0.853832397374456,-0.959757100198023,-0.960709455694412,-0.961711264614227,0.473056152350961,0.423723614421461,1.68234063338099,-0.00208863587056354,0.975969022981957,-0.141277912934922,2.73701811878182,0.975969022981957,0.975969022981957,-0.0915956363199994,-0.507640186384795,-0.578801595330765,0.299919747162097,-0.722729432090965,1.05602816075095,-3.18648417450813,-1.88851148851148,0.604422604422604,-0.927462277649335,8,1.05524505485984,0.932476689722656,0.938565781008442,-0.671909080395289,-0.922739455055384,-0.268035637775504,0.0889892679366602,0.536219122892721,0.344664976957561,3548.0000000001,1.95512951343568,0.388070901334945,144.0000000001,0.0893446058829079,2.04447411921859,0.0814425787881301,0.50794182764755,0.48024113118564,-0.164754957444453,-0.287098120370103,-0.179203723206659,-0.454601804248042,-0.156044838280794,-0.100385038299005,0.0270984820161664,0.209330671193695,0.32204574652209,0.196874336742268,-0.50269264673635,0.0924263354987916,-0.471792152073761,-0.752292666128179,-1.4058558810172,-1.37829262321506,-1.40813399619979,-0.0878149664336387,0.0420189510663368,0.32268397742368,-0.0867375014981144,-0.0867375014981144,0.00302115735978705,-0.746007568374061,0.121624115418136,0.00605832927874969,0.662732892257435,-0.0711603320373511,-0.294781739140298,-0.274288700933151,0,3548.0000000001,0.0778834947071739,0.00355908398095617,0.374726859377971,1.32726018002722,1036.08036893183,0.25,857,2,"SNETWORK (2 29 1036.08036893183 0.374726859377971 100000977 857)",100
37,100000978,0.0814185503627964,34,1.29896932353205,1.22104076566898,1.50580654500643,1.48232234240258,1.49987706507974,0.0837879173023223,0.0154984513779521,-0.489177669239481,0.698001244261543,-0.311055714447847,0.603178083118759,-1.08349714152719,-0.311055714447847,-0.311055714447847,-0.509266548069397,-0.527201025803824,-0.564943358044843,-0.420218615791322,-0.615558316194379,0.170020533880904,-0.850299401197607,-0.17062937062937,0.240786240786241,0.0814185503627964,12,-0.210812117941625,-0.284898475899594,-0.282456645360154,0.146176435069688,0.0828805096338,0.706858081943391,0.698243844180755,-0.476682029359227,1.11865655701079,575.0000000001,4.11359639935636,8.38289995428329,112.0000000001,6.0043965628349,10.1179929620913,0.499159148335342,-0.229035108839455,-0.253242050796421,-0.0700847857121317,0.670891395787666,1.15549802595679,0.674492106476669,1.24985927539081,0.849642424248143,1.2168482716215,2.37633900871137,0.00449373417316138,-0.191052829956409,0.260764140859078,-0.0288130681514452,0.528207847926239,1.07109749798066,2.45049143062517,2.4151438246421,2.55283323355612,0.558054599704028,-1.29105426175973,1.03142113968775,0.642738328196269,0.642738328196269,1.1751511928475,-2.31609326462411,0.301956163043013,0.404476609695974,0.80127923404433,0.151199386859484,0.406569508865594,0.509958312398499,0,575.0000000001,0.202939385562951,0.296219762672391,0.195327275421323,0.138000223700426,4429.99018538837,0.0312499339939208,1082,2,"SNETWORK (2 37 4429.99018538837 0.195327275421323 100000978 1082)",100
29,100000979,-0.793500940492613,91,-0.790377993358492,-0.853832397374456,-0.715996162004961,-0.715344983900652,-0.711097017555422,0.53881535823627,0.499589663053013,1.7574872720078,-0.0201901467487809,0.964520873933825,-0.164901194499505,2.81647123701226,0.964520873933825,0.964520873933825,0.033455226047615,-0.572549555961943,-0.675196237136329,0.181325300598694,-0.782850420735223,1.05602816075095,-3.18648417450813,-1.88851148851148,0.604422604422604,-0.793500940492613,8,-0.0752700139063816,1.53514865036766,1.55584118745338,0.218328474922044,-0.792471843581223,-0.16254477414853,-0.0178412824793072,-0.533674536580292,0.664742741214657,2840.0000000001,3.01832992338116,0.750608262661616,84.0000000001,0.100806234587445,3.11913615786861,0.11184491661754,5.47054788008904,0.715502706835496,-0.431625783081152,-0.0252618261341838,0.563415723118414,-0.483922776619071,0.444207622323981,-0.208021301521034,0.336185610774228,0.347247288672407,0.752312588521088,0.507318193914976,0.0605818886870088,0.769354779716905,-0.471792152073761,-0.752292666128179,-0.897784372821835,-0.860982036160378,-0.83280147843515,-0.147716466937332,-0.0586698255660148,0.706954075358339,-0.14389463176666,-0.14389463176666,0.359287480177852,-0.809393630465148,0.242866292157258,0.282868930200601,0.0618553988755764,0.265111243554306,-0.398588765699232,-0.575302360619196,0,2840.0000000001,0.108230241072028,0.00361467544551233,0.554966885587103,1.35184179938639,1203.29172000949,0.25,886,2,"SNETWORK (2 29 1203.29172000949 0.554966885587103 100000979 886)",100
41,100000980,-0.568942013527817,83,-0.886598059773572,-0.0928456434617663,0.315622755524543,0.310024668600395,0.31737100022456,0.983966018506157,1.13394079214103,0.63580192468112,-0.180132937931306,0.587153848419459,0.526488615953795,0.311424359719726,0.587153848419459,0.587153848419459,0.528961873073482,-0.516055499442256,-0.648460230561065,0.0298082822175764,-0.683890991186762,-0.720739219712526,0,-0.434965034965035,-0.700859950859951,-0.568942013527817,10,-0.535264621359056,0.459286712143285,0.459668988597953,0.815784645061982,-0.569572458903428,-0.306071003437168,-0.177636985733307,-1.08461064070802,0.0688200039685291,594.0000000001,0.261430755028107,0.0977776429824509,1278.0000000001,0.799145681210691,1.0605764361388,0.0458999903317927,-0.190493422982505,-0.164538467088449,0.370387962586044,-0.0970839579522047,-0.726557205523857,-0.388557276634286,-0.689635792485189,-0.315158730763978,-0.183264134895744,-0.135061257326576,-0.184499715701319,-0.0991277266477157,0.131377075770467,-0.14243350992744,-0.658232714974314,-1.30374704394875e-15,0.102215627178161,0.139017963839613,0.167198521564845,-0.221363557753257,-0.262070752524267,-0.0852513537768882,-0.212010285800241,-0.212010285800241,1.96091046863853,1.06316675953723e-11,0.12198967434845,0.159221835035856,-0.00552554281324486,0.149000042005119,0.365593326289869,0.458815584250332,0.0117365411269543,1278.0000000001,0.0113142897482321,0.0345857004835606,0.229881027175576,0.954188977368176,2150.88723935964,0.0625,1289,2,"SNETWORK (2 41 2150.88723935964 0.229881027175576 100000980 1289)",100
43,100000981,-0.274621334154389,52,0.12371145778112,0.869954874556633,0.532114998802948,0.540517197237357,0.552449009633917,-0.352661662022879,-0.330964439595779,-0.782419693634532,-0.0888195616661615,-0.4827339519778,0.54843709795727,-1.17051969363013,-0.4827339519778,-0.4827339519778,0.403390489045228,0.69373288130497,0.485463993068666,0.0807581545631237,0.831977812673386,0,0.0419161676646709,0.81118881118881,0.429975429975429,-0.274621334154389,11,0.866680587233026,0.495191949661551,0.495821953372067,-0.609002595238349,-0.273430524440227,0.322335193046092,-0.0863413118842861,0.146459766283777,0.139849171142442,1e-10,1e-10,0.0885762799466853,7.0000000001,0.611060119945013,0.611060119945013,0.0262795930728623,-0.233919698623165,0.19480327644563,-0.14416357187297,-0.454738632370731,-0.473242494119226,0.181828008376137,-0.446294309766327,0.0831582261804647,-0.547670536149703,-0.509893686456701,0.612790951868551,0.532492533344404,0.150949319794694,0.468107554532691,-0.353148128111645,0.538992472803681,0.614916290637796,0.66022560706522,0.700856981960881,-0.144952808371711,-1.28003901353652,-0.245754649436339,-0.141292637881875,-0.141292637881875,0.0300753162011661,1.06316675953723e-11,-0.791579978005904,-0.759474626024348,-0.166043450410203,-0.812801716521819,-0.771302356260524,-1.11545231352682,3.67425772973427e-14,7.0000000001,0,0.0262795929728623,0.206964472960851,1.11980258487165,3099.46658389198,0.0312500660060792,1523,2,"SNETWORK (2 43 3099.46658389198 0.206964472960851 100000981 1523)",100
37,100000982,0.0742742046764978,32,1.29896932353205,1.22104076566898,1.50580654500643,1.48232234240258,1.49987706507974,0.0850612856484819,0.016465509311097,-0.489177669239481,0.698743567976669,-0.309640733966308,0.601699526270562,-1.08058675379985,-0.309640733966308,-0.309640733966308,-0.510458885114328,-0.525653882770866,-0.563121969559386,-0.417356988033487,-0.614131991247697,0.170020533880904,-0.850299401197607,-0.17062937062937,0.240786240786241,0.0742742046764978,12,-0.287785279288285,-0.290442544305072,-0.28793224969156,0.25280462107296,0.0736934717105363,0.128327047848446,0.699064167695841,-0.966427611641824,0.150538956417178,512.0000000001,0.492919414245489,0.126496554466454,264.0000000001,0.213569723267489,0.706489137412979,0.034887923303495,-0.257236255141798,-0.35905792076667,0.663419095193452,-0.101079087263761,-1.19740531455588,0.219304866416218,-1.29771158004855,0.63043021791365,-1.27769267250041,-2.49049816587921,-0.0470834423875198,-0.189558512501356,0.156656618751085,-0.0059899445458868,0.528207847926239,1.07109749798066,2.42455056876992,2.38863191597705,2.52569521772899,0.510619615236729,-0.899591359404112,1.04005726350068,0.58135660448051,0.58135660448051,1.06930147680414,-2.72500546320476,0.358676077458521,0.488004019515916,1.03317213072006,0.157300380005035,0.408137270815013,0.329559354473389,0,512.0000000001,0.0243413999706003,0.0105465232328947,0.183470560240668,0.0138759829806852,4417.95423363804,0.0312499339939208,1080,2,"SNETWORK (2 37 4417.95423363804 0.183470560240668 100000982 1080)",100
13,100000983,0.675615404256577,287,0,-0.0695595240108285,-0.467885001197052,-0.45962963966976,-0.447550990366083,-0.855223727064647,-1.00928191095207,-0.444582124996811,-0.190189836817291,-1.18540099195665,-1.74541383622803,-0.298061304279112,-1.18540099195665,-1.18540099195665,-2.90151780643232,0.412513688039352,0.636182101998143,1.55166086232704,0.208170320376318,0.184804928131415,-0.778443113772456,0.103496503496504,0.51023751023751,0.675615404256577,7,-0.679285671949169,-0.0879136638676097,-0.0873836877260308,1.03549153693354,0.672148915357343,0.669825083672132,-0.1876814249502,-0.622442805405682,0.105077106841361,2410.0000000001,0.404874274873034,0.0831910184895971,1857.0000000001,0.246992279957215,0.65186655473025,0.0310610772029842,-0.519334003280888,-0.378897139802175,0.641013486078399,0.45532646809062,-0.296889316081246,0.594867432656917,-0.310728786070907,0.176022246790126,-0.401442078916502,-0.300968281816847,0.9037899975832,0.523567359204829,0.0259193210723416,0.663786579035475,0.223123099423871,0.103212322371745,0.000480866141918987,0.0349290148369488,0.115671933158067,0.016047288039017,0.656726033142296,0.291476102547314,0.0162377546916695,0.0162377546916695,-0.0128042535491147,-2.06163782622847,-0.407844064462881,-0.217864970647891,0.421458205496949,-0.534446339754897,0.503491090886511,0.738371423696943,0,2410.0000000001,0.0192920329727198,0.0117690441302644,0.112636815027993,1.23964048494204,3005.20346110533,0.0156249651370217,287,2,"SNETWORK (2 13 3005.20346110533 0.112636815027993 100000983 287)",100
41,100000984,0.16576495233437,210,-0.419244275461604,0,0.315622755524543,0.310024668600395,0.31737100022456,1.01728387277676,0.92478059883887,-0.36340863344113,-0.468580884181626,0.691113825689877,0.753217787387925,0.146200719313041,0.691113825689877,0.691113825689877,0.427416626692084,-0.703302215554941,-0.831003487478748,-0.390175850404547,-0.843070426071445,-0.720739219712526,0,-0.434965034965035,-0.700859950859951,0.16576495233437,10,-0.494672713148814,-0.241930240178193,-0.239991658571685,0.60649902880345,0.167720204043428,0.801574846635692,-0.46492513793951,-0.406190427743293,0.141486860484218,1769.0000000001,1.60066143632128,0.0745174167201702,265.0000000001,0.126287162081491,1.72694859830277,0.0845534066751641,0.497413828967016,0.891733721029459,0.398559214752356,0.718870461564798,0.477126686524778,0.727944873525131,0.511875672619804,-0.181079157303947,0.387182832238187,0.178464799878567,-0.75514237440335,-0.379992553454451,-0.0622849442865793,-0.193144059713754,-0.326746743588083,0.536478304623855,0.102215627178161,0.139017963839613,0.167198521564845,0.393987800206036,0.114706899026062,-1.52969047440684,0.436092784290208,0.436092784290208,-2.78571007188664,1.06316675953723e-11,-0.0193226120207688,0.00539579630601881,-0.300748051545208,0.0655489923689038,0.712728357395856,0.328622598446716,0,1769.0000000001,0.0783702406353341,0.00618316593983005,0.650965074338726,0.309134636772797,2866.68536865741,0.0625,1416,2,"SNETWORK (2 41 2866.68536865741 0.650965074338726 100000984 1416)",100
12,100000985,0.498685646995893,263,0,-0.0695595240108285,-0.467885001197052,-0.45962963966976,-0.447550990366083,-0.696267974562102,-0.81634008063378,-0.0966593239961108,0.0232244516291435,-1.25054143740316,-1.73584878685296,-0.0819670289108813,-1.25054143740316,-1.25054143740316,-5.46890655411892,0.506735667970057,0.656081172300625,1.72940088010182,0.294418358417188,0.184804928131415,-0.778443113772456,0.103496503496504,0.51023751023751,0.498685646995893,7,-0.641874863238971,0.521879585122271,0.522713762520594,1.068602263385,0.496062372873253,0.239460638761809,0.0251819715812188,-0.543456326702655,0.468627503106876,2411.0000000001,1.80642534442401,0.0355443267461657,828.0000000001,0.0470539041440395,1.85347924846805,0.0793394753743859,0.0219074707971361,0.00796132784574788,1.24173667917381,-0.0630627775145138,-2.02017851224371,0.108230939887456,-1.89674478130274,0.148828539122546,-2.0511455473464,-2.17978194496657,1.19867353806267,0.987594790282993,0.0692734058427395,2.55305278972734,0.223123099423871,0.103212322371746,-0.562383336645466,-0.507854488978701,-0.450530884628106,0.392490404557145,-0.659917623827469,0.064708347569129,0.434278777303775,0.434278777303775,0.0586536989195001,-0.240748070902117,-0.838726472953412,-0.798531790456725,-0.314690220968343,-0.828528579136512,0.23618995711416,0.367131673141521,0,2411.0000000001,0.0773253000092717,0.00201417526511421,0.853537777554511,0.769547784942225,2871.97977853786,0.0312499302740435,263,2,"SNETWORK (2 12 2871.97977853786 0.853537777554511 100000985 263)",100
36,100000986,0.828032957497603,190,1.29896932353205,1.22104076566898,1.45807027539656,1.42805593959054,1.43873085382348,0.430503605547927,0.378269817802965,-0.228027674252365,-0.048575335652024,-0.328647239786095,0.854843255053628,-1.68688258676047,-0.328647239786095,-0.328647239786095,-0.609577006607281,-0.567153023271415,-0.685212237928926,-0.950809185288739,-0.568793500329976,0,0.0419161676646709,0.81118881118881,0.42997542997543,0.828032957497603,12,-0.0158387318776727,-0.06349124790731,-0.063128342969772,-0.0592436807440662,0.826719044987872,-0.000296537996473784,-0.0459705377190482,0.530800057424848,0.277274538944824,125.0000000001,0.221654762360648,0.0738332102687485,1225.0000000001,0.578422132214057,0.800076894474705,0.0379595217496235,-0.41007442103746,0.323963698252028,-0.0590488617158977,0.0136242535437234,0.115891139431206,0.0439713356454828,0.120232746315138,0.052151494784268,0.119025956076115,0.121359962092209,1.3768355896898,0.567687851181931,-0.529619691893576,0.676008429250286,0.562155018052169,1.09406785611502,2.19258446122347,2.15155944355969,2.28302402457116,0.0904515026551195,-0.685752451413088,-2.21220127286104,0.0931396833811271,0.0931396833811271,-0.537939234740277,-0.295848033767787,-1.01008854833618,-0.950793583764578,-1.06028998310703,-0.836089582287459,-0.267304746644469,-1.2982288516107,0,1225.0000000001,0.0105163751208577,0.0274431465287659,0.628574538572424,2.04319350665901,5367.18665064206,0.0156249669969604,1038,2,"SNETWORK (2 36 5367.18665064206 0.628574538572424 100000986 1038)",100
34,100000987,1.27824544476752,256,1.95876350285277,1.6240746339498,1.11742223327512,1.09970853501445,1.1005013034785,0.652472830320478,0.49763209215024,-0.307529259616304,-0.656406926439651,-0.642792291042061,0.597685262444875,1.62385943746937,-0.642792291042061,-0.642792291042061,-0.880082591168154,-0.651480961958922,-0.735642915613367,-0.692238454313128,-0.722442707997919,-1.3305954825462,1.62674650698603,0.565034965034965,-1.23832923832924,1.27824544476752,12,-0.790821236800479,-0.147140457920575,-0.146141557551397,1.22043259817358,1.27705667174174,0.960405195035368,-0.652669142716688,0.381704130561339,0.0509341879996017,166.0000000001,0.054072261887581,0.0299401997115245,921.0000000001,0.176348343198954,0.230420604986535,0.01109462689324,-0.503604006870278,-1.23729545146203,1.46555427114527,0.605572276222465,-1.38970029106748,0.806140333956056,-1.46828775271732,-0.692864501245687,-0.643300599007069,-0.135642198945258,-0.1674110401591,0.155267008198089,-0.0710404017657764,-0.160411784069392,0.596004386864676,1.11697181886013,1.92581220768354,1.88480415260445,1.98927480001292,-0.18457215707828,0.0209865615364345,0.49794210005507,-0.178275144323457,-0.178275144323457,1.33543840591389,1.06316675953723e-11,-1.29360510046695,-1.13666502402844,-0.285985734619234,-1.33366508452762,0.291195068392883,0.0118959608362703,0.0221420213170971,921.0000000001,0.00260354999369519,0.00849107679954478,0.131521866039878,1.94098225049675,5741.62201315725,0.00781248349848019,971,2,"SNETWORK (2 34 5741.62201315725 0.131521866039878 100000987 971)",100
17,100000988,0.00590526796973819,212,0.152577399052067,0.406018494492994,0,0,0,-0.387612031647831,-0.420521995502879,-0.0710200952634985,0.855142557146453,0.191953577084425,-0.287199043364528,0.00111798650517665,0.191953577084425,0.191953577084425,0.418637214927761,0.119293201938348,0.168175347305745,-0.0887607064786885,0.138806821191967,-0.443531827515401,0.0161216029479497,0.044324905863371,-0.265923265923267,0.00590526796973819,9,-0.402672221800496,0.0233291099250837,0.0232215626155046,0.484917873703771,0.00681596322234381,1.34798863190557,0.855031191896893,-0.920368737352509,0.128469943308594,1807.0000000001,0.371155806660907,0.402375840310981,2872.0000000001,1.84762107210744,2.21877687866835,0.103672137841519,0.546570699423371,0.433040784473921,0.637235374443855,1.26023485582727,0.934402140930883,0.99045660481342,0.957434982255483,1.06644749409323,0.964623253072995,2.08761218568931,-0.17756148669132,-0.120846354459768,0.171374675539184,0.282804723306202,0.121428129376515,-0.277526342387344,0.102215627178161,0.139017963839617,0.167198521564845,0.858048221312178,-1.56305982816586,0.66144858973128,1.06409106525306,1.06409106525306,-0.796297885889346,1.06316675953723e-11,-0.50321826880468,-0.369508558982938,0.0271638008131835,-0.543650709618572,-1.17648602579528,1.57318257386618,7.88226165879577e-13,2872.0000000001,0.0173422196134363,0.0863299181280832,0.738694985723878,0.485610236413777,2357.00725349098,0.125,631,2,"SNETWORK (2 17 2357.00725349098 0.738694985723878 100000988 631)",100
29,100000989,-1.04703678623971,34,-0.790377993358492,-0.853832397374456,-0.959757100198023,-0.960709455694412,-0.961711264614227,0.423853347899165,0.353012118675548,1.58629028310682,0.126023435356228,0.868312547727636,-0.219398082962766,2.93680234174328,0.868312547727636,0.868312547727636,-0.0969214687874674,-0.331114218708626,-0.432424661744142,0.50667819877938,-0.538030376993316,0.388090349075976,-1.93862275449102,-1.29510489510489,0.10534398034398,-1.04703678623971,8,0.75495866831392,-0.545517253701847,-0.538974002764485,-0.561897382234872,-1.04668397326862,-0.837338305976697,0.127693759961879,0.706688563981473,5.42269662448477,1727.0000000001,14.9727788993531,0.0972369582533464,411.0000000001,0.0638951586186508,15.0366740578717,0.776774633294967,0.364970573924363,0.323028562705906,-0.74771059295309,-0.881357714100592,-0.189686255224399,-0.881984849469343,-0.215848546130386,-0.330296296462503,-0.0857660066786746,-0.104371948841907,0.210474681296502,-0.021631551208375,-0.976789926829576,-0.0135976524144063,-0.471792152073761,-0.752292666128179,-1.4058558810172,-1.37829262321507,-1.40813399619979,-0.142165963732287,-0.5214250764294,0.878326945003931,-0.13866540998576,-0.13866540998576,0.486105194642387,1.06316675953723e-11,-0.0545260130066598,-0.242174804614565,-0.00758090193430475,-0.0438303599167932,-0.190927014419568,0.487040610730553,0,1727.0000000001,0.773473894073365,0.00330073912160161,0.208774697963584,1.57986483722925,882.124082373359,0.25,829,2,"SNETWORK (2 29 882.124082373359 0.208774697963584 100000989 829)",100
41,100000990,0.409477019933645,240,0.680412427894334,0.334368660703197,0.315622755524543,0.310024668600395,0.31737100022456,1.05121555778024,0.912552311339387,-0.517471391657536,-0.54537737182632,0.636733919316339,0.960327392170619,0.569368697676829,0.636733919316339,0.636733919316339,0.366192508175461,-0.779339360280553,-0.8969961506647,-0.416582460349163,-0.934098049195625,-0.720739219712526,0,-0.434965034965035,-0.700859950859951,0.409477019933645,10,-0.199966658294483,-0.806221097380527,-0.793734130486277,0.0628167136293662,0.407939587910392,-0.343959134535467,-0.540343631107753,0.719592990477167,0.170642941086804,1140.0000000001,1.2440811739057,0.120868830488597,613.0000000001,0.47383848768606,1.71791966149176,0.0929386976658314,-0.461173721965566,-0.00811245970547393,-0.422965439454679,0.044380554794999,0.734920506724953,-0.134741472616539,0.870959778004769,-0.781324366429361,0.365729358970007,0.135011370089546,0.368040595577093,0.873080376938486,0.0052029542588574,1.4495018695717,0.562105955755759,0.451834062908154,0.102215627178161,0.139017963839613,0.167198521564845,-0.262810539469748,0.00802183296441545,-0.0540670112605573,-0.24932612428013,-0.24932612428013,-0.0730976501447134,-0.123636475823202,-0.504187666245285,-0.465830926433088,0.0742325764638584,-0.556083278418108,0.264928050917795,-0.293240524594136,0.00633092139618399,1140.0000000001,0.0673042439400228,0.0256344536258085,0.748148686868387,0.0598721736459993,3031.8871817296,0.0625,1446,2,"SNETWORK (2 41 3031.8871817296 0.748148686868387 100000990 1446)",100
37,100000991,0.125180998812202,41,1.29896932353205,1.22104076566898,1.45807027539656,1.42805593959054,1.43873085382348,0.0930418329635458,0.0216958305057859,-0.502311055548213,0.688261836170214,-0.316882445085265,0.610395838604455,-1.09007643104659,-0.316882445085265,-0.316882445085265,-0.514350775482955,-0.536180876428101,-0.576683390052194,-0.443657090155434,-0.622586984722953,0.170020533880904,-0.850299401197607,-0.17062937062937,0.240786240786241,0.125180998812202,12,0.712211203549734,-0.142607133683056,-0.141647326352533,-0.577325605233351,0.123217166196208,-0.412631817532815,0.688493454753277,0.333437181752827,0.325317114806223,1170.0000000001,2.43416400183874,0.600043698872788,150.0000000001,0.575613804172721,3.00977780591146,0.144803392500903,0.643510726750527,1.63226840277906,-0.280989334306382,-0.36710468069547,-0.119789129579372,-0.372319254207422,-0.126885066578066,0.313970841437052,-0.14397904660256,-0.273959044542513,0.106702566872828,0.289198786125909,-1.00928522529562,0.711964977534191,0.528207847926239,1.07109749798066,2.19258446122347,2.15155944355969,2.28302402457116,0.788027590601866,1.42119209312382,-0.892483955345559,0.960396797730957,0.960396797730957,-0.496955885638845,-0.394215636799073,-0.757458743700342,-0.564917944077577,-0.724927755012865,-0.640415675256371,-0.315621941018209,-0.980931733190051,0,1170.0000000001,0.117110041954375,0.027693350446528,0.24014440553278,0.025025475177103,4475.48481078766,0.0312499339939208,1089,2,"SNETWORK (2 37 4475.48481078766 0.24014440553278 100000991 1089)",100
41,100000992,-0.620641207224124,69,-0.886598059773572,-0.0928456434617663,0.315622755524543,0.310024668600395,0.31737100022456,1.001345114161,1.18621650920771,0.845258887897947,-0.120012276310727,0.470062022413897,0.494025852375552,0.393173710559229,0.470062022413897,0.470062022413897,0.556413534476164,-0.418590955302388,-0.557543965417017,0.0973630482204244,-0.573383610471249,-0.720739219712526,0,-0.434965034965035,-0.700859950859951,-0.620641207224124,10,0.14057248414812,3.95506600577543,4.10588783479829,0.275883074994156,-0.622574676668138,-1.02291879533968,-0.117708130702869,0.461759424253161,0.0504964334406444,59.0000000001,0.0190532145288318,0.0962688555823602,3654.0000000001,2.2496237636588,2.26867697808764,0.053506989878666,-0.356549234092431,-0.748655781506424,-0.967704795173479,-0.960429375958312,0.0278823831107896,-1.83021174857999,0.0169648133607033,-1.35427813170073,-0.0988185997206592,-0.0889252407838451,-0.0899266947735078,-0.129073411987223,-0.878170271789576,-0.147964853740128,-0.658232714974315,-1.30374704394875e-15,0.102215627178165,0.139017963839617,0.16719852156485,-0.346264223661759,0.00425636925852662,-0.139146518170959,-0.322304676304608,-0.322304676304608,0.308234163215972,1.06316675953723e-11,0.218229327840086,0.186235639919613,-0.263327589042541,0.316686093183431,-0.459244700526407,-0.279525145485059,0,3654.0000000001,0.000449372105234009,0.053057617673432,0.183874087533357,0.575390997342765,2072.68033137422,0.0625,1275,2,"SNETWORK (2 41 2072.68033137422 0.183874087533357 100000992 1275)",100
43,100000993,-0.378416636488663,32,0.12371145778112,0.869954874556633,0.532114998802948,0.540517197237357,0.552449009633917,-0.3210542264757,-0.262569715565815,-0.70700119994425,-0.0083054080021287,-0.379262426084104,0.541035922091565,-1.24377146390986,-0.379262426084104,-0.379262426084104,0.388218958075297,0.638049022232081,0.437854180242939,0.0471587382701994,0.767928192187351,0,0.0419161676646709,0.81118881118881,0.429975429975429,-0.378416636488663,11,0.436720482327872,-0.156550219054058,-0.155468475581196,-0.437992853348229,-0.379470022524155,-0.64373134910335,-0.00445523129654846,0.625861475009417,1.07303468371497,10.0000000001,10.5750450105787,0.0553058181958033,2.0000000001,0.109010738454536,10.6840557489333,0.515285604761385,-0.126936352201577,0.390065211985387,-0.807311859167956,-0.738084191054482,0.119916476126689,-0.6663603693035,0.126389874559822,-0.303798186756205,0.0512887895395039,0.0589932843947757,0.23702921106773,0.200635362182463,-0.989385846402052,0.325671231103821,-0.353148128111646,0.538992472803681,0.102215627178161,0.139017963839617,0.167198521564845,0.249330894409601,-1.4425257805816,0.250689679173983,0.266580750961002,0.266580750961002,-0.69267304539983,1.06316675953723e-11,-0.593044372674297,-0.540936940223073,-0.530321810945672,-0.507354885533308,-0.0737332994012287,0.0342130871266281,0,10.0000000001,0.510028082092417,0.00525752256896781,0.123287178058117,0.836416158770811,2977.40911953182,0.0312500660060792,1503,2,"SNETWORK (2 43 2977.40911953182 0.123287178058117 100000993 1503)",100
29,100000994,-1.15053410467456,7,-0.790377993358492,-0.853832397374456,-1.31184600508887,-1.30651564302517,-1.32383268064034,0.405799093039835,0.364650172451176,1.5458160420576,0.259339331893538,0.573108023021275,-0.150131655448225,2.06252374519646,0.573108023021275,0.573108023021275,-0.236499201006136,-0.33486869084875,-0.475938948829588,0.0812614850604489,-0.464885812236948,0.279260780287474,-1.27411842980705,-0.441958041958041,0.405132405132405,-1.15053410467456,8,0.877549177705474,10.9253477621955,11.8665391102193,0.333662736676744,-1.13952592854145,-0.890522912861706,0.260821409237386,0.848314863461876,0.0529076751290055,5764.0000000001,0.487570493312966,0.100835828677775,45725.0000000001,7.37162698312475,7.85919747633772,0.0564732479741322,1.08547605922708,0.733826612080117,-0.847447380186084,-0.680321487204688,0.262147317357665,-2.24087893140782,0.0458681326245915,-1.72652308239802,0.0450995061688043,0.0625122670650326,-1.54477035370068,-1.29057338683255,0.105075442589574,-0.479170242158068,-0.471792152073761,-0.752292666128179,-2.3587188560243,-2.29529197602235,-2.43477706343215,-2.5817550879842,-0.103937687201926,-0.411599653992196,-1.51189796991729,-1.51189796991729,0.767557364776349,1.06316675953723e-11,0.464071837973082,0.377463571966234,-0.0342039123577873,0.564330218566902,-2.32632763242129,-1.53691302154259,0,45725.0000000001,0.00350349884992454,0.0529697490242077,0.0563581261632816,9.24341561141598,740.724963468528,0.25,803,2,"SNETWORK (2 29 740.724963468528 0.0563581261632816 100000994 803)",100
3,100000995,-0.658050915699346,19,-0.494845044588713,-0.486027089260215,-0.640656641110964,-0.630828421199535,-0.621755757978306,-0.304116866472842,-0.390724881498779,0.667556502190482,1.19023594857556,-0.00146557479532267,-1.14812523244401,0.376122217919614,-0.00146557479532267,-0.00146557479532267,-4.86367991957278,0.266057034386332,0.263249943801883,1.14998006805896,0.0970625486009017,0.0221765913757709,0.149700598802395,1.22237762237762,0.834152334152334,-0.658050915699346,7,-0.149829288657571,0.0323419605391626,0.0321965663661449,0.109578170018569,-0.656440923525756,-0.198352196971571,1.18923159512209,-0.310368467321161,0.972558241501182,2634.0000000001,4.09568382899583,0.0628520813671841,89.0000000001,0.008943442296531,4.10462727119236,0.191484245863045,0.338239397646879,0.939588982668178,-0.110011476481792,1.07252873304701,1.77780025707091,-0.175183860592124,1.81900778689684,0.629950309949709,1.6323274344006,4.21646952302352,-0.450330171470717,-0.310181880191711,0.302952219665296,-0.314147129243815,-0.471792152073761,-0.75229266612818,-1.48074956831335,-1.423857898781,-1.44749212629168,-1.17933697289707,-0.119152955810393,-0.18151154655689,-0.914084888735877,-0.914084888735877,-0.70576747171826,-12.8357217653313,1.00189323977988,0.699055188004199,-1.28773322086281,1.42246323685881,-1.21054382552382,-0.645863415295512,0,2634.0000000001,0.191067026812231,0.000417218950814108,0.177597446787215,1.03540758575766,1446.57449459957,0.0624998605480869,20,2,"SNETWORK (2 3 1446.57449459957 0.177597446787215 100000995 20)",100
3,100000996,-0.702108131566365,3,-0.494845044588713,-0.486027089260215,-0.640656641110964,-0.630828421199535,-0.621755757978306,-0.305902199148881,-0.394337164361528,0.673155003096684,1.21396309396291,0.0033256364217767,-1.1420873777528,0.372350446651171,0.0033256364217767,0.0033256364217767,-4.88322075165101,0.271358341394874,0.26393399640024,1.08490624147822,0.115659428062867,0.0221765913757709,0.149700598802395,1.22237762237762,0.834152334152334,-0.702108131566365,7,-0.593423132983769,-0.291771171725105,-0.289244349682312,0.797591427573934,-0.715052261324986,0.695319305764322,1.21321399435726,-0.501112138200044,4.35833540293527,2901.0000000001,20.2145190170974,0.261097054860327,3106.0000000001,1.29657743386036,21.5110964508578,1.06251243668917,-0.537302495851118,-1.0256250899196,0.106245760377246,1.37701258402052,2.02138724503327,0.668260954170872,2.18956664534036,1.0587432811782,2.82084124776402,7.37563487746917,-0.835815303462672,-0.69993825998352,0.200516619250717,-0.377068275239218,-0.471792152073761,-0.75229266612818,-1.48074956831335,-1.423857898781,-1.44749212629168,-0.363879082509927,-0.627421778415645,0.444149354101141,-0.337348184062826,-0.337348184062826,-0.277912423369967,-5.53218320946695,0.293654438985454,0.26581045316241,-0.457427283617841,0.446184931569722,-1.62491867030394,-1.11554964131909,0,3106.0000000001,0.998469692346691,0.0640427442424828,0.114597064633153,1.83383732479844,1355.73419818452,0.0624998605480869,4,2,"SNETWORK (2 3 1355.73419818452 0.114597064633153 100000996 4)",100
41,100000997,-0.179162313104127,157,-0.886598059773572,-0.0928456434617663,0.315622755524543,0.310024668600395,0.31737100022456,0.973241377352814,0.977027510783787,0.0640642517076975,-0.305809401204802,0.815912845872474,0.565818389568425,0.403293066647091,0.815912845872474,0.815912845872474,0.5019117438365,-0.793156845262963,-0.919353696963229,-0.287347356910793,-0.975176365406826,-0.720739219712526,0,-0.434965034965035,-0.700859950859951,-0.179162313104127,10,0.187176978609409,0.623140724876757,0.624904034979198,-0.18539211236718,-0.182840004248612,-0.988583373338665,-0.303001720568255,0.531855816352498,0.100470622187815,2739.0000000001,1.75989461700319,0.0898167536800625,1e-10,1e-10,1.75989461700319,0.0740078171487885,0.221321391104047,0.124463483551849,-0.890622560616365,-0.795651914531558,0.160173523673014,-1.34736150129736,0.148033352382071,-1.10708922560833,0.123987510188331,0.082397854622157,-1.43778256757229,-0.975953693438978,-0.0055070632851402,-0.480323777744641,-0.658232714974314,0,0.102215627178161,0.139017963839622,0.167198521564845,-0.110085941389105,-0.76391249728868,0.794037531299476,-0.108175161684593,-0.108175161684593,-4.69930137953783,1.06316675953723e-11,-0.218662129341847,-0.273105836500472,0.846622429451531,-0.42995758248085,0.531264435464226,1.07814421355171,0,2739.0000000001,0.0740078170487885,0,0.476595956984134,1.09821307426565,2570.27640030397,0.0625,1363,2,"SNETWORK (2 41 2570.27640030397 0.476595956984134 100000997 1363)",100
28,100000998,0.195434942710802,219,-0.268041164135857,-0.507523118116241,-0.715996162004961,-0.715344983900652,-0.711097017555422,0.758386270877163,0.799517467831712,2.03742684143422,-0.571573386107359,-0.773297805686861,-0.308718071322723,2.39075172511519,-0.773297805686861,-0.773297805686861,-0.19714446203453,-0.964711242782082,-1.01356594876333,0.669055452336237,-1.36654043617007,0.468172484599588,-2.26546906187625,-1.53286713286713,0.194922194922195,0.195434942710802,8,-0.49256960897049,-0.743214009852926,-0.732335166607663,0.516002050106229,0.202629994196553,1.7378259874234,-0.567898358297407,0.0337066766751013,0.0994431498513517,7745.0000000001,1.23137706221308,0.0356051341824416,1428.0000000001,0.0812897146727957,1.31266677678587,0.070226032638006,1.42725258167648,3.12120166725084,1.57391301029377,1.11226096270343,-0.666095053042893,1.42067187510717,-0.782822783918421,-0.118625829863527,-0.370730304948596,-0.116490936704871,-0.85588804843266,-0.772858496635396,-0.11388175568549,-0.315300664830388,0.121428129376515,-0.277526342387342,-0.897784372821835,-0.860982036160378,-0.83280147843515,0.670015340293778,-1.21694216571378,1.27218184518893,0.793127839897752,0.793127839897752,-1.13550188792629,1.06316675953723e-11,-0.2823181821929,-0.428577753802077,0.00777494216699127,-0.29702752430653,0.550183999133525,0.979944549562631,0,7745.0000000001,0.0658771343697998,0.00434889816820623,0.382948267007192,0.89178226712388,1920.17141347076,0.125,760,2,"SNETWORK (2 28 1920.17141347076 0.382948267007192 100000998 760)",100
17,100000999,0.236319302765727,243,0.152577399052067,0.406018494492994,0,0,0,-0.495968439947549,-0.563415677226414,-0.172033661126458,0.699452630751402,-0.0378286673358881,-0.36551488344216,0.167918650282243,-0.0378286673358881,-0.0378286673358881,0.377512172206271,0.237655192294406,0.303932260133486,0.0100588069292411,0.269934662068948,-0.443531827515401,0.0161216029479497,0.044324905863371,-0.265923265923267,0.236319302765727,9,-0.585922485128276,-0.536607339751795,-0.530234376122285,0.735764414172862,0.235487701882145,0.269178688308423,0.699646235484119,-1.43516711894644,0.0842670369450644,581.0000000001,0.0782763254495571,0.158694226508226,3874.0000000001,0.982918066333511,1.06119439168307,0.0547335676110732,-0.198055279091129,0.202965338093655,1.21630357662975,-0.216313413813103,-2.21756187739146,0.405867744994244,-2.50985353179472,0.722378241067814,-2.08435139394651,-4.06861435169402,-0.304350234787025,-0.299600596159513,0.15692195670502,0.0352728674362531,0.121428129376516,-0.277526342387341,0.0769222737530111,0.104617837470374,0.125825089587258,0.934039384327566,-0.356539907150154,0.0705551727360708,1.18053270108245,1.18053270108245,1.25082933999409,1.06316675953723e-11,-0.124915878465271,-0.0802378833900131,-0.0845896436069835,-0.102320934775244,1.79763106407229,0.771159504742977,0,3874.0000000001,0.0040372834346094,0.0506962840764639,0.849081947487662,0.319605328804738,2540.81546651894,0.125,662,2,"SNETWORK (2 17 2540.81546651894 0.849081947487662 100000999 662)",100
41,100001000,-0.325826112189522,134,-0.886598059773572,-0.0928456434617663,0.315622755524543,0.310024668600395,0.31737100022456,0.962871754048995,0.990174163115914,0.19469835160072,-0.28334163596959,0.783799527116355,0.54308721007128,0.423023780227573,0.783799527116355,0.783799527116355,0.505009257732841,-0.72803766004067,-0.845654212997138,-0.173391491166987,-0.913941525220783,-0.720739219712526,0,-0.434965034965035,-0.700859950859951,-0.325826112189522,10,0.0800821587139633,2.76930584339507,2.8431869072313,0.187103006268872,-0.326308910604772,-0.579792987169473,-0.280619253777032,0.471863851830799,0.0773769033524372,1707.0000000001,0.844695936695669,0.113047730886878,1333.0000000001,0.963712601695777,1.80840853829145,0.0523380412149347,2.28171234942854,1.12873420188674,-0.455407181252748,-0.769565358471676,-0.442815173432363,-1.14739279206621,-0.279244047049866,-0.922609194025176,-0.768419541533528,-0.524848753259761,0.852189499930024,0.523698530139532,-0.000391524423009785,0.457050493910176,-0.505637314714923,0.269589710303635,0.102215627178156,0.139017963839617,0.167198521564835,-0.31163857489018,-0.090641733839703,0.765457511669161,-0.292370230313189,-0.292370230313189,-0.269820721562868,1.06316675953723e-11,0.251792408140674,0.169328688063693,0.615838822221309,0.14105671188667,0.739089291414391,0.172269804370454,0,1707.0000000001,0.0244467606326255,0.0278912804823092,0.400092535536092,1.55675896239928,2440.22871427475,0.0625,1340,2,"SNETWORK (2 41 2440.22871427475 0.400092535536092 100001000 1340)",100
17,100001001,-0.63969279572092,101,-0.254295665086778,0.276450920905401,-0.358045591966192,-0.357303355798844,-0.355675841278248,-0.0988044205705451,-0.088008793448583,0.227780355414075,1.18102720366959,0.70204447231563,-4.92248575714863e-05,-0.0705585105305542,0.70204447231563,0.70204447231563,0.491816067382095,-0.0308336610652829,-0.0162466303420119,-0.427468199884206,0.0115466769858345,-0.596303901437372,0.141716566866268,0,-0.395577395577396,-0.63969279572092,9,0.852589362505688,-0.490744272422973,-0.485213905014649,-0.64584455757734,-0.640489183764505,-0.235320140783138,1.17996224099114,0.315534303391403,0.107698181490995,1023.0000000001,0.176149160739157,0.0867080136621886,483.0000000001,0.066958072433958,0.243107233073115,0.0124375384478681,0.711744824543724,0.0644563420987645,0.331924288676629,-0.0185368558204956,-0.53211152116717,-0.0883548004998615,-0.598008625182569,0.672680913245509,-0.550172428307209,-1.41389169622801,-0.857827627364605,-0.786581303704308,-1.38672972702029,-0.380061840761446,-0.658232714974315,-1.30374704394875e-15,-1.4058558810172,-1.37829262321507,-1.40813399619979,-0.506183163877785,-0.424537107237487,0.658983088767827,-0.454444203867807,-0.454444203867807,-0.283987907357386,1.06316675953723e-11,0.896159225693614,0.666494816322555,0.419088989384427,0.894324981417287,0.144190600814278,-0.566439293070298,0,1023.0000000001,0.00901191590888034,0.00342562243898777,0.34763472772798,1.81388113450045,1705.84260451465,0.125,520,2,"SNETWORK (2 17 1705.84260451465 0.34763472772798 100001001 520)",100
41,100001002,-0.533913356690451,90,-0.886598059773572,-0.0928456434617663,0.315622755524543,0.310024668600395,0.31737100022456,0.98290832910099,1.13973463072955,0.597235469367226,-0.186101764870853,0.599494349952584,0.527497253053841,0.310225552902831,0.599494349952584,0.599494349952584,0.537731012243271,-0.540639398908726,-0.673004616763425,0.0177016133975048,-0.712667545238229,-0.720739219712526,0,-0.434965034965035,-0.700859950859951,-0.533913356690451,10,-0.488838679956995,1.23892861543073,1.25144932866846,0.866863508724555,-0.533218207463475,0.152951999837019,-0.179993907891542,-1.01780884926368,0.0609799369471345,136.0000000001,0.0530373014282503,0.116617972486291,1002.0000000001,0.7472892710682,0.80032657239645,0.0302192331919319,-0.0322403108901639,-0.153379671165566,0.272375473917409,-0.00835040497070272,-0.434233740387566,-0.13834791918027,-0.358862327486162,-0.181174509038644,-0.339639911511179,-0.268418739076463,-0.398949395599698,-0.581705934325858,0.0257485070394284,-0.28372755177546,-0.658232714974315,0,0.102215627178161,0.139017963839613,0.167198521564845,-0.0347335859962868,-1.0169840914498,0.112759987131667,-0.0347338189106043,-0.0347338189106043,4.49042620581532,1.06316675953723e-11,0.466242671184262,0.484890592626802,0.250482166732062,0.464194378804639,0.37783490345247,-0.0460774637056182,0,1002.0000000001,0.00200261571574028,0.0282166173761916,0.252035881460762,0.559326937430006,2188.54813712824,0.0625,1296,2,"SNETWORK (2 41 2188.54813712824 0.252035881460762 100001002 1296)",100
3,100001003,-0.0564123276062044,158,-0.226804037760009,-0.273941878615531,-0.467885001197052,-0.45962963966976,-0.447550990366083,-0.409955977061611,-0.477827172582991,0.524592325980549,0.662823264213572,-0.20922329832738,-1.2913000529078,-0.330815662319548,-0.20922329832738,-0.20922329832738,-4.45611187083253,0.14125431097414,0.212763224524205,1.03653769662309,-0.0395078727204636,0.0739219712525668,-0.0898203592814364,1.0005994005994,0.837837837837838,-0.0564123276062044,7,-0.488093647280501,-0.199353201296926,-0.197865631934049,0.601485063562915,-0.0557242286589917,0.775275834213537,0.663766129384923,0.269488667002524,0.91676354865745,4709.0000000001,6.90209705342776,0.350171795042454,925.0000000001,0.517866632894035,7.4199636862218,0.360571705527869,-0.128636200215331,0.311877295698096,0.878263471179374,1.01172357120794,0.195815231105389,0.698393271435892,0.208213083641897,0.844144512794754,0.334657447266411,0.65079430491614,0.333115657038462,0.410632868087589,0.257283995269453,1.1392739478208,-0.183656619125852,-0.461007527196322,-0.751834212897418,-0.690544926566656,-0.641104661755904,0.88458819066865,0.994334051959006,-0.310968095957461,1.10428946154251,1.10428946154251,-0.169232190597773,-9.94895599281323,0.0361554257964725,0.217850698823581,0.507031507430008,-0.0688323619278631,0.291588605162115,0.375993037976634,0,4709.0000000001,0.335406076205183,0.0251656292226857,0.745195881595732,1.90306919347495,2264.99508666258,0.0624998605480869,159,2,"SNETWORK (2 3 2264.99508666258 0.745195881595732 100001003 159)",100
29,100001004,-1.09248296485256,19,-0.790377993358492,-0.853832397374456,-1.31184600508887,-1.30651564302517,-1.32383268064034,0.426128553524761,0.38156636659777,1.56074778737104,0.25619919674829,0.587237604776816,-0.147701433581374,2.068303408675,0.587237604776816,0.587237604776816,-0.237332389690265,-0.344915121355806,-0.486748016690597,0.0769409377957182,-0.476760755419133,0.279260780287474,-1.27411842980705,-0.441958041958041,0.405132405132405,-1.09248296485256,8,0.798405105423835,8.86399050267179,9.52735458237409,0.142248318067796,-1.09269907982931,-1.1474508464565,0.257704481469585,0.728606557324882,0.0718489234604069,653.0000000001,0.0750115625396583,0.106495457822575,38852.0000000001,6.61514289949006,6.69015446192972,0.0681980649660704,0.0122922740611268,0.64450313220791,-1.12318783879143,-1.14158773594297,-0.00981466219811098,-2.2932937999766,0.00198422351145388,-1.87010840061014,0.0204582368432673,0.0282392906759998,-1.32104239303136,-1.29057338683255,0.105025544310637,-0.479170242158068,-0.471792152073761,-0.752292666128179,-2.3587188560243,-2.29529197602235,-2.43477706343215,-2.95365779795627,-0.0534430250139808,-0.465866683150886,-1.61491667816788,-1.61491667816788,0.252763847813939,1.06316675953723e-11,0.0796041783937562,0.000336199463907086,-0.371303536820524,0.212274414993612,-2.54973937591052,-1.53691302154259,0,38852.0000000001,0.000764652509916193,0.0674334123561542,0.123722993723807,6.56889603805871,803.220352294614,0.25,815,2,"SNETWORK (2 29 803.220352294614 0.123722993723807 100001004 815)",100
17,100001005,-0.187893483620716,181,0.152577399052067,0.406018494492994,0,0,0,-0.301438241130295,-0.312733053764634,0.0236016013615328,0.944848825246263,0.425663962957167,-0.188105984085024,-0.043558033201852,0.425663962957167,0.425663962957167,0.442207729725498,0.0413931141037906,0.0823157910556964,-0.210996697451205,0.0629740588360496,-0.443531827515401,0.0161216029479497,0.044324905863371,-0.265923265923267,-0.187893483620716,9,-0.166165149189084,0.0257604750386582,0.0256425149972853,0.129714308931196,-0.189637407621555,-0.567972672299567,0.945257730870553,0.490664161648584,0.0826473022775149,1246.0000000001,0.164643010588521,0.102953633932297,5037.0000000001,0.829106281535828,0.993749292024349,0.0464129694051485,0.388775103583849,0.320944215650983,-0.555012667686486,-0.623803056855738,-0.0938097282831575,-0.603052764688699,-0.0964015853891715,0.294967613255191,-0.0588199530429795,-0.131060985573549,-1.01092631766398,-0.834221220320402,0.34437383224804,-0.371531304423668,0.121428129376515,-0.277526342387342,0.102215627178161,0.139017963839617,0.167198521564845,-0.167387612029025,-0.729415867031265,0.802542446294074,-0.162318337660629,-0.162318337660629,1.35354442729739,1.06316675953723e-11,0.170748467432339,0.218789442901675,0.320919972797744,0.12354020144204,1.49765011660369,1.10970030347748,0,5037.0000000001,0.0076896366661187,0.0387233326390298,0.63076342254679,1.57593688057606,2177.2875887778,0.125,600,2,"SNETWORK (2 17 2177.2875887778 0.63076342254679 100001005 600)",100
37,100001006,0.323841777031209,80,1.29896932353205,1.22104076566898,1.45807027539656,1.42805593959054,1.43873085382348,0.111624655730622,0.0447613355465339,-0.507602825168829,0.639867167898959,-0.386785346426376,0.626439766179028,-1.10284841991294,-0.386785346426376,-0.386785346426376,-0.53579264605704,-0.574338268771434,-0.6226678123976,-0.498220323600706,-0.660704490691101,0.665297741273101,-1.69993346640053,-0.507226107226108,0.644007644007643,0.323841777031209,12,-0.450468032168502,0.00259429923039201,0.00258165045086495,0.566520125700742,0.323041962075596,0.00718817298429087,0.640198415750212,-0.665396446478378,0.0803224860493119,21.0000000001,0.0107873185066742,0.0819025890638751,1789.0000000001,0.937054892803647,0.947842211210321,0.0444498179276471,-0.30534654354124,-0.686097620877553,0.214860329492125,-0.223470490273458,-0.688361633778656,0.0345523306169972,-0.708440919655994,0.508245709867982,-0.627033833699568,-1.17088834138625,0.430813993527664,0.454840829661106,0.254956227538617,0.962951813160997,0.528207847926239,1.07109749798066,2.19258446122347,2.15155944355969,2.28302402457116,0.584411132409891,-0.105183334235438,-0.714970855137975,0.677436665882799,0.677436665882799,0.376460088917422,-0.755064713349961,-0.0242268206974877,0.0206161005879663,-0.0981759476331468,0.0112403772405694,-0.299954253887493,-0.369462647331285,0.00554699209249283,1789.0000000001,0.000505879915881572,0.0439439379117656,0.465789238006372,2.73928773606428,4704.54068967018,0.0312499339939208,1128,2,"SNETWORK (2 37 4704.54068967018 0.465789238006372 100001006 1128)",100
3,100001007,-0.110889487882028,148,-0.226804037760009,-0.273941878615531,-0.467885001197052,-0.45962963966976,-0.447550990366083,-0.393932306565065,-0.461861931526926,0.541241230479277,0.678351587794142,-0.164545144300698,-1.27621575631259,-0.313833387825719,-0.164545144300698,-0.164545144300698,-4.46137193440768,0.148129412620134,0.220517312314068,1.04921695069838,-0.033162756160813,0.0739219712525668,-0.0898203592814364,1.0005994005994,0.837837837837838,-0.110889487882028,7,0.209759571570621,-0.900496413091524,-0.885396238159627,-0.343535110998367,-0.107443910044434,0.455740511552755,0.680655142930817,0.775449672657453,1.61735508736973,2295.0000000001,5.93448591159107,0.0922264937781188,2171.0000000001,0.320118339625576,6.25460425111665,0.344077121616817,-0.179992756702959,-0.40755125478924,0.424623571138994,-0.0777160619742336,-0.785122442543637,0.656339661326241,-0.948752146468458,0.832671614725987,-1.02687706137079,-1.96494648476337,0.41749171258162,0.541235612135271,0.154511278875215,1.09801676284152,-0.183656619125852,-0.461007527196321,-0.824809292859624,-0.775763481363517,-0.736953070095527,0.479109882349834,-1.39346106739562,0.718313849950204,0.541327943963739,0.541327943963739,-0.0902326561568366,-1.2406354453878,-0.370644704630478,-0.395669508017462,0.264638553775096,-0.455819790059988,-0.219502935098424,-0.23130392994805,0,2295.0000000001,0.326466831178975,0.0176102903378419,0.706480670167246,1.85759437736124,2209.1715954124,0.0624998605480869,149,2,"SNETWORK (2 3 2209.1715954124 0.706480670167246 100001007 149)",100
3,100001008,0.171024687753072,202,-0.226804037760009,-0.273941878615531,-0.467885001197052,-0.45962963966976,-0.447550990366083,-0.40707241953159,-0.481418040346059,0.521309853567225,0.508533321036864,-0.79516554010818,-1.23149307591838,-0.699905836776126,-0.79516554010818,-0.79516554010818,-4.84399577169225,0.227437915116728,0.321149293969227,1.25506229285928,0.0291408180500154,0.0739219712525668,-0.0898203592814364,1.0005994005994,0.837837837837838,0.171024687753072,7,-0.232303031341701,1.09550896091073,1.10475890559007,0.379492770559956,0.170108480210441,-0.0445567879027209,0.51252199718617,0.0930281088086317,0.0752303433451603,851.0000000001,0.102357021124426,0.281336286808353,4129.0000000001,1.85722990606678,1.95958692709121,0.075867835545596,0.687006538548677,1.25646622196984,0.143945731910568,-0.219635490329758,-0.536749137104262,-0.275620339535482,-0.455165976666652,0.277439859871809,-0.384410231451837,-0.645925653802273,0.782814121433886,0.76581205070415,0.136694105201788,2.35668164387262,0.0634159493910396,-0.118308288538503,-0.751834212897414,-0.690544926566652,-0.641104661755904,0.873859361350543,0.387572105687461,-1.63642494751649,1.08797914558813,1.08797914558813,-0.384003375417073,-1.68586403189521,-0.709700345102532,-0.597471800577853,-0.72754504168911,-0.587476066255685,0.365993313130529,0.37202297564545,0,4129.0000000001,0.00396287887044951,0.0719049565751465,0.920969138119024,1.30746532510966,2518.44267187512,0.0624998605480869,203,2,"SNETWORK (2 3 2518.44267187512 0.920969138119024 100001008 203)",100
29,100001009,-0.403025745841468,164,-0.790377993358492,-0.853832397374456,-0.715996162004961,-0.715344983900652,-0.711097017555422,0.560198509617248,0.541143758515437,1.76628230854512,-0.266446590111069,1.15160671777622,-0.226566068148516,3.66231781621643,1.15160671777622,1.15160671777622,0.0871091757820967,-0.802900105266783,-0.878944471718379,1.00468096303559,-1.22398476426062,-0.720739219712526,0,-0.434965034965035,-0.700859950859951,-0.403025745841468,8,0.626036554840689,-0.754456053071571,-0.743298361662338,-0.571366623283431,-0.400150543084922,0.293845707315101,-0.2637287322835,0.634934337377166,3.01028739091489,288.0000000001,1.38610207252921,0.059587085823877,2000.0000000001,0.19053594006793,1.57663801249714,0.0845163648053911,0.217293511619231,-0.313234547832614,0.517532429877095,0.216683922834897,-0.467766827771786,0.484721967653672,-0.551181233704235,0.0304579558066008,-1.82913227510074,-1.30280134969662,-2.35338664970216,-1.33172696125338,0.00548861716692139,-0.419248288687755,-0.471792152073761,-0.752292666128177,-0.897784372821835,-0.860982036160378,-0.83280147843515,0.534660085557995,-0.229639965201026,0.122868710491023,0.612295391098578,0.612295391098578,-2.46733784106803,1.06316675953723e-11,0.763970883685773,0.702359526939935,0.00665646796238967,0.849182224382166,0.434332712974399,0.586634135241056,0,2000.0000000001,0.0743026029761974,0.0102137617291938,0.994239429064564,1.80198111254613,1610.81138715026,0.25,959,2,"SNETWORK (2 29 1610.81138715026 0.994239429064564 100001009 959)",100
13,100001010,0.739618954167164,297,0,-0.0695595240108285,-0.110963835372034,-0.110383201657025,-0.109843962764069,-0.896266010729848,-1.07470940505319,-0.455473219766902,-0.258285564827463,-1.31578682684555,-1.72544042881922,-0.0679789833610327,-1.31578682684555,-1.31578682684555,-3.05139946734011,0.51698415283463,0.742513075216525,1.64712113013295,0.322402128836215,1.07186858316222,-1.64670658682635,0.299300699300701,1.38452088452089,0.739618954167164,7,-0.553141335375119,-0.155127879825055,-0.154058805681187,0.73809791502454,0.737295642734472,0.577509357253605,-0.255564703771226,-0.981044435794955,0.0409308602890665,925.0000000001,0.060532364641121,0.0577688364409131,3312.0000000001,0.305899651426142,0.366432015967263,0.0176683653306386,-0.151933116834773,-0.153513884494568,1.01579715610388,0.331941290414031,-1.06964833118192,0.546552333569864,-1.13184502830059,0.0705785854462212,-1.10290001482325,-0.796022665058422,-0.961889201141051,-0.904430744066857,0.111779279969998,-0.37614544676996,0.223123099423871,0.103212322371745,0.000480866141918987,0.0349290148369533,0.115671933158067,0.301477573525747,-1.45591832805838,-0.37412201901381,0.326371068552713,0.326371068552713,2.61959818061226,-11.7029793527819,1.0833263594269,1.22963878166025,1.30690206693466,0.884840188140907,-0.380178389398603,-0.121170483252459,0,3312.0000000001,0.00291870764200393,0.0147496575886347,0.179877159165127,0.739784910643814,3060.19160629044,0.0156249651370217,297,2,"SNETWORK (2 13 3060.19160629044 0.179877159165127 100001010 297)",100
41,100001011,-0.239691806821377,147,-0.886598059773572,-0.0928456434617663,0.315622755524543,0.310024668600395,0.31737100022456,0.974650120865999,0.990702053733735,0.109035853657094,-0.301804481609346,0.812748617842566,0.573404815167856,0.36975152847626,0.812748617842566,0.812748617842566,0.503450719367627,-0.789228624811953,-0.913762766696529,-0.275521633464034,-0.972388423350268,-0.720739219712526,0,-0.434965034965035,-0.700859950859951,-0.239691806821377,10,0.340963940475216,0.393453528191639,0.393462369088245,-0.332182530670076,-0.240873063495827,-0.493067634139121,-0.297165963209094,0.271974010073715,0.131491015620237,1002.0000000001,0.842595897767462,0.0745530423518928,823.0000000001,0.392392542434968,1.23498844010243,0.0540694267105827,-0.0280839541185371,0.0727349476859411,-0.108734392571543,-0.773845548161874,-1.01791578066352,-0.587812754800606,-0.977532578259549,-0.579735347746043,-0.690507889100107,-0.459002721795738,-0.910154487846878,-0.983250051271701,0.0998231333325105,-0.402187216012199,-0.658232714974314,-2.60749408789749e-15,0.102215627178161,0.139017963839617,0.167198521564845,0.0142024082814564,0.89166536181079,-0.578476345489904,0.0143647003985811,0.0143647003985811,3.2698418474183,1.06316675953723e-11,0.577846062045266,0.732981657568187,1.4437839110123,0.298149557739237,0.471514783133496,1.30746353651753,0,1002.0000000001,0.0368899623475174,0.0171794642630653,0.445551268166491,0.479778038337827,2517.503728601,0.0625,1353,2,"SNETWORK (2 41 2517.503728601 0.445551268166491 100001011 1353)",100
37,100001012,0.214687609773879,58,1.29896932353205,1.22104076566898,1.45807027539656,1.42805593959054,1.43873085382348,0.102257503719871,0.0296681115322349,-0.50564356712723,0.671449942662674,-0.342921651406278,0.613526898317737,-1.10286609039609,-0.342921651406278,-0.342921651406278,-0.518774595643119,-0.553617560240308,-0.599149549411189,-0.474414812000758,-0.638940880340839,0.170020533880904,-0.850299401197607,-0.17062937062937,0.240786240786241,0.214687609773879,12,-0.286299006361492,-0.511563103132676,-0.505657288449313,0.218491767710154,0.21343804632144,0.238545968461058,0.671878887677504,-1.14085120609002,0.114792798599925,166.0000000001,0.121865224770942,0.489339303706522,342.0000000001,1.07026979149134,1.19213501616228,0.0612154010639467,-0.403250476333484,-0.451161088708928,0.460541226141151,0.425452904583767,-0.0582739357064018,0.373202766120267,-0.0664999463097682,0.693119987717065,0.00608887016528235,0.0148554665367373,-0.357248264953326,-0.317973599072696,0.153969555610905,-0.128838671014464,0.528207847926239,1.07109749798066,2.19258446122347,2.1515594435597,2.28302402457116,0.40401711778355,0.173866771806738,-0.570329728032162,0.448275484472236,0.448275484472236,0.596035995841451,-2.31853269326074,0.543032253451162,0.726938787947233,0.674714069154885,0.445811634009239,-0.277616261684319,-0.896400899405215,0,342.0000000001,0.00625770444729846,0.0549576965166482,0.338418226065685,1.21679206838601,4575.2442251139,0.0312499339939208,1106,2,"SNETWORK (2 37 4575.2442251139 0.338418226065685 100001012 1106)",100
17,100001013,-0.578070694372433,115,0.152577399052067,0.406018494492994,-0.358045591966192,-0.357303355798844,-0.355675841278248,-0.11021158640115,-0.0981512492860067,0.215755885806907,1.16387362959256,0.708249974643439,-0.00150182961359385,-0.0718262791042902,0.708249974643439,0.708249974643439,0.489300875715775,-0.0384423546702143,-0.0216113034726807,-0.417151793380488,6.33283160473606e-05,-0.596303901437372,0.141716566866268,0,-0.395577395577396,-0.578070694372433,9,0.871300125824048,-0.388240290736941,-0.384388843010645,-0.647988535909072,-0.572729256884507,-0.0384953443678225,1.16945335390174,0.855313521396984,0.333698160973562,307.0000000001,0.163790520652565,0.123169074555897,192.0000000001,0.0378093736061334,0.201599894158699,0.0101288377755543,-0.43762152699403,-0.298316699572241,0.112549461249235,0.288730791531449,0.276720601445598,0.0887149316861205,0.304255529464124,0.760487011728152,0.311371743098704,0.818317802859212,-0.130164957175747,-0.318591940377671,0.193837041937103,-0.198669776523581,0.121428129376515,-0.277526342387342,-1.4058558810172,-1.37829262321507,-1.40813399619979,-0.0569607663264718,0.237353108030698,0.0013026299487671,-0.0566667802496472,-0.0566667802496472,-0.112155121677728,1.06316675953723e-11,0.166768908996867,0.0228528285385087,-0.685989292161597,0.308451063472778,0.561076172612476,-0.019211561858519,0,307.0000000001,0.00822920866708609,0.00189962900846825,0.399658810176085,1.42400658903382,1792.46926292081,0.125,534,2,"SNETWORK (2 17 1792.46926292081 0.399658810176085 100001013 534)",100
13,100001014,1.00466473085886,333,0,-0.0695595240108285,-0.110963835372034,-0.110383201657025,-0.109843962764069,-0.805731270828088,-1.01505273405676,-0.130902943283436,-0.440381654172396,-1.77581509749043,-1.43719710917855,0.790247758488833,-1.77581509749043,-1.77581509749043,-2.78876191906032,0.781175819702258,1.0324338934406,2.22769231352653,0.549190323739644,1.07186858316222,-1.64670658682635,0.299300699300701,1.38452088452089,1.00466473085886,7,1.07125856282249,0.298868860292364,0.298525613401275,-0.694066680861867,0.998481576073332,-0.696564765349512,-0.423432450731581,0.734453979339238,0.0470441340603921,2566.0000000001,0.192999935832349,0.0354597167299256,522.0000000001,0.0295938044355586,0.222593740167908,0.0099086839262213,-0.79503630772048,0.146317290426901,-0.850815922850221,-0.319478640545665,0.843319413452954,-0.833542823717898,0.823461301845351,-0.932043842448996,1.06372892255565,0.556101007500637,0.432415776519684,0.194872301940766,-0.160522573296853,-0.0648793429911459,0.223123099423871,0.103212322371745,0.000480866141918987,0.0349290148369488,0.115671933158067,-0.616688143835201,0.0409539775351007,0.0665694397420327,-0.540153348215507,-0.540153348215507,-0.1039364315333,-2.97699085522252,0.225587791223936,0.412054958547683,0.321017951386699,0.212778407387559,-1.10159349616205,-0.889021926166553,0,2566.0000000001,0.00859132579860269,0.0013173580276186,0.429253875504045,2.43224794236532,3264.12814557797,0.0156249651370217,333,2,"SNETWORK (2 13 3264.12814557797 0.429253875504045 100001014 333)",100
16,100001015,0.676407605355057,299,0.288659805977357,0.708741764562854,0.0737102907633875,0.0682577010310203,0.067165878475577,-0.694698376656848,-0.768902110805831,-0.353420024013805,0.417269836182309,-0.231628121585609,-0.470564650858486,0.468908614419305,-0.231628121585609,-0.231628121585609,0.370899383218802,0.562779087278346,0.65706708346442,0.269399933961831,0.632349294586757,-0.443531827515401,0.0161216029479497,0.044324905863371,-0.265923265923267,0.676407605355057,9,-0.16725356835311,-0.162640694581042,-0.161504107980535,0.105885028069792,0.675269513368843,0.154811683861417,0.41864320903321,0.299643440424857,0.074398187277776,469.0000000001,0.0557868412418203,0.115614495526277,5349.0000000001,0.988738535051459,1.04452537619328,0.0504309582757565,-0.353967914920305,-0.392039179072403,0.00280425911558525,0.226495580652331,0.352521306793508,0.20994483563512,0.372872438114449,0.477591955537985,0.207359521054223,0.36445378871099,-0.754162557319888,-0.943202675873906,0.229309711213693,-0.375453325418016,0.562105955755759,0.451834062908154,0,-4.51494518067087e-15,-9.69647908186547e-15,-0.0411362043160698,0.274797070322758,0.848683794302684,-0.0410750581779041,-0.0410750581779041,6.62006527100441,-0.982169727596147,1.01097363467087,1.12831020087133,1.59322923510617,0.736426076605884,1.18591280010709,0.541485878305476,1.11659718511973e-12,5349.0000000001,0.00269345668068237,0.0477375014950741,0.173849193151247,0.125004253498804,2854.38125996344,0.0625,367,2,"SNETWORK (2 16 2854.38125996344 0.173849193151247 100001015 367)",100
37,100001016,0.0390468919061791,26,1.29896932353205,1.22104076566898,1.50580654500643,1.48232234240258,1.49987706507974,0.089797530727637,0.0205035507148716,-0.474703471753207,0.721554525642295,-0.274796222501482,0.618405361721996,-1.11764664511238,-0.274796222501482,-0.274796222501482,-0.496894664089297,-0.511470931312117,-0.547400183534439,-0.413542178569,-0.596949094711079,0.170020533880904,-0.850299401197607,-0.17062937062937,0.240786240786241,0.0390468919061791,12,0.146924914570196,0.24682959542324,0.246386173306736,-0.227853266541256,0.0390286191076356,-0.0315963533986975,0.722036242013532,-0.278078536935606,0.112879344041472,665.0000000001,0.480057416870144,5.36056201211346,27.0000000001,0.925616633759231,1.40567405052937,0.063147906901973,4.22652900445033,1.63018215048964,-0.211968153932282,0.351189349880266,0.779568714040965,-0.0619508649063375,0.768152820453602,0.497776035059413,1.1687579691561,2.3180557445267,1.46828793272689,0.55412710108806,0.263123790634264,0.925611022173205,0.528207847926239,1.07109749798066,2.19258446122347,2.15155944355969,2.28302402457116,0.370615942680073,0.992016905088395,-1.01841233525164,0.407923320336327,0.407923320336327,0.0230681711169132,-0.220509198015339,-0.492089184753677,-0.419447930676461,-0.492733257329659,-0.405865158685588,0.180756319186036,-0.500260244665973,0.000622923294232841,665.0000000001,0.021565896449847,0.041582010352126,0.144764924459216,1.23592416283698,4378.66348931016,0.0312499339939208,1074,2,"SNETWORK (2 37 4378.66348931016 0.144764924459216 100001016 1074)",100
17,100001017,0.55058329816303,277,0.152577399052067,0.406018494492994,0.0737102907633875,0.0682577010310203,0.067165878475577,-0.539850761090349,-0.629873662039756,-0.163330980053808,0.635511496568454,-0.270436913709162,-0.37732090804076,0.140945707792569,-0.270436913709162,-0.270436913709162,0.363437430514936,0.250914340522967,0.318037333358707,0.00327628023399672,0.287894793414175,-0.443531827515401,0.0161216029479497,0.044324905863371,-0.265923265923267,0.55058329816303,9,-0.630924869432443,0.11544295369362,0.115045328495626,0.960692746620402,0.55216731919215,0.458712787749969,0.636190290928338,-0.527649691696027,0.124222668231699,1726.0000000001,0.342797952407691,0.130645149614193,1697.0000000001,0.354463651670654,0.697261603978344,0.0320555818890181,0.269463948183889,0.224494384207457,0.36882383033756,0.464550290188166,0.143967689745314,0.385885574342719,0.144987212168795,0.681711747573672,-0.0203248181421752,-0.0312284080647702,0.499837047792307,0.317129354395856,0.150311406660975,0.758747879323297,0.332059554824293,0.0710866568816798,-9.04730289579023e-15,-4.51494518067087e-15,-4.84823954093274e-15,0.787002915404749,-0.885420677070025,1.33150087602925,0.958904388317941,0.958904388317941,0.393112587552779,-0.056615896960164,-0.569025583646513,-0.487027041070198,-0.154058667949704,-0.571946016788113,-0.89198855697001,-1.01196759966734,0,1726.0000000001,0.0157596341691351,0.016295947619883,0.964099993939479,1.38345433945702,2732.33501961177,0.125,696,2,"SNETWORK (2 17 2732.33501961177 0.964099993939479 100001017 696)",100
17,100001018,-0.918927737356613,38,-0.711340194022643,-0.147031598306002,-0.358045591966192,-0.357303355798844,-0.355675841278248,-0.031785902711434,-0.0288051682560273,0.3546618703669,1.35059298965207,0.662666990391445,0.0532658572866789,-0.0864538477522162,0.662666990391445,0.662666990391445,0.511375424502881,0.0123991914251728,0.00607127847842878,-0.483675833682286,0.0763386838771341,-0.596303901437372,0.141716566866268,0,-0.395577395577396,-0.918927737356613,9,0.713721963600981,0.0136684632650777,0.0136037717023333,-0.576257960769134,-0.916201337817562,0.449229088848789,1.34935452301354,-1.17327242444418,0.312073091092901,2716.0000000001,1.35513531361739,0.325066457252838,2024.0000000001,1.05191159134716,2.40704690486454,0.112660496049236,0.276839448522539,0.409905574150272,0.489136566116251,0.117996181846638,-0.566580052250094,0.405412750397578,-0.582016073076377,0.98055308250383,-0.650692997316697,-1.80540196579725,0.423892948108671,-0.0841836846126093,0.210202064714087,-0.144740581100585,-0.675181930528773,-0.587156310063936,-1.4058558810172,-1.37829262321507,-1.40813399619979,-0.763242268606643,-0.830776417032425,0.165636410089181,-0.647206896754237,-0.647206896754237,-1.00339323629154,1.06316675953723e-11,-0.0185506000656079,-0.0477100376645663,-0.912805523150173,0.214255002846918,-1.27421418924523,-1.05336858883293,0,2716.0000000001,0.0634263570838584,0.0492341388653773,0.127424192409435,0.951672687458495,1339.16429087969,0.125,457,2,"SNETWORK (2 17 1339.16429087969 0.127424192409435 100001018 457)",100
17,100001019,-0.920715839215306,37,-0.711340194022643,-0.147031598306002,-0.358045591966192,-0.357303355798844,-0.355675841278248,-0.031785902711434,-0.0288051682560273,0.3546618703669,1.35106317840035,0.662271656892886,0.0527025982495051,-0.0860600670641047,0.662271656892886,0.662271656892886,0.511455205288847,0.0128814819519696,0.00651467420100695,-0.484004702414914,0.0770080189027443,-0.596303901437372,0.141716566866268,0,-0.395577395577396,-0.920715839215306,9,0.631330606368586,0.127388844598607,0.126969249893586,-0.525984392195468,-0.918610660927582,0.116874244700913,1.35001349613136,-1.1417039596324,1.72245602053932,499.0000000001,1.37418518487855,0.149254524139115,2068.0000000001,0.493485746069303,1.86767093084785,0.08568318173286,0.402110494144966,-0.0862511713070631,0.447231181483672,0.671264683627122,0.339561147289117,0.102960905186795,0.341532591540185,0.830792365934455,0.425816862396486,1.19204859122021,-0.134920616578547,-0.215032448878889,0.314497273547222,-0.178857099448835,-0.675181930528773,-0.587156310063935,-1.4058558810172,-1.37829262321507,-1.4081339961998,-0.694413318788222,-0.846575172338965,0.192044143031156,-0.597841486211366,-0.597841486211366,-0.724624645083807,1.06316675953723e-11,0.180734738361535,0.0566029584392721,-0.74757952740657,0.392605573244657,-1.52620185341314,-1.26655543967023,0,2068.0000000001,0.0630435248769538,0.0226396567559062,0.12366690786838,0.930673131719232,1332.90793826074,0.125,456,2,"SNETWORK (2 17 1332.90793826074 0.12366690786838 100001019 456)",100
37,100001020,0.100966778691973,37,1.29896932353205,1.22104076566898,1.50580654500643,1.48232234240258,1.49987706507974,0.0825125131954177,0.0147523968406845,-0.493961907448334,0.695695656347964,-0.312812227781034,0.608720171220199,-1.08893488868801,-0.312812227781034,-0.312812227781034,-0.508077307572607,-0.531118432403448,-0.569546433572204,-0.427624625397165,-0.619141575399364,0.170020533880904,-0.850299401197607,-0.17062937062937,0.240786240786241,0.100966778691973,12,0.241531872644259,0.720200405427811,0.723081664171611,-0.128470558675482,0.0990357115822325,-0.171491601351443,0.696930421788034,-0.302812244657857,0.090217467803775,754.0000000001,0.435029833130267,0.159184316627985,462.0000000001,0.470326354217526,0.905356187247793,0.0374304329966188,0.876952479533677,3.38844587028468,-0.488845730254961,-0.311186648637929,0.260799433425024,-0.309231100194505,0.236887644545059,0.353077169160746,-0.0647571613682025,-0.123228704664013,0.758301288104883,0.33517865003622,-0.912044047323846,0.761285657613757,0.528207847926239,1.07109749798066,2.19258446122347,2.15155944355969,2.28302402457116,0.764623063221489,1.40513415248844,-0.889903325121246,0.926486364858852,0.926486364858852,-0.0408150606990692,-0.0945793070922804,-0.852301101712616,-0.663470020465321,-0.582055812475791,-0.778805780296837,-0.276654776456134,-0.856928768761721,0,754.0000000001,0.0179855787196476,0.0194448541769711,0.21459704652281,0.212841128814034,4449.55125535452,0.0312499339939208,1085,2,"SNETWORK (2 37 4449.55125535452 0.21459704652281 100001020 1085)",100
43,100001021,-0.345868359255629,40,0.12371145778112,0.869954874556633,0.532114998802948,0.540517197237357,0.552449009633917,-0.329469608970841,-0.275869806785939,-0.725801740349436,-0.0235449661456542,-0.397011019317549,0.586455041029887,-1.23897645061859,-0.397011019317549,-0.397011019317549,0.383416535690134,0.655845995462685,0.453193493227875,0.0599249150584637,0.788026848899426,0,0.0419161676646709,0.81118881118881,0.429975429975429,-0.345868359255629,11,0.00375856317473635,0.0287476956805457,0.028617147646945,-0.0695131088327042,-0.346008376983016,-0.397757448642248,-0.021451309124742,0.0506483525405631,0.344474560681148,8.0000000001,2.71591145290642,0.052429324115975,2.0000000001,0.103341014105258,2.81925246691168,0.131603698437349,0.884860152602866,0.284684618536635,-0.478587740539635,-0.266381108416526,0.328337654302335,-0.393811908584609,0.335925262171696,-0.1599966969485,0.382727877323871,0.401339682502647,0.930988685041779,0.913699049590855,-0.72074390301713,1.64103379296568,-0.353148128111646,0.538992472803681,0.421730084114769,0.463833960668427,0.499773853167645,0.0186126837775937,-0.477610838496187,-0.414901229491634,0.0188450132914666,0.0188450132914666,-0.0469465096186614,1.06316675953723e-11,-0.74633520645644,-0.653665669465549,-0.324700963764084,-0.724919330134562,-0.183566487362349,-0.326570962321882,0,8.0000000001,0.126779703397866,0.0048239949394827,0.155653531997867,0.810193432494998,3024.62091213412,0.0312500660060792,1511,2,"SNETWORK (2 43 3024.62091213412 0.155653531997867 100001021 1511)",100
17,100001022,-1.0081357690325,15,-0.711340194022643,-0.147031598306002,-0.358045591966192,-0.357303355798844,-0.355675841278248,-0.00173529231757962,-0.00107524280924976,0.397985337622607,1.4207463603838,0.615960004778674,0.0631447659895042,-0.0962387389228719,0.615960004778674,0.615960004778674,0.515016568114724,0.0101970460587112,-0.00707539974601596,-0.560564587445743,0.0876416940595452,-0.596303901437372,0.141716566866268,0,-0.395577395577396,-1.0081357690325,9,0.765376203480796,-0.195271542040082,-0.193824725904949,-0.601530304854558,-1.00445468362158,1.38145122074952,1.41915591123014,-0.595461782245084,0.42826772164592,4957.0000000001,3.39414847568189,0.193403302532694,751.0000000001,0.232220415250822,3.62636889083271,0.176095885204055,-0.366789274641334,-0.398023507618764,1.09420439247657,1.6729724118114,0.892673093235886,1.07115923353201,0.9503708590394,1.31356976320526,0.938794403527538,2.70579690363304,0.574468002642625,0.364288942925361,-0.641233218228783,0.284183339007228,-0.574596326004049,-0.668823772063271,-1.4058558810172,-1.37829262321507,-1.4081339961998,-0.321804261833458,0.682412725571373,-0.364076260198993,-0.301208905932051,-0.301208905932051,-0.377951420650488,-0.707282457952508,0.323817893022558,0.149996305663641,-1.39026175093394,0.704575802780037,0.74112971275239,0.362748362985282,0,4957.0000000001,0.164819299412589,0.0112765856914664,0.0504067219137293,0.378837384283543,1210.9204892789,0.125,434,2,"SNETWORK (2 17 1210.9204892789 0.0504067219137293 100001022 434)",100
41,100001023,-0.511785023866222,95,-0.886598059773572,-0.0928456434617663,0.315622755524543,0.310024668600395,0.31737100022456,0.975112693362866,1.12909879557383,0.583669912818059,-0.188824626400267,0.606043851766575,0.529790804253791,0.309870964082545,0.606043851766575,0.606043851766575,0.537943723653202,-0.554421022449299,-0.686393161941928,0.010962913694736,-0.728808778916525,-0.720739219712526,0,-0.434965034965035,-0.700859950859951,-0.511785023866222,10,-0.433035737947246,0.770190557709566,0.773733570140304,0.72518914322216,-0.511569335512286,-0.130104321894754,-0.186265462118093,-0.230908406366812,0.11049210209288,700.0000000001,0.494634967660169,0.0746206984379279,855.0000000001,0.408019541261226,0.902654508821395,0.0369934627984521,0.342533159498583,-0.541756136550605,-0.106553238385295,-0.107898768946145,0.00243295683680587,-0.280364653586187,0.0025966441499754,-0.264949327306668,-0.273978956044836,-0.219810251807606,0.238347637638758,0.430417158961117,0.129331132030444,0.212731656674047,-0.658232714974315,-2.60749408789749e-15,0.102215627178161,0.139017963839617,0.167198521564845,-0.71759521444668,0.185311427941118,-0.0786784324618748,-0.614645572541902,-0.614645572541902,0.277027752664741,-0.540806104873074,0.463149645766142,0.292817426737197,0.317400367195558,0.444640474677231,1.30500924459238,1.07811416621222,0.00968499931275351,855.0000000001,0.0202716100623111,0.0167218526361409,0.269232282762225,1.24355997610837,2217.78019178614,0.0625,1301,2,"SNETWORK (2 41 2217.78019178614 0.269232282762225 100001023 1301)",100
28,100001024,-0.110097882169913,195,-0.790377993358492,-0.853832397374456,-0.715996162004961,-0.715344983900652,-0.711097017555422,0.76195668791699,0.762481814739017,2.05032822564465,-0.445866685615324,0.273935034958501,0.0874381797419371,2.76542832479532,0.273935034958501,0.273935034958501,-0.0422460416341356,-0.886473206959921,-0.955828100022236,0.684385267401526,-1.27071142563639,0.468172484599588,-2.26546906187625,-1.53286713286713,0.194922194922195,-0.110097882169913,8,-0.48131618246895,1.41859757393801,1.43585014750492,0.884108450981278,-0.104902170576,1.92951504457653,-0.441508219068601,-0.841343999662506,0.114044618634366,4623.0000000001,0.842933775636943,0.0690467882681716,3717.0000000001,0.410327673886507,1.25326144942345,0.0458612322425328,0.488107984088442,0.619056341469914,2.09101779438588,1.42390466895497,-1.02830344103629,0.896801982089057,-0.824493225974861,-0.0567390950494114,-1.04621565642519,-0.493623727441327,0.440649720424588,0.399615932431636,-0.0525820173051232,0.978628643132665,-0.366608996487314,-0.66811243551443,-0.897784372821839,-0.860982036160383,-0.832801478435155,0.523564132227164,0.51069515151234,-0.0629015873056286,0.597972312480213,0.597972312480213,0.0838452587267248,1.06316675953723e-11,-0.758498858098085,-0.725095760228099,-0.527223512413691,-0.689316011854184,0.0413495526692414,0.417492610968319,0,4623.0000000001,0.0308459033680085,0.0150153287745244,0.209768661206256,0.938835412159954,1782.68718606117,0.125,736,2,"SNETWORK (2 28 1782.68718606117 0.209768661206256 100001024 736)",100
3,100001025,-0.237906326058134,121,-0.226804037760009,-0.273941878615531,-0.467885001197052,-0.45962963966976,-0.447550990366083,-0.379196239204114,-0.441471066572974,0.548985549427124,0.753557597743699,-0.0428376257028888,-1.24446699473307,-0.146579387928625,-0.0428376257028888,-0.0428376257028888,-4.38101467128066,0.160166227746333,0.228650661287024,1.1183924729912,-0.0306532049674798,0.0739219712525668,-0.0898203592814364,1.0005994005994,0.837837837837838,-0.237906326058134,7,0.301570376466234,2.27966178070273,2.3289099032614,-0.119688949748518,-0.231804233863408,1.22825509428285,0.753733301364843,0.535011328133275,1.73297968376408,2044.0000000001,5.66329777319925,0.184284965774333,5495.0000000001,1.61902157894952,7.28231935204876,0.229423567571098,-0.306787633674774,0.354960979048383,0.859293948889614,0.377853726338042,-0.748631147289108,0.316233363440916,-0.515794346850629,0.704042259622054,-0.124984965817873,-0.240494864163014,0.700150214601276,0.707315234821095,0.162002279457054,1.4126281198214,-0.183656619125852,-0.461007527196321,-0.821149641903404,-0.771489828416355,-0.732146337175012,0.415762557577688,-0.777148042614348,1.14790656203114,0.462615534720217,0.462615534720217,-0.241020815638271,-4.41222686274758,0.00154119093261557,-0.0300848012424155,0.540067771087786,-0.114724593445357,-0.212273939738442,-1.02551427733763,0,5495.0000000001,0.178417605155953,0.0510059623151443,0.602406599159026,1.90031005268867,2059.10711744799,0.0624998605480869,122,2,"SNETWORK (2 3 2059.10711744799 0.602406599159026 100001025 122)",100
15,100001026,1.02461027105394,362,0.288659805977357,0.708741764562854,0.0737102907633875,0.0682577010310203,0.067165878475577,-0.489171952834023,-0.668377221578064,0.0966941178193784,-0.0678273726956405,-1.01232585186587,0.064132737509379,0.784378420554461,-1.01232585186587,-1.01232585186587,0.252677076504962,0.661025743055774,0.772893810135014,-0.0779804326555748,0.819802960282389,0.850102669404518,-2.28293413173653,-0.85454545454545,0.879299754299754,1.02461027105394,9,1.58329017248366,1.74695830730718,1.77463265301341,-0.771804788610391,1.01870220759759,-0.911439760647862,-0.0656206033901679,0.789322514986513,0.440898293043051,114.0000000001,0.0803599844053846,0.119246265437135,4573.0000000001,0.871851586774615,0.95221157108,0.0329077816521899,2.5887574236626,2.60254315702451,-0.97406163614167,-0.892835909919647,0.128216799347819,-1.39697382490583,0.0983967401058346,-0.87338881145967,0.226976732801261,0.220079599544176,-2.35338664972268,-2.26131887738791,0.155557611204523,-0.490463636900759,0.562105955755759,0.451834062908153,-4.52365144789511e-15,-9.02989036134174e-15,-4.84823954093274e-15,-2.74536612651197,-0.188404240725428,-0.240802229137472,-1.55943043108527,-1.55943043108527,-2.45872722440732,1.06316675953723e-11,1.33070269330999,1.64214040731361,1.16295031250787,1.19055345067387,0.00650661936161253,-1.86845542490148,0,4573.0000000001,0.00277718617338095,0.030130595378809,0.0916434271681466,0.694499394432643,3214.25121838877,0.0625,348,2,"SNETWORK (2 15 3214.25121838877 0.0916434271681466 100001026 348)",100
41,100001027,0.588092929991094,260,0.680412427894334,0.334368660703197,0.315622755524543,0.310024668600395,0.31737100022456,0.958316458881972,0.831337912919325,-0.628654401216116,-0.657753994525552,0.298962925141784,0.555643188094613,1.98294359690643,0.298962925141784,0.298962925141784,0.26902091430179,-0.50024871176942,-0.628255183463704,-0.0517757753968154,-0.649027816408621,-0.720739219712526,0,-0.434965034965035,-0.700859950859951,0.588092929991094,10,-0.397153021345009,-3.96585051367816,-3.71414985334196,0.180937289588536,0.59129070947416,1.01595894511895,-0.699893538896755,1.25733880196819,0.144009815698189,969.0000000001,0.89242434817997,0.0353511897605293,30.0000000001,0.00678235993861522,0.899206708018586,0.0860309810240415,0.114543520141872,-0.907836914196152,0.298369129873678,1.20532703977446,1.41740797236252,1.97759042586287,2.96846307563831,-0.420683111854598,-0.110068134146337,0.239175039506217,0.547573379691347,0.54314817197296,-0.190454933236794,0.663792206038337,0.562105955755759,0.451834062908154,0.102215627178161,0.139017963839617,0.167198521564845,0.174309972930357,0.507506568717114,0.328248330268188,0.183078762990058,0.183078762990058,0.216510163338112,1.06316675953723e-11,-0.419325805785499,-0.406229807143513,0.212992964838455,-0.496660727706239,0.69506832768772,-0.535989242483208,0,969.0000000001,0.0853820833293532,0.000648897594688229,0.815113885267433,0.851330935761921,3145.72090225409,0.0625,1466,2,"SNETWORK (2 41 3145.72090225409 0.815113885267433 100001027 1466)",100
41,100001028,0.292681867157635,225,-0.419244275461604,0,0.315622755524543,0.310024668600395,0.31737100022456,0.995560358692744,0.885019529688967,-0.453017831330064,-0.488401380933771,0.600730268809751,0.763955709376149,0.488037634902185,0.600730268809751,0.600730268809751,0.405620961092831,-0.701486569786469,-0.832408176055703,-0.282618875607188,-0.860471301537679,-0.720739219712526,0,-0.434965034965035,-0.700859950859951,0.292681867157635,10,-0.455581153801798,-0.108817380267733,-0.108132228284274,0.55670305062317,0.290394519333145,0.306002270986823,-0.485060762750074,-1.16452231772725,0.162697083832954,904.0000000001,0.940597322904524,0.0643887004456616,314.0000000001,0.129298904980147,1.06989622778467,0.0511681032140077,0.210183322729754,0.329856584283114,1.13851955995983,-0.232227239435406,-2.09824406151554,0.324088509522418,-2.20170106655523,-0.41631582903007,-2.02843245541999,-0.870114271444247,0.184199274608374,0.512606165311759,-0.935308997260948,0.732936817198372,0.562105955755759,0.451834062908154,0.102215627178165,0.139017963839613,0.16719852156484,0.102647572060514,0.304230659563739,-1.14733361824287,0.10600214181052,0.10600214181052,0.289068700400549,1.06316675953723e-11,-0.603096254457492,-0.573832715303091,-0.951620025826995,-0.416587038827645,0.353316405014281,-0.123479232249706,0,904.0000000001,0.0449843447959201,0.0061837583180876,0.698845949463465,0.582479273551144,2948.07776780985,0.0625,1431,2,"SNETWORK (2 41 2948.07776780985 0.698845949463465 100001028 1431)",100
17,100001029,-0.24852472793777,171,0.152577399052067,0.406018494492994,0,0,0,-0.280939181047239,-0.283847563401805,0.0510238520334376,0.966436687421997,0.458876146341527,-0.174654481285185,-0.0277894131236184,0.458876146341527,0.458876146341527,0.447063412653229,0.0285811960860494,0.0668876733693766,-0.232356243519847,0.0507326365518311,-0.443531827515401,0.0161216029479497,0.044324905863371,-0.265923265923267,-0.24852472793777,9,-0.320427568492274,-2.42953716572877,-2.33521170111257,0.00560512165375964,-0.251274457779984,-0.633330049002617,0.966049312903659,0.302746637041409,0.0760437975742815,102.0000000001,0.0124011096170214,0.105230538682893,4447.0000000001,0.748178970837911,0.760580080354933,0.0549992596601033,-0.224414814640912,-0.21075553940328,-0.132384489943882,0.106881721681322,0.37632285469367,-0.131017670973859,0.593516517522717,0.568021108750571,0.821807638134375,1.89637869510601,0.546583320950094,0.430247514486262,-0.878462176299374,0.514665376207344,0.121428129376515,-0.277526342387342,0.102215627178165,0.139017963839622,0.16719852156485,-0.0952979982195286,-0.705609536433383,0.810531043834794,-0.0939654367885296,-0.0939654367885296,-0.128134452964734,1.06316675953723e-11,-0.641750932533826,-0.617247580777665,-0.139102285816982,-0.655211197560502,0.335580322923561,-0.0787438147704763,0,4447.0000000001,0.000896752174907496,0.0541025073851958,0.59710733488925,1.91869224775734,2121.24595821745,0.125,590,2,"SNETWORK (2 17 2121.24595821745 0.59710733488925 100001029 590)",100
29,100001030,-0.791318147863466,92,-0.790377993358492,-0.853832397374456,-0.715996162004961,-0.715344983900652,-0.711097017555422,0.533662482798903,0.497998390902204,1.76301754922816,-0.0236235829138549,0.964723799188151,-0.163190276099818,2.80662529419642,0.964723799188151,0.964723799188151,0.0343073940875501,-0.583112163207062,-0.6866608013465,0.176053329136629,-0.795202314243935,1.05602816075095,-3.18648417450813,-1.88851148851148,0.604422604422604,-0.791318147863466,8,-0.115669373087734,1.07850898754299,1.0874014676844,0.190892683171027,-0.788701361056338,-0.430882007157657,-0.018230332969918,-0.397390933474732,3.57983987991623,2816.0000000001,16.1172528006729,0.0466589022682739,25.0000000001,0.00186495910800141,16.1191177596809,0.625927995168426,5.41525091547403,5.50135285317699,0.182201551145635,-0.163481606123032,-0.433225912311451,-0.660690033520328,-0.368353836611003,-0.312734427084639,-0.515509065524296,-0.522631941922883,-0.349237635862753,-0.396496164974903,-1.28469144401813,0.0112962082441219,-0.471792152073761,-0.752292666128179,-0.897784372821835,-0.860982036160383,-0.83280147843515,0.927928855669761,0.101619313945857,-1.70978762124518,1.1710159044929,1.1710159044929,-0.882584700328382,-6.77320185689803,0.730537801174193,1.53661993362324,1.26218307050409,0.509254947005003,-1.60272420548961,-1.71963128102366,0,2816.0000000001,0.625855576089287,7.24189791385626e-05,0.563694980940821,0.254728464991786,1211.38890378784,0.25,887,2,"SNETWORK (2 29 1211.38890378784 0.563694980940821 100001030 887)",100
3,100001031,-0.2924834096868,109,-0.226804037760009,-0.273941878615531,-0.467885001197052,-0.45962963966976,-0.447550990366083,-0.357099057603523,-0.423184283820459,0.570283577965261,0.785090481096825,-0.0456557993659473,-1.21631508312945,-0.131027140072579,-0.0456557993659473,-0.0456557993659473,-4.39023898740947,0.171211342091535,0.235272887419743,1.14778444366535,-0.022107002757124,0.0739219712525668,-0.0898203592814364,1.0005994005994,0.837837837837838,-0.2924834096868,7,0.0846723534782803,-0.0733063132829721,-0.0728781043766187,-0.16176651935063,-0.293126038665516,0.463653018821456,0.785130279136187,-1.00957080199219,0.171960072671094,2473.0000000001,0.679902707355886,0.064769356370064,1698.0000000001,0.175833775448224,0.855736482704111,0.0406705512455448,0.387424942841763,-0.0898862583371192,0.504504268753684,0.25174912822556,-0.390252139670798,0.439443183327793,-0.407252254022695,0.778346595756613,-0.656313588327543,-1.34402355314508,0.529850655264553,0.230481663617689,-0.572561338481255,0.240861043977841,-0.183656619125852,-0.461007527196321,-0.897784372821839,-0.860982036160374,-0.832801478435145,-0.167874080895265,-0.620399909095714,0.797507366499149,-0.162771815287269,-0.162771815287269,0.0822641830261052,-4.38801062566544,0.841066206124993,0.711498091117722,1.39430095810459,0.598393164446179,-0.918079178647316,-1.09294788714354,0,2473.0000000001,0.0323137068379934,0.00835684430755137,0.552884517605814,1.20380702897607,1987.70119237943,0.0624998605480869,110,2,"SNETWORK (2 3 1987.70119237943 0.552884517605814 100001031 110)",100
12,100001032,0.32175588973521,233,0,-0.0695595240108285,-0.467885001197052,-0.45962963966976,-0.447550990366083,-0.615131703952702,-0.705883226523716,0.0296697796852437,0.0854284576070416,-1.06202698144869,-1.69158045869869,0.0158870397614157,-1.06202698144869,-1.06202698144869,-5.58910908028607,0.514452878033248,0.651770862021144,1.77341788196245,0.296091210418077,0.184804928131415,-0.778443113772456,0.103496503496504,0.51023751023751,0.32175588973521,7,-0.347379516039993,1.90679317167241,1.94034700747639,0.712093822209409,0.320421511104968,0.40160002937795,0.0873456050112116,-0.708143518115694,0.353314169459578,3737.0000000001,2.11095602872111,0.140703412259104,346.0000000001,0.0778351493799575,2.18879117800107,0.0735692061591492,3.1199370349479,-0.925686646112518,0.18577330016037,0.787058478799372,0.886024258141114,-0.106001164048713,0.654589116352179,0.0895238757470272,0.7050164902877,-2.4542738805571,0.159890914210405,0.164709732376074,0.079148738019009,0.43630936136331,0.223123099423871,0.103212322371746,-0.751834212897414,-0.690544926566656,-0.641104661755899,0.52277577072956,0.84173298773702,0.511315925627008,0.596957487844867,0.596957487844867,0.40630613206509,-5.18690350822339,0.0556618678166055,0.0643739294170025,0.787366447016252,-0.11519138994434,0.572881753968661,1.27322998193176,0,3737.0000000001,0.0709530267754255,0.00261617928372363,0.247774284799536,1.62146319976366,2701.94594345805,0.0312499302740435,233,2,"SNETWORK (2 12 2701.94594345805 0.247774284799536 100001032 233)",100
13,100001033,0.984917846596729,331,0,-0.0695595240108285,-0.110963835372034,-0.110383201657025,-0.109843962764069,-0.794028732981947,-0.990210115961123,-0.0977626828691433,-0.426507306445895,-1.76502318210485,-1.35351101171253,0.72755656926047,-1.76502318210485,-1.76502318210485,-2.95434584117188,0.796115615902732,1.051561572312,2.16179163402624,0.580088592244158,1.07186858316222,-1.64670658682635,0.299300699300701,1.38452088452089,0.984917846596729,7,1.01260836765531,-0.496376988801554,-0.490746193466111,-0.694066680861867,0.98265923389178,0.140115237768734,-0.42340229177882,0.846457102338153,0.0491759277534322,2232.0000000001,0.175485721688258,0.0482122679315252,376.0000000001,0.0289828067660902,0.204468528354348,0.0104711779940981,0.104626546337458,0.163432100371391,-0.318306306917397,0.191535622980672,0.787578508893329,0.283073517781076,0.88391228848553,-0.313577838119558,0.857788727259434,0.453806450340239,0.243323305330142,0.121663413561827,-0.204394448508481,0.0526687467820577,0.223123099423871,0.103212322371745,0.000480866141918987,0.0349290148369488,0.115671933158067,-0.4444512689512,0.145692941237448,0.0846511441184627,-0.404602218784806,-0.404602218784806,-0.0836319171012748,-2.9203327088716,-0.055019441859635,0.0876548045059598,0.313163774651861,-0.121856563422882,-0.947137570244162,-0.88273821159854,0,2232.0000000001,0.00898691952405999,0.00148425837003807,0.41372992416799,1.37692149728537,3251.43289095267,0.0156249651370217,331,2,"SNETWORK (2 13 3251.43289095267 0.41372992416799 100001033 331)",100
41,100001034,0.188588580923932,212,-0.419244275461604,0,0.315622755524543,0.310024668600395,0.31737100022456,1.01294266240127,0.910681797378149,-0.376967933999477,-0.470487340810494,0.679763892373672,0.750870735723385,0.205036886291529,0.679763892373672,0.679763892373672,0.424973704063151,-0.699475203278675,-0.827671485500248,-0.370899649833182,-0.841774793133661,-0.720739219712526,0,-0.434965034965035,-0.700859950859951,0.188588580923932,10,-0.436260318961806,-0.282912045009489,-0.280494548325405,0.492515674313973,0.187242582304861,0.730229183930594,-0.466108876835361,-0.991832888236207,0.198730912510526,1141.0000000001,1.45012890817472,0.0506821450907774,181.0000000001,0.0586663544639725,1.50879526253869,0.0744085281608556,-1.03022600279186,-0.788160884489994,1.29662867694962,0.403699277857654,-1.44234380798987,0.69026592751357,-1.56095860108579,-0.201085580885415,-1.32275122078888,-0.585533416693641,0.502861893711095,0.296264778134167,0.0406689581302744,0.563991683289771,0.104478913822056,0.495413267855919,0.102215627178161,0.139017963839617,0.16719852156484,0.373434341484099,0.781523472068621,-1.75354199595086,0.411303972625762,0.411303972625762,-0.181904039312514,1.06316675953723e-11,-1.15146568861043,-1.03076365090765,-1.35749715546233,-0.919132521761623,0.864238600410142,0.264546362899409,0,1141.0000000001,0.0715153077654365,0.00289322029541906,0.658278516083809,1.42327470176876,2879.11744238503,0.0625,1418,2,"SNETWORK (2 41 2879.11744238503 0.658278516083809 100001034 1418)",100
43,100001035,0.270553534333406,149,0.12371145778112,0.869954874556633,0.965149594579297,0.947078472655203,0.966783102940535,0.142761214969049,0.078011504912511,-0.414922616130198,-0.500822830309485,-0.152777316401527,0.778083181270799,-0.209887752902886,-0.152777316401527,-0.152777316401527,0.0826736236877017,0.60194423300438,0.453390315278728,-0.376898584590059,0.800039434262538,0.147843942505134,-0.958083832335329,-0.581818181818182,-0.163390663390663,0.270553534333406,11,-0.407669532484851,-0.282206655567426,-0.279797774969595,0.456512329584236,0.270251073142417,0.197291211605118,-0.497469663863392,-0.146830791174575,0.0229670362926158,3.0000000001,0.0679038931995141,0.0361627869066231,6.0000000001,0.21383638620601,0.281740279305525,0.0138927198424417,-0.211335819225609,-0.142126008742433,0.0853231386985491,0.125031106113871,0.0634328875934926,0.277763668584699,0.0680039174505549,-0.466583056847435,0.194710984963353,0.0839198454013726,-0.0782065511342915,-0.0540480059324172,0.0275643537698178,-0.122615205849832,-0.353148128111645,0.538992472803682,2.19258446122347,2.15155944355969,2.28302402457116,-0.554763732181304,-0.205257696672481,0.399340641346083,-0.492669537120956,-0.492669537120956,0.755101051310586,1.06316675953723e-11,0.323218380726413,0.19598752916341,0.224411040625202,0.31384649219384,0.223426499040099,0.196593147751994,0.0255772995394381,6.0000000001,0.00334836665496487,0.0105443530874768,0.582467572817417,2.17010182264605,3647.20126247057,0.0312500660060792,1618,2,"SNETWORK (2 43 3647.20126247057 0.582467572817417 100001035 1618)",100
15,100001036,0.965170962334599,353,0.288659805977357,0.708741764562854,0.0737102907633875,0.0682577010310203,0.067165878475577,-0.424102023121251,-0.560391053230813,0.173005032521837,-0.0171558418684182,-0.826738714252527,0.0996520164747348,0.0753064168470024,-0.826738714252527,-0.826738714252527,0.288487458845007,0.568958745067849,0.678151877000713,-0.316277429505841,0.74735672424446,0.279260780287472,-1.27411842980705,-0.441958041958041,0.405132405132405,0.965170962334599,9,1.11516542748372,1.26530175443251,1.27847317504599,-0.726690089343971,0.962445886846507,0.292126706433217,-0.0143307803779822,-0.131091509441596,4.6737294515974,960.0000000001,7.17350452138126,0.229149235205052,618.0000000001,0.22641409614834,7.3999186174296,0.278127601334259,6.5286304085946,4.00829320011376,0.0774836546142805,0.74499644210028,0.847416495708468,-0.0333254525005508,0.69949885641279,0.0412991716779318,-0.158499907575453,-0.161886749906144,0.692694798565913,0.493555891391979,-0.845297158440182,1.14250384746321,0.562105955755759,0.451834062908154,-4.52365144789511e-15,-4.51494518067087e-15,-4.84823954093274e-15,0.604739472101533,0.952302632193237,-1.87214871598343,0.704492281139557,0.704492281139557,-0.52386145212717,-0.0349017032938537,-1.08540841863364,-1.02582695165001,-1.9685902199494,-0.69915612247497,1.5548019579614,0.854738354595434,0,960.0000000001,0.269617776643475,0.00850982459078346,0.0141322212993488,0.363970143858625,3160.1506092827,0.0625,339,2,"SNETWORK (2 15 3160.1506092827 0.0141322212993488 100001036 339)",100
29,100001037,-1.04703678623971,34,-0.790377993358492,-0.853832397374456,-0.959757100198023,-0.960709455694412,-0.961711264614227,0.423853347899165,0.353012118675548,1.58629028310682,0.126023435356228,0.868312547727636,-0.219398082962766,2.93680234174328,0.868312547727636,0.868312547727636,-0.0969214687874674,-0.331114218708626,-0.432424661744142,0.50667819877938,-0.538030376993316,0.388090349075976,-1.93862275449102,-1.29510489510489,0.10534398034398,-1.04703678623971,8,0.75495866831392,-0.545517253701847,-0.538974002764485,-0.561897382234872,-1.04668397326862,-0.837338305976697,0.127693759961879,0.706688563981473,5.42269662448477,1727.0000000001,14.9727788993531,0.0972369582533464,411.0000000001,0.0638951586186508,15.0366740578717,0.776774633294967,0.364970573924363,0.323028562705906,-0.74771059295309,-0.881357714100592,-0.189686255224399,-0.881984849469343,-0.215848546130386,-0.330296296462503,-0.0857660066786746,-0.104371948841907,0.210474681296502,-0.021631551208375,-0.976789926829576,-0.0135976524144063,-0.471792152073761,-0.752292666128179,-1.4058558810172,-1.37829262321507,-1.40813399619979,-0.142165963732287,-0.5214250764294,0.878326945003931,-0.13866540998576,-0.13866540998576,0.486105194642387,1.06316675953723e-11,-0.0545260130066598,-0.242174804614565,-0.00758090193430475,-0.0438303599167932,-0.190927014419568,0.487040610730553,0,1727.0000000001,0.773473894073365,0.00330073912160161,0.208774697963584,1.57986483722925,882.124082373359,0.25,829,2,"SNETWORK (2 29 882.124082373359 0.208774697963584 100001037 829)",100
43,100001038,0.362540921823659,167,0.12371145778112,0.869954874556633,0.965149594579297,0.947078472655203,0.966783102940535,0.25349525076499,0.21194308820107,-0.226623947500591,-0.583766544483106,0.032530269848512,1.02298473113599,-1.08918339614936,0.032530269848512,0.032530269848512,-0.110177769676149,0.749196330938287,0.622425692429808,-0.661112388655924,1.03771187393541,0.147843942505134,-0.958083832335329,-0.581818181818182,-0.163390663390663,0.362540921823659,11,-0.466762746037414,0.00456023195740038,0.00453811672095077,0.593958641634254,0.361531972709659,0.445071810037759,-0.580159480542198,-0.401088526368016,0.0497159095860156,3.0000000001,0.146989092413484,0.0951244675909573,13.0000000001,1.21872032934739,1.36570942166087,0.064023867767725,0.3810690079558,0.490605092304903,-0.0459106328770258,0.462706081532189,0.772608166444857,0.404621275006616,0.794204288300926,-0.620171234309847,0.74208082891405,0.477787887633827,-0.0788713309098048,-0.450057192131272,-0.109951088183116,-0.260217933820819,-0.353148128111645,0.538992472803682,2.19258446122348,2.15155944355969,2.28302402457116,0.428542230762416,0.617145909077754,-1.86231379300313,0.478307933417062,0.478307933417062,2.79428355047137,1.06316675953723e-11,0.512329694008007,0.471444027348267,0.274634203430949,0.508835945401457,-0.201429679486957,0.0349854343840785,0,13.0000000001,0.00689078514529237,0.0571330825224326,0.652862734923708,0.307996699528303,3749.88449332673,0.0312500660060792,1636,2,"SNETWORK (2 43 3749.88449332673 0.652862734923708 100001038 1636)",100
35,100001039,0.955545840119725,215,1.95876350285277,1.6240746339498,1.45807027539656,1.42805593959054,1.43873085382348,0.643242417248285,0.565242666828045,-0.113072046226539,-0.271709377997737,0.0303843806873437,1.14558972785629,-0.234571687772335,0.0303843806873437,0.0303843806873437,-0.585907317592645,-0.504323098086613,-0.617098238961314,-0.842452818005803,-0.509418834219999,-1.3305954825462,1.62674650698603,0.565034965034965,-1.23832923832924,0.955545840119725,12,-0.144768165651852,-0.134595249883773,-0.133703233030333,-0.0423366436163715,0.950349181094464,-0.36196657677715,-0.268833135038219,0.556703610046366,0.307611151937195,78.0000000001,0.153445353056949,0.0820059332520429,1176.0000000001,0.616750710623617,0.770196063580566,0.0370025978004555,0.156515668775817,-0.232463403084016,-0.522611957388185,-0.121536048197666,0.628236850971085,-0.314859818469014,0.66163120774216,-0.385367402695125,0.571809605069664,0.407406116929275,0.0808089133973182,-0.175826169513959,-1.13806186527377,-0.0258082486234944,0.596004386864676,1.11697181886013,2.19258446122347,2.1515594435597,2.28302402457116,0.231179915606022,0.113080614565006,1.17682253609201,0.246108620006467,0.246108620006467,-0.485990422329253,-2.31433222605308,0.202977333563743,0.382354262769085,0.151309748739401,0.199812799213374,-0.695781894701715,-0.469777962383375,0,1176.0000000001,0.00737198868403934,0.0296306090164162,0.288551211530617,1.21768293161432,5509.94855360498,0.0156249669969604,988,2,"SNETWORK (2 35 5509.94855360498 0.288551211530617 100001039 988)",100
37,100001040,-0.0119570060247943,15,1.29896932353205,1.22104076566898,1.50580654500643,1.48232234240258,1.49987706507974,0.0867130856554374,0.0180187588480639,-0.464716197971326,0.727438688369934,-0.270416953457137,0.614285478429632,-1.11210254008494,-0.270416953457137,-0.270416953457137,-0.496447363226155,-0.499538316073249,-0.533468153391184,-0.393228021374793,-0.585624921969034,0.170020533880904,-0.850299401197607,-0.17062937062937,0.240786240786241,-0.0119570060247943,12,1.21511816195268,-0.0510550988946988,-0.050771391139937,-0.730226843010417,-0.0128617894964761,0.200761280849901,0.727556838316346,-0.819624969189605,0.169159875663678,659.0000000001,0.712918416117059,0.255874177131783,1e-10,1e-10,0.712918416117059,0.0337502784165222,-0.29372617645104,0.159003080860814,0.925764978513123,0.311806440760948,-0.956830091181913,0.22112822007726,-0.994016977214777,0.644829900884648,-0.96573433670552,-1.91913564400846,-1.61874515811384,-1.41364887584843,-1.40020119231352,-0.461191968016116,0.528207847926239,1.07109749798066,2.70840082864406,2.67872578178212,2.82264244254144,-0.986357261630702,-0.229658298547975,0.417066512551706,-0.796741007103262,-0.796741007103262,-0.670535008897428,1.06316675953723e-11,0.825707024060858,1.14956297924201,1.19706944101629,0.629218412611504,-0.284448209368549,0.937358600128817,0,659.0000000001,0.0337502783165222,0,0.0818300094732674,1.14265794708626,4314.77719461209,0.0312499339939208,1063,2,"SNETWORK (2 37 4314.77719461209 0.0818300094732674 100001040 1063)",100
3,100001041,-0.230861308338312,123,-0.226804037760009,-0.273941878615531,-0.467885001197052,-0.45962963966976,-0.447550990366083,-0.37882634417443,-0.442595499313772,0.550679293100753,0.749523952790631,-0.0495009759075858,-1.24255366533055,-0.160699347585222,-0.0495009759075858,-0.0495009759075858,-4.37659843238052,0.156913328378832,0.225819675015252,1.11365342308486,-0.0338860192602192,0.0739219712525668,-0.0898203592814364,1.0005994005994,0.837837837837838,-0.230861308338312,7,-0.110855097635678,3.44407742405778,3.55889789327057,0.568388673480307,-0.227553417853817,0.492634665676827,0.750577166958455,-0.469883931070907,2.26301628084207,4365.0000000001,15.7930845643506,0.0997072365231732,7076.0000000001,1.12800113794731,16.9210857021979,0.435825431993669,-1.61482380568235,-0.994819610397117,0.514656207823456,0.868491035722367,0.570747529436397,-0.398258736489349,0.324743038350239,0.328681989925737,0.246276790200278,0.5074848968301,-0.791833347545121,-0.704743749648275,0.161619368351887,-0.325901938221136,-0.183656619125852,-0.461007527196319,-0.751834212897418,-0.690544926566652,-0.641104661755909,-0.0842159038980263,-1.03754086446246,0.569243426076108,-0.0832521211553212,-0.0832521211553212,2.44104320684069,-22.175338963144,1.1483596169035,1.03715147843331,0.894194718771538,1.05576958926276,0.474112594106515,-0.77990884822507,0,7076.0000000001,0.40677223804229,0.0290531938513793,0.609903417242227,1.15000166764956,2069.91678484306,0.0624998605480869,124,2,"SNETWORK (2 3 2069.91678484306 0.609903417242227 100001041 124)",100
3,100001042,-0.0906463607117614,151,-0.226804037760009,-0.273941878615531,-0.467885001197052,-0.45962963966976,-0.447550990366083,-0.401044860716289,-0.47033273719353,0.534982176881973,0.67276979725189,-0.179573518689887,-1.28076508765705,-0.321073248071051,-0.179573518689887,-0.179573518689887,-4.47266552229305,0.147086197935465,0.219408093730553,1.04585114913751,-0.0338617912365465,0.0739219712525668,-0.0898203592814364,1.0005994005994,0.837837837837838,-0.0906463607117614,7,-0.605391231831727,-0.765714625839352,-0.754274163660499,0.734412375727264,-0.0877370010311238,0.761478541898534,0.673068658363907,0.258463605274903,6.01820354119815,2320.0000000001,22.3228628582649,0.816974478357261,989.0000000001,1.29181349073418,23.6146763488991,1.26840325742694,-0.214330346474688,-0.232858468865136,1.12488057466366,0.292187409136642,-1.30541646832468,0.845699878394751,-1.53924929359352,0.916922043637377,-1.3324414917317,-2.54981748410823,0.353569257010135,0.645589740140557,0.154055444710773,1.49537319689727,-0.183656619125852,-0.461007527196321,-0.751834212897414,-0.690544926566656,-0.641104661755904,0.678395891716681,0.243892599553388,-0.0526974104396162,0.804704516088185,0.804704516088185,-0.324972375704589,-4.92674389411872,-0.223645029865675,-0.143933392868013,0.252780811314026,-0.291954895108866,0.38561841573254,0.0947476226024852,0,2320.0000000001,1.19901672773079,0.0693865295961426,0.718022577754496,1.33567700907588,2225.81388027755,0.0624998605480869,152,2,"SNETWORK (2 3 2225.81388027755 0.718022577754496 100001042 152)",100
17,100001043,-1.03790588122389,7,-0.711340194022643,-0.147031598306002,-0.358045591966192,-0.357303355798844,-0.355675841278248,0,0.000620156701222631,0.408295833014595,1.43787120910322,0.605187884233352,0.0684209162092839,-0.115617518374522,0.605187884233352,0.605187884233352,0.515316414463134,0.0218752568454623,0.000420580852058244,-0.580226992781539,0.105961283720872,-0.596303901437372,0.141716566866268,0,-0.395577395577396,-1.03790588122389,9,0.879578220596725,-0.289005327259492,-0.286512858573208,-0.646801138541284,-1.0356876731592,-0.00957507398148896,1.43624397386425,-0.940311416152584,0.390378903742357,1e-10,1e-10,0.207790063170544,1383.0000000001,0.459455579330426,0.459455579330426,0.022683130546498,2.30730226276367,3.26581121892247,0.543185667852075,-0.257429031529652,-1.10905275183559,0.0916254481107142,-1.20169716605547,0.85331368714303,-0.668821642202136,-1.93609111564423,-0.0637103152123263,-0.259698905117739,-1.14913939671964,-0.0431000284163644,-0.675181930528773,-0.587156310063935,-1.4058558810172,-1.37829262321507,-1.40813399619979,0.763490276316162,0.95903283065888,-2.08278256727024,0.924854477470925,0.924854477470925,0.738080903519755,-0.213572169534899,0.0591191233555416,-0.0122222213518171,-1.46058909210369,0.431655388512663,0.0131466098085599,-0.107014458368006,0,1383.0000000001,0,0.022683130446498,0.0213504867283426,0.213560887956757,1162.53819320507,0.125,426,2,"SNETWORK (2 17 1162.53819320507 0.0213504867283426 100001043 426)",100
17,100001044,-0.307368068858254,162,0.152577399052067,0.406018494492994,-0.241215637293384,-0.241906399880321,-0.243823950879704,-0.257656875582432,-0.25493675277693,0.0814630999180174,0.988937713597602,0.505190781589511,-0.140601315140542,-0.0209445480568075,0.505190781589511,0.505190781589511,0.452312849407534,0.0132776390031325,0.0493100502824165,-0.257224246681675,0.0359914429471528,-0.443531827515401,0.0161216029479497,0.044324905863371,-0.265923265923267,-0.307368068858254,9,-0.133500506807041,0.286257838366298,0.285884193782669,0.122616143782239,-0.308400139583049,0.0175159707405499,0.988490589652765,-0.212391493085152,0.479296205943802,301.0000000001,0.230657224284239,0.100616546685106,2001.0000000001,0.321894139978006,0.552551364162245,0.0246511924477726,0.169967957351542,0.288120327968155,0.285573499711187,-0.236490061515208,-0.796566598167576,-0.0259002545156655,-0.779591512817015,0.632292153506357,-0.636887679444887,-1.4784755803827,1.24117503461711,1.02908530104473,0.182916366212311,3.30050446080652,0.121428129376515,-0.277526342387342,-0.436779537893807,-0.415214034551716,-0.415772957658408,0.809801792654197,1.37127647292498,0.0237278595817385,0.992279772850848,0.992279772850848,-0.0525848563620349,1.06316675953723e-11,-1.26184657483882,-1.20241269476461,-1.05942186079706,-1.11203526821327,0.903759116638935,0.165299163524171,1.54186321552948e-14,2001.0000000001,0.0102904018876487,0.0143607904601239,0.56345912764158,0.996950379461208,2065.2174495334,0.125,581,2,"SNETWORK (2 17 2065.2174495334 0.56345912764158 100001044 581)",100
37,100001045,0.250608192600446,66,1.29896932353205,1.22104076566898,1.45807027539656,1.42805593959054,1.43873085382348,0.109668830740932,0.0373640783779881,-0.494483065961884,0.661009031101247,-0.364523237523261,0.61525149900641,-1.05681727154492,-0.364523237523261,-0.364523237523261,-0.520061732981388,-0.55653872376188,-0.603598635207613,-0.467962276604399,-0.643804219932294,0.665297741273101,-1.69993346640053,-0.507226107226108,0.644007644007643,0.250608192600446,12,-1.07072971115881,-0.178719764263477,-0.177433766755635,2.35653963563166,0.251418532344062,0.743666263035927,0.661457461551105,-0.838680854131884,0.156281939368393,265.0000000001,0.264857165945787,0.0932956877193868,568.0000000001,0.33889640952214,0.603753575367927,0.0292327221643906,0.911119250408831,0.938833559687329,0.290613200843481,0.7361477603873,0.65988976114424,0.671073498542241,0.700374991968856,0.830233560926994,0.637836599710342,1.23559509260283,0.934776094555814,0.389128771447034,0.257113042561435,0.496687102065391,0.528207847926239,1.07109749798066,2.19258446122348,2.15155944355969,2.28302402457116,-0.528362540078555,-0.182253841055148,0.549521377825682,-0.472003579269243,-0.472003579269243,0.441590403050152,-0.0522817883325152,-0.482221287161581,-0.456567690547843,0.185894484826779,-0.558999971984874,-0.033228959745693,-0.312325887999157,0.00135554085611405,568.0000000001,0.0128239338582736,0.016408788206117,0.383604056953417,2.0347154176625,4621.11312489576,0.0312499339939208,1114,2,"SNETWORK (2 37 4621.11312489576 0.383604056953417 100001045 1114)",100
12,100001046,0.494916029536456,262,0,-0.0695595240108285,-0.467885001197052,-0.45962963966976,-0.447550990366083,-0.703351487142523,-0.822007437521232,-0.0966593239961108,0.0238790874105073,-1.2465051090086,-1.73846957161172,-0.0832995573639415,-1.2465051090086,-1.2465051090086,-5.47034323960041,0.507637603006118,0.656993939670208,1.73081675067591,0.295298216281963,0.184804928131415,-0.778443113772456,0.103496503496504,0.51023751023751,0.494916029536456,7,-0.450197608969412,1.52172454426555,1.54200619738261,0.933655747623233,0.491760708282088,-0.0628604233292533,0.0259238818191277,0.120343534426678,1.1374872879196,1988.0000000001,3.6154134244356,0.548410895333792,1026.0000000001,0.899597975682338,4.51501140001794,0.162276847740679,0.00198276358258605,-0.126082029446957,0.237761645033741,0.363016576776257,0.193053139874787,-0.389425600304711,0.153233659048222,-0.115665545004068,-0.505148246205882,-0.545852738525126,0.0815062601645009,0.264445053201995,0.172744169411692,0.675997175244564,0.223123099423871,0.103212322371745,-0.751834212897409,-0.690544926566656,-0.641104661755904,0.767067792059649,-1.82686575491644,-0.479928364126171,0.930011174131564,0.930011174131564,-0.34973669459462,-3.92904589376147,0.0247777571790822,0.0471377239910448,0.557235628757802,-0.0934221133870203,-0.369500112932846,-0.382905609401777,0,1988.0000000001,0.129943834345499,0.0323330132951806,0.837637647256904,1.49051737785339,2867.51671636078,0.0312499302740435,262,2,"SNETWORK (2 12 2867.51671636078 0.837637647256904 100001046 262)",100
41,100001047,0.369387283610529,235,0.680412427894334,0.334368660703197,0.315622755524543,0.310024668600395,0.31737100022456,1.04964494357931,0.921723924109814,-0.49167827198333,-0.542025576151301,0.638033215337478,0.94938249386052,0.557655732059822,0.638033215337478,0.638033215337478,0.368511666794088,-0.756405831574204,-0.874109828280775,-0.394544326252191,-0.909219442860039,-0.720739219712526,0,-0.434965034965035,-0.700859950859951,0.369387283610529,10,-0.0292497468455598,-0.0123080009554512,-0.0122456930310723,-0.0387194193891446,0.368932428297292,-0.0771679219102817,-0.538503934989361,0.936519230459754,0.0806481423835868,724.0000000001,0.373412174731988,0.087329510606757,543.0000000001,0.303260882847995,0.676673057479983,0.031816507994137,0.32854719694618,-0.386284647074091,-0.280766214766387,-0.239437460783574,0.0705426940115704,-0.0423534488821433,0.0724292599524027,-0.727934697174546,0.194386372201992,0.0709457704596465,0.41888150020369,0.104806288890613,-1.01033526990458,0.104411851593427,0.562105955755759,0.451834062908154,0.102215627178161,0.139017963839617,0.167198521564845,0.0670642277333222,-0.118065619752069,1.12108479000076,0.0686786203310202,0.0686786203310202,0.665684260723483,-0.0697716199833117,0.35659612530306,0.301533690050902,0.780175757804443,0.216141542127405,0.546851301289055,0.779883151858775,0,724.0000000001,0.0175574766460282,0.0142590312481088,0.731389442649732,0.226606019864148,3003.39824765343,0.0625,1441,2,"SNETWORK (2 41 3003.39824765343 0.731389442649732 100001047 1441)",100
17,100001048,0.473381241877755,267,0.152577399052067,0.406018494492994,0.0737102907633875,0.0682577010310203,0.067165878475577,-0.529177797556439,-0.617047374072376,-0.173335448252896,0.64656017622251,-0.226288455922413,-0.385546011919956,0.151587098727027,-0.226288455922413,-0.226288455922413,0.365854084937162,0.24941815343153,0.317314457116395,0.0153665232622594,0.283796209703036,-0.443531827515401,0.0161216029479497,0.044324905863371,-0.265923265923267,0.473381241877755,9,-0.655565431183237,-1.14213221652502,-1.11918413162249,0.987420258615314,0.480568948109772,2.4389992750623,0.648965623317696,-0.257600086846446,5.46887051647641,1414.0000000001,12.3635623963697,0.376207198788691,748.0000000001,0.449909614443758,12.8134720107135,0.735810051130329,0.473804978908238,0.603546366851828,1.35340754984761,1.36293625157817,-0.000469844010618695,1.87037248390947,-0.00219541356475228,1.35589779404672,-0.599908367462484,-1.10773604266082,0.463075569394339,0.288851423910142,0.359837350994591,0.841723663516483,0.332570952918281,0.0719330627847484,-4.52365144789511e-15,-4.51494518067087e-15,-4.84823954093274e-15,0.703213247374034,-0.748445224134329,1.35569140104121,0.839253629679536,0.839253629679536,-0.177045846821629,1.06316675953723e-11,-0.609170522474998,-0.598430548178752,-0.0260650024576833,-0.646835104792666,0.142933040504453,-1.40240360527862,0,1414.0000000001,0.709974117099611,0.0258359339307182,0.930022120521584,2.30561639747185,2675.59106256601,0.125,686,2,"SNETWORK (2 17 2675.59106256601 0.930022120521584 100001048 686)",100
3,100001049,-0.167351975626777,137,-0.226804037760009,-0.273941878615531,-0.467885001197052,-0.45962963966976,-0.447550990366083,-0.383690812772333,-0.44990474582799,0.556071111562707,0.708076285478651,-0.102983105859357,-1.2463915912668,-0.262771073533391,-0.102983105859357,-0.102983105859357,-4.40939424764727,0.149981302088944,0.222042274882814,1.07415698094154,-0.0353924426938658,0.0739219712525668,-0.0898203592814364,1.0005994005994,0.837837837837838,-0.167351975626777,7,-0.61884929084807,0.407925760267297,0.408007698116523,0.990875457351234,-0.168866447620377,-0.218733897117579,0.70911162280801,-0.477132699859793,1.17531454579068,4274.0000000001,8.03125958308337,0.232621335014881,4345.0000000001,1.61597396221338,9.64723354519675,0.421296920421547,-0.371949338720928,-0.409072036975585,0.293579979130174,0.652057495937354,0.559532502720543,-0.284680858335881,0.536088069092079,0.372386749286506,-0.293125104292184,-0.543801025896834,1.02811861377853,0.811985423133271,0.157589197653172,2.08032827934693,-0.183656619125852,-0.461007527196321,-0.751834212897414,-0.690544926566656,-0.641104661755904,0.382967829041986,0.77607711138429,0.447676153616756,0.422772385005046,0.422772385005046,-0.318550179754274,-0.190018781518973,-0.533049974561261,-0.442825407790018,0.297342358529662,-0.641593292431378,0.367602344303509,0.17150601937587,0,4345.0000000001,0.350726963620934,0.0705699567006125,0.663931365462724,0.289765140022842,2147.81972230533,0.0624998605480869,138,2,"SNETWORK (2 3 2147.81972230533 0.663931365462724 100001049 138)",100
43,100001050,-0.277102110682965,51,0.12371145778112,0.869954874556633,0.532114998802948,0.540517197237357,0.552449009633917,-0.352661662022879,-0.330964439595779,-0.782419693634532,-0.0882919222026604,-0.482923562554665,0.546955466120533,-1.16980167946189,-0.482923562554665,-0.482923562554665,0.403735300797827,0.694738518919384,0.486394636658526,0.083235093590994,0.832790571430704,0,0.0419161676646709,0.81118881118881,0.429975429975429,-0.277102110682965,11,0.88330961530399,0.458540221340436,0.458917676519451,-0.616871252877453,-0.276168068256989,-0.45167150451742,-0.0859552772889514,0.578994506907756,0.139849171142442,1e-10,1e-10,0.0999831204371286,6.0000000001,0.591216303169271,0.591216303169271,0.025590213639217,0.187980313129502,0.27979717930168,0.320518105608366,0.0289119189191951,-0.445639322193393,-0.552413208593275,-0.422999777778774,-0.31229926353122,-0.3331845033068,-0.30849672712761,-0.107890580006875,-0.0706560426046152,-0.796415218852737,-0.0702953332451769,-0.353148128111646,0.538992472803682,0.102215627178165,0.139017963839617,0.167198521564845,-0.174723738944017,-0.471357274210189,-0.162943186712963,-0.16914601450333,-0.16914601450333,-0.364213436777195,1.06316675953723e-11,0.112424402811295,0.026912265819647,0.47755251911124,0.0218221201723729,-0.410142505661257,-0.0506066815626114,0,6.0000000001,0,0.025590213539217,0.203575902436259,2.39672896731645,3094.52378158799,0.0312500660060792,1522,2,"SNETWORK (2 43 3094.52378158799 0.203575902436259 100001050 1522)",100
3,100001051,-0.403323729740896,83,-0.226804037760009,-0.273941878615531,-0.467885001197052,-0.45962963966976,-0.447550990366083,-0.341616060206406,-0.414532817259485,0.587565217456124,0.842247895300607,-0.0474164094773597,-1.19159034769889,-0.0905376981698543,-0.0474164094773597,-0.0474164094773597,-4.6772912676105,0.212695277209796,0.269668835519317,1.20184419489731,0.0202970243917162,0.637577002053388,-1.16766467065868,0.37272727272727,1.11578624078624,-0.403323729740896,7,1.13924596786969,0.607535074789924,0.609139332425044,-0.692414749104082,-0.403036334971279,-0.0773794063728831,0.842302605884313,-0.624112817460718,0.182910206229301,3791.0000000001,1.10863033542272,0.126999005408812,3339.0000000001,0.677972023287438,1.78660235861016,0.0753367334595465,-0.384767961676814,-0.441620311983546,-0.00983493486737199,0.389839577408988,0.628716619421536,-0.191842483620426,0.581823679808639,0.483415844463912,0.391767854009312,0.838616758994496,0.44421634187524,0.746157503351506,0.170330372577113,0.625984373813054,-0.183656619125852,-0.461007527196319,-0.849021708326805,-0.804038161642357,-0.768754631474961,-1.04265974376014,0.121050845391469,-0.498580648443337,-0.832076227756309,-0.832076227756309,0.0324750804493311,-12.4116738319452,0.228146446790804,0.118779931453354,0.492679247488703,0.144911406856362,0.262819923715185,0.204412371815001,0,3791.0000000001,0.0467482803706583,0.0285884529888882,0.445756814789149,0.514428626571316,1833.23368051051,0.0624998605480869,84,2,"SNETWORK (2 3 1833.23368051051 0.445756814789149 100001051 84)",100
17,100001052,-0.433589687916186,145,0.152577399052067,0.406018494492994,-0.358045591966192,-0.357303355798844,-0.355675841278248,-0.178617160742613,-0.171217834279549,0.151144199841007,1.07487037682378,0.621548319950915,-0.0679298639479471,-0.0813314230488189,0.621548319950915,0.621548319950915,0.471382953897763,-0.0313244949194692,-0.00442465047639509,-0.344441294128259,-0.00427314445038468,-0.33264887063655,-0.333618477331052,-0.204195804195803,-0.181818181818182,-0.433589687916186,9,0.640654011414011,0.637483589204506,0.639398154626893,-0.500575463799648,-0.434124375610002,-0.625346625476619,1.07473916275731,0.578178839488912,0.102326733853736,4810.0000000001,0.786920325233957,0.14281192574997,729.0000000001,0.166451831560832,0.953372156694789,0.039990947035337,-0.0904403152014189,-0.132979697093386,-0.639274726062374,-0.392328471762885,0.39347808923506,-0.804790011299824,0.362350911548649,0.222412307411044,-0.0690344184075212,-0.159932652781411,-2.35338664978353,-2.57957875762477,0.189886738749104,-0.487003030141041,0.121428129376515,-0.277526342387342,-1.4058558810172,-1.37829262321507,-1.40813399619979,-1.66209345324936,-0.0532021848066623,0.041715428265675,-1.16521331913943,-1.16521331913943,0.823941984927412,1.06316675953723e-11,0.458842664758421,0.690794804597807,0.324230251437108,0.438273469065685,1.43530265330437,0.875905703266718,0,4810.0000000001,0.033008819008489,0.00698212792684802,0.504599076869983,1.46464765363393,1967.20804173564,0.125,564,2,"SNETWORK (2 17 1967.20804173564 0.504599076869983 100001052 564)",100
17,100001053,0.0810214369590134,222,0.152577399052067,0.406018494492994,0,0,0,-0.475923726019285,-0.525626508215538,-0.142923890656161,0.727077353608396,0.0567472825329638,-0.351497425262995,0.209674443645699,0.0567472825329638,0.0567472825329638,0.385303631011247,0.234472199208799,0.298091857567448,0.00186840749591591,0.26742278518362,-0.443531827515401,0.0161216029479497,0.044324905863371,-0.265923265923267,0.0810214369590134,9,-0.566872757813125,-0.127020398687336,-0.126190948755533,0.887934623859972,0.0814687452417396,0.773095245504583,0.743512432274302,-0.601398616912163,0.121233669612426,1022.0000000001,0.198093726178165,0.109382032763275,4526.0000000001,0.79151128995144,0.989605016029604,0.0474802417812835,0.645459301119252,1.3690053633721,0.213852159718814,-0.329294350805526,-0.802264152600329,0.677119833369423,-0.844808998524774,0.872203026630774,-0.982356546338926,-1.74941380119716,-0.436658062967606,-0.448428372717958,0.159459462938005,-0.104175517473251,0.121428129376516,-0.277526342387342,0.102215627178161,0.139017963839617,0.16719852156485,1.05598864112307,-0.98113390981911,1.90916703242105,1.37625555336609,1.37625555336609,-1.42301851421146,1.06316675953723e-11,-0.392145774054888,-0.187725886413803,-0.211240707984184,-0.364406202202546,-0.477256181385402,0.793229462759848,0,4526.0000000001,0.00950433540487056,0.037975906276413,0.77505609440979,0.964471218196408,2417.55308521316,0.125,641,2,"SNETWORK (2 17 2417.55308521316 0.77505609440979 100001053 641)",100
12,100001054,0.401041410683156,247,0,-0.0695595240108285,-0.467885001197052,-0.45962963966976,-0.447550990366083,-0.663364113817231,-0.764080999262789,-0.0515135892790851,0.0481111943474544,-1.12675004026155,-1.74328454279058,-0.0480399273355798,-1.12675004026155,-1.12675004026155,-5.43718244273593,0.496705520342005,0.638466472946173,1.71103075117285,0.285135900367327,0.184804928131415,-0.778443113772456,0.103496503496504,0.51023751023751,0.401041410683156,7,0.533133865435517,-0.143267421995191,-0.14230195376415,-0.491933757772189,0.405798465842818,0.453091898533088,0.0501385049905527,0.840232661555346,0.0716403786310056,1952.0000000001,0.223579880551727,0.179627996928879,1460.0000000001,0.419297156328626,0.642877036780354,0.0309330517750259,0.287198006228022,0.488955997270857,-0.424866202161396,0.678975902643197,1.68068579162953,0.449891997807848,1.77348685938948,0.338766047013812,1.64476033705324,1.90917289636194,0.461775554992925,0.589645245445281,-0.737535287477829,0.928613028199725,0.223123099423871,0.103212322371745,-0.751834212897414,-0.690544926566656,-0.641104661755899,0.109934734430055,0.0683041183046291,0.153549494281103,0.11372252324661,0.11372252324661,-0.349593203822476,-4.31987296656843,-0.187066115337876,-0.139953340189123,0.570836850181214,-0.335420618108377,0.465420075548226,0.308281184876511,0,1952.0000000001,0.0107579017462217,0.0201751499288042,0.538803442941692,0.61336297290359,2783.6359173023,0.0312499302740435,247,2,"SNETWORK (2 12 2783.6359173023 0.538803442941692 100001054 247)",100
13,100001055,0.57558971938174,273,0,-0.0695595240108285,-0.467885001197052,-0.45962963966976,-0.447550990366083,-0.844328219975384,-0.992636786045807,-0.3964850455742,-0.170109299985713,-1.03980394228604,-1.77171366089162,-0.290312344734166,-1.03980394228604,-1.03980394228604,-2.92013530688125,0.400436951731908,0.618796741454782,1.52665220300086,0.197522869052164,0.184804928131415,-0.778443113772456,0.103496503496504,0.51023751023751,0.57558971938174,7,-0.449298826815069,3.41577276380919,3.52872126302324,1.21670539260392,0.575973824569033,0.577156729899659,-0.167256274193135,0.29584285375675,0.580226530542471,2550.0000000001,2.36555362492235,0.100383503761401,1361.0000000001,0.218431621374182,2.58398524619653,0.0668798562622894,-0.776807148374613,-0.0429342370536878,0.523204762133079,0.597382637432,0.111907329454823,-0.338097884992445,0.0657947568859583,-0.275319725145508,-0.133250863636583,-0.108387420090268,0.828494747954469,0.683529397762661,0.0295513860370457,1.58940604171297,0.223123099423871,0.103212322371746,0.000480866141923511,0.0349290148369443,0.115671933158067,0.411797890322306,-1.47261407193207,-0.165884870741621,0.457766257437728,0.457766257437728,-0.111508746315029,-0.534697989785605,-0.710371830026767,-0.64336504453491,-0.133052787918698,-0.731829137014713,-0.259018315268547,-0.577655667007543,0,2550.0000000001,0.0612263117257716,0.00565354443651774,0.0175429717430604,1.87721187714487,2927.43714197262,0.0156249651370217,273,2,"SNETWORK (2 13 2927.43714197262 0.0175429717430604 100001055 273)",100
17,100001056,-0.746564842382627,81,-0.254295665086778,0.276450920905401,-0.358045591966192,-0.357303355798844,-0.355675841278248,-0.0931941568926558,-0.0819465275301887,0.248520044055068,1.21446654365158,0.64693858340096,-0.0163310126405586,-0.0510476025307905,0.64693858340096,0.64693858340096,0.497153569923021,0.00234497552064937,0.00730178321031719,-0.412648150825079,0.0506632956534445,-0.596303901437372,0.141716566866268,0,-0.395577395577396,-0.746564842382627,9,1.19362864535127,0.474776044056362,0.475261387286872,-0.710513282313599,-0.746976222534314,-0.744756672327611,1.21364225148646,0.289335916542311,0.0928594118523522,186.0000000001,0.0276143896440176,0.133830390219423,2569.0000000001,0.549686945282315,0.577301334826333,0.0249168324113482,2.92897213530678,2.56055181616703,-0.474345370397231,-1.06768965365425,-0.811614528878798,-0.936304150015144,-0.76828010419358,0.188263992133776,-0.486023673940981,-1.2675900930094,-0.181996560514772,-0.172243014688223,-1.11037974682019,-0.221256566008964,-0.658232714974315,0,-1.4058558810172,-1.37829262321506,-1.40813399619979,-1.02741963909268,-0.918739748638033,-0.388386779397497,-0.822603156679829,-0.822603156679829,0.929495970042878,1.06316675953723e-11,-0.280682995102564,-0.485700985871362,-0.414698087577656,-0.193175699969463,0.468916972164905,-0.0909075894439061,0,2569.0000000001,0.00119186129021286,0.0237249710211353,0.276731698825252,0.475043708807789,1587.78011930224,0.125,500,2,"SNETWORK (2 17 1587.78011930224 0.276731698825252 100001056 500)",100
41,100001057,0.0123541194285817,188,-0.886598059773572,-0.0928456434617663,0.315622755524543,0.310024668600395,0.31737100022456,0.939369711809163,0.897246299433298,-0.331384610131433,-0.40488013588606,0.884151947279276,0.60006192516298,0.737393413349525,0.884151947279276,0.884151947279276,0.472821110116343,-0.648343393273087,-0.775919730641173,-0.268971082547842,-0.795971248296036,-0.720739219712526,0,-0.434965034965035,-0.700859950859951,0.0123541194285817,10,-0.588245097069148,-0.366390008051322,-0.362860184107903,0.772424879486183,0.00881137897812798,-0.0582125925147546,-0.399082112272733,-1.10596671995467,0.1156597775045,1029.0000000001,0.761120231705526,0.0622679944525084,371.0000000001,0.147738718160994,0.908858949766519,0.0454872481333436,-0.305952339561669,-0.205914523295521,0.092483852741907,-0.313547601595238,-0.629591463334356,0.063947619852549,-0.691914006611221,-0.380336275343014,-0.854033924860137,-0.435908626465244,0.909999487415012,0.755374766969709,0.0667310182384896,1.40017556248927,-0.353148128111645,0.538992472803679,0.102215627178165,0.139017963839617,0.167198521564845,-0.0262316323900292,-0.418007206834424,0.863085805296163,-0.0262839987762263,-0.0262839987762263,0.0534357852462509,-0.0212675154080372,-0.643882890173774,-0.609385475468014,-0.17576926600811,-0.648688100111074,0.0158581871208273,-0.71848547511926,0.00154897777044952,1029.0000000001,0.0380931108957444,0.00739413713759922,0.574702466476628,1.07367325418404,2737.04704013173,0.0625,1394,2,"SNETWORK (2 41 2737.04704013173 0.574702466476628 100001057 1394)",100
29,100001058,-0.551278792390481,136,-0.790377993358492,-0.853832397374456,-0.715996162004961,-0.715344983900652,-0.711097017555422,0.604970385991693,0.581434304074485,1.78834253847256,-0.194661921439171,1.22680395734427,-0.252930362426798,3.56703311336786,1.22680395734427,1.22680395734427,0.155421092408718,-0.734565147432169,-0.833321701596045,0.604569092917485,-1.06458717329028,0.340041067761807,-1.74251497005988,-1.15244755244755,0.0515970515970513,-0.551278792390481,8,0.170314033909598,-0.352700854053255,-0.349366067821226,-0.264987430321357,-0.552869483145907,-0.659506883172736,-0.192108759215445,-0.0599692164263069,4.09573278704509,1926.0000000001,12.6119622788568,0.0519986988113953,15.0000000001,0.0012470346900951,12.6132093134469,0.629750960787929,-0.470332194517626,-0.539482887440341,-0.34424636368376,-0.554657215907793,-0.322805849167999,-0.647094610086691,-0.354230831390918,-0.482114977884249,-0.307471435831342,-0.246124120986501,0.766287216589029,0.722373613252884,0.024244916014421,0.944973539019045,-0.471792152073761,-0.752292666128179,-0.897784372821839,-0.860982036160378,-0.832801478435155,-0.23149184600965,0.494258800517747,-0.0886620124436114,-0.22119588050244,-0.22119588050244,0.115643225787605,-0.0894291064008566,-0.641239516892688,-0.652196373307693,-1.18625136089429,-0.40168082022094,0.990753092734255,1.02304393696487,0,1926.0000000001,0.629688698878772,6.22618091568865e-05,0.829591347362923,0.503449023761128,1458.06491472281,0.25,931,2,"SNETWORK (2 29 1458.06491472281 0.829591347362923 100001058 931)",100
43,100001059,0.107120267346839,116,0.12371145778112,0.869954874556633,0.965149594579297,0.947078472655203,0.966783102940535,0.0151203735979219,0.0179006573772851,-0.464534919702301,-0.351763925939981,-0.323653941565576,0.794224516587625,-0.873193740897596,-0.323653941565576,-0.323653941565576,0.250744604005938,0.455293937613961,0.265536010320632,-0.41735688944237,0.62256061308106,-1.14579055441478,2.23053892215569,2.01958041958041,-0.227886977886978,0.107120267346839,11,1.13439226728001,-0.348587401036098,-0.345310250931811,-0.720111180726965,0.10421875667829,-0.654458438719978,-0.348298959666925,0.801075433939013,0.638452640213731,6.0000000001,3.77527334924237,0.0357334863152735,3.0000000001,0.105648931363278,3.88092228050565,0.193625569993496,0.369628351276688,0.362642708484379,-0.843482532187562,-0.434313048919609,0.634650149024315,-0.640778962545641,0.693898825003542,-0.686190584765546,0.415972895449491,0.252546141726453,-0.285146154183802,-0.633858092530468,-0.0194211933584194,-0.377411522413759,-0.353148128111646,0.538992472803681,2.19258446122347,2.15155944355969,2.28302402457116,-0.862681330273114,-0.13212074292339,0.171304496738957,-0.715780666269916,-0.715780666269916,0.122334951899404,1.06316675953723e-11,0.548743332916842,0.509094556302073,0.691816373709222,0.532949919668645,-0.333582815566171,-0.25293628659594,0,6.0000000001,0.188354571649658,0.0052709982438383,0.457256754446284,2.47823624656445,3464.5601407827,0.0312500660060792,1585,2,"SNETWORK (2 43 3464.5601407827 0.457256754446284 100001059 1585)",100
17,100001060,-0.351724062473188,157,0.152577399052067,0.406018494492994,-0.241215637293384,-0.241906399880321,-0.243823950879704,-0.240765784878326,-0.237418989384331,0.0931856768118674,1.00628782959513,0.496231506108879,-0.160008690182883,0.00137816765474697,0.496231506108879,0.496231506108879,0.456257414793722,0.0127408517123287,0.0481012964934683,-0.241640482037903,0.0324618712926329,-0.443531827515401,0.0161216029479497,0.044324905863371,-0.265923265923267,-0.351724062473188,9,-0.43848499544465,-0.25124449416788,-0.24920093241794,0.501747459574242,-0.346717873439086,1.08326893257901,1.00567365298807,-0.207180342663416,0.965765601568374,4980.0000000001,7.68949201049239,0.10364387522207,225.0000000001,0.0372840203401698,7.72677603073256,0.378934145643741,-0.428483966381627,-0.161034719329034,0.703704108598845,0.81663412989589,0.169278524735906,0.912135215967502,0.181530121333845,1.09335180020197,0.380978828892009,0.902449725143539,-1.19179626274305,-1.15219101004859,0.184354998178843,-0.415787681928036,0.121428129376515,-0.277526342387342,-1.4058558810172,-1.37829262321507,-1.40813399619979,0.464676169958325,-0.50088590320987,1.31734627566207,0.52318781882487,0.52318781882487,-4.50645612060264,1.06316675953723e-11,-0.228777789227211,-0.04931543011224,0.323848456219562,-0.314744983658433,0.906488580881637,1.22446184130371,0,4980.0000000001,0.377105674225802,0.00182847131793823,0.54553558382154,2.56244655419141,2035.3724886064,0.125,576,2,"SNETWORK (2 17 2035.3724886064 0.54553558382154 100001060 576)",100
43,100001061,0.14681269180405,125,0.12371145778112,0.869954874556633,0.965149594579297,0.947078472655203,0.966783102940535,0.0442697704682297,0.0296335521731401,-0.485123320560772,-0.36955852905003,-0.214147446966186,0.85550565449625,-0.9821397634517,-0.214147446966186,-0.214147446966186,0.263847972182416,0.457472164273249,0.269363067863651,-0.543030959044265,0.648313972567489,-1.14579055441478,2.23053892215569,2.01958041958041,-0.227886977886978,0.14681269180405,11,0.790252832518303,-0.207060647371397,-0.205494940030263,-0.611649722712981,0.143524563335869,-0.773471147643136,-0.366608459887839,0.497779078534844,0.0336460227681083,4.0000000001,0.132636236214994,0.0435818723471595,5.0000000001,0.21475552836586,0.347391764480854,0.0169044003465159,-0.21573768716236,-0.359676048751844,-0.986992928493602,-1.02779373426983,-0.0469528067614016,-0.846255573862057,-0.0506495663472282,-0.842841742803062,-0.0324672024260118,-0.0184563839141491,-1.20532343483076,-1.04645167934677,-1.38249477724466,-0.451744230211941,-0.353148128111646,0.538992472803681,2.19258446122347,2.15155944355969,2.28302402457116,-0.233809476387145,0.623437080371188,-0.0329666122913662,-0.223291692713631,-0.223291692713631,6.08429691646018,1.06316675953723e-11,0.514396975030619,0.260892425329166,-0.311057396896762,0.65259147698206,-0.887140354595312,-0.137228471736049,0,5.0000000001,0.00645420027868349,0.0104501999678325,0.493586870350446,3.06544531621251,3517.55374953078,0.0312500660060792,1594,2,"SNETWORK (2 43 3517.55374953078 0.493586870350446 100001061 1594)",100
3,100001062,-0.577971366405956,38,-0.494845044588713,-0.486027089260215,-0.640656641110964,-0.630828421199535,-0.621755757978306,-0.302546065791487,-0.388856210824951,0.672908601613881,1.15445171229589,-0.0106932185493485,-1.14769207112027,0.400926035662582,-0.0106932185493485,-0.0106932185493485,-4.8211190521803,0.259732519798755,0.265746034290533,1.27378112920049,0.0664279199745064,0.0221765913757709,0.149700598802395,1.22237762237762,0.834152334152334,-0.577971366405956,7,0.778603423125545,1.42951881475074,1.44708144733486,-0.52331151510151,-0.576368766310449,-0.141141397161183,1.15355053811111,-0.0244257446978163,0.0642314721768742,501.0000000001,0.0514494381581763,0.123573353136411,4190.0000000001,0.82781613760415,0.879265575662326,0.0321142052864172,5.54010949336832,1.26151250516585,-0.324413860004482,1.01174719115808,1.81156031083706,-0.440521181597136,1.45236528357702,0.470539682815634,1.4046300957088,3.564489512892,2.01524151033491,1.19315399219807,-0.291196837764067,1.92844421811389,-0.471792152073761,-0.752292666128177,-1.18925004229544,-1.14240241065604,-1.14012895284057,-0.75371878521321,-0.475892265630179,0.264171000697114,-0.640470735268697,-0.640470735268697,-0.105215857200763,-2.29588137523951,-0.531749521799487,-0.615080549366407,-0.273133402889093,-0.502353526288479,-0.144136544364734,-0.223876905576718,0,4190.0000000001,0.00187913396867545,0.0302350712177417,0.252308361116022,0.449274910643169,1554.30021579395,0.0624998605480869,39,2,"SNETWORK (2 3 1554.30021579395 0.252308361116022 100001062 39)",100
17,100001063,-0.424461205533692,147,0.152577399052067,0.406018494492994,-0.358045591966192,-0.357303355798844,-0.355675841278248,-0.179821266780061,-0.173567617033116,0.151144199841007,1.074596729996,0.621259122217167,-0.0682922764892586,-0.0807199555598133,0.621259122217167,0.621259122217167,0.47132130292081,-0.0316291986567945,-0.0047776925810242,-0.344362051385291,-0.00467129036247053,-0.33264887063655,-0.333618477331052,-0.204195804195803,-0.181818181818182,-0.424461205533692,9,0.368834224326456,-0.605107990543804,-0.597370438604729,-0.339001814120416,-0.425138444098851,-0.334972539058609,1.07404701479146,0.257537970544399,0.0845043770526639,1059.0000000001,0.143077630448121,0.159516261274129,1872.0000000001,0.477427445060162,0.620505075408283,0.0323942235291535,-0.404031749870886,0.193502808335576,-0.221678903952805,-0.643273363843014,-0.645446384117469,-0.172704985802582,-0.740131719110884,0.588422858627254,-0.700130871637708,-1.70268451478794,0.318757284839219,0.214129258903859,-0.966736970469455,0.374069082714129,0.121428129376515,-0.277526342387341,-0.704693502638718,-0.672835765969098,-0.675701691065629,0.251095021556434,-0.741616464776966,0.878488266994343,0.268579747313067,0.268579747313067,-0.386063936024929,1.06316675953723e-11,-0.206937344464859,-0.188390281668832,-0.0813873868952652,-0.192927728224888,0.740776357986441,0.858421705175939,0,1872.0000000001,0.00746954200641812,0.0249246814227354,0.511251813808169,0.197758837174948,1978.28568776208,0.125,566,2,"SNETWORK (2 17 1978.28568776208 0.511251813808169 100001063 566)",100
41,100001064,0.614586848073617,262,0.680412427894334,0.334368660703197,0.315622755524543,0.310024668600395,0.31737100022456,0.943221251501424,0.795794470657868,-0.6573719137876,-0.671991188874518,0.147173880892884,0.540247208768342,2.01088611300966,0.147173880892884,0.147173880892884,0.219043933755022,-0.489027183592644,-0.621341721463585,0.00613347174923255,-0.645481454533306,-0.720739219712526,0,-0.434965034965035,-0.700859950859951,0.614586848073617,10,-0.397153021345009,-10.2009968536441,-8.29600577563235,-0.616879233649416,0.611078544071264,0.281982348460823,-0.818737908144878,0.898088678112905,0.196719847051084,248.0000000001,0.312000577688764,0.0718549038391835,47.0000000001,0.0215978147198947,0.333598392308659,0.110734063768775,1.54221008971521,-7.78846202799143,0.642890261139098,0.302626963961948,0.42903549309511,3.57417507234749,0.366533095077996,-4.05036098174912,0,-0.000117896751581071,2.2809679007915,1.23849442067316,-0.190454933236794,2.56273123464883,0.562105955755759,0.451834062908155,0.901077577308938,0.889776051930541,0.940217080090571,-0.24512121902223,0.38434170663389,0.220460876808479,-0.23348829496806,-0.23348829496806,-0.0473188438744606,-0.425206142036816,-0.734028700448855,-0.696218585274858,-0.295244627241225,-0.71855660995204,0.365004533332704,-0.691418007978171,5.00222972458698e-06,248.0000000001,0.103564923064135,0.00716914060464031,0.82004706936187,2.48175410757984,3154.10679093847,0.0625,1468,2,"SNETWORK (2 41 3154.10679093847 0.82004706936187 100001064 1468)",100
17,100001065,-0.366410065711689,156,0.152577399052067,0.406018494492994,-0.241215637293384,-0.241906399880321,-0.243823950879704,-0.240765784878326,-0.237418989384331,0.096895625716638,1.00800681546906,0.497450689689306,-0.16321411993607,0.00409544530746398,0.497450689689306,0.497450689689306,0.456653295101928,0.0124096318769594,0.0476209800547631,-0.241427324529423,0.0320065841768422,-0.443531827515401,0.0161216029479497,0.044324905863371,-0.265923265923267,-0.366410065711689,9,-0.456422773052297,-0.376780812692348,-0.373099624267811,0.512582096012301,-0.360643871221225,0.81040225407956,1.00748922194426,0.130707137546786,0.411147014822348,2484.0000000001,1.63284630336635,0.106118906211944,672.0000000001,0.114014112915301,1.74686041618165,0.0875887684598697,-0.166249535926007,-0.0874962765427525,1.0803675377941,1.02222217590859,-0.101589601979321,0.771114005568575,-0.112449464423056,1.02923215005777,0.0648170084993636,0.162921398775606,0.472891097296325,0.252903063102814,0.184360712727776,0.441835078173137,0.121428129376515,-0.277526342387344,-0.675172162164508,-0.643133613208446,-0.644863779447816,0.153133629757431,-1.14611884273726,0.391427141635402,0.160033290027157,0.160033290027157,-0.302744670937735,1.06316675953723e-11,-0.63724512387306,-0.601607929709929,-0.28591467277413,-0.614809224873117,0.571861006419932,0.140218436731623,0,2484.0000000001,0.0818720232638101,0.00571674509605962,0.543660097577858,2.69923933308198,2032.24956747965,0.125,575,2,"SNETWORK (2 17 2032.24956747965 0.543660097577858 100001065 575)",100
28,100001066,0.0436133572686326,208,-0.790377993358492,-0.853832397374456,-0.715996162004961,-0.715344983900652,-0.711097017555422,0.788146868137656,0.796493602956821,2.08249471056428,-0.468927100333895,0.0538220566911292,0.0923837088269661,2.67458000408745,0.0538220566911292,0.0538220566911292,-0.101032520290661,-0.903370672140975,-0.968721571646959,0.751311629351882,-1.30426615788235,0.468172484599588,-2.26546906187625,-1.53286713286713,0.194922194922195,0.0436133572686326,8,-0.683372289226679,0.674875995689717,0.677207674746514,1.20190678855436,0.0405249721625818,-0.0279237647935321,-0.465596174638432,0.0240436639780818,0.132681905740841,1842.0000000001,0.390747395582221,0.218116354712391,6865.0000000001,2.39399664757564,2.78474404305786,0.116048331725575,0.493718824412333,-0.347597849372305,0.10396716355239,-0.155238590876615,-0.395953780220494,-0.161614669622053,-0.3616331762398,-0.62325634574376,-0.866622534607004,-0.393259854553426,1.09365715912564,0.971156682436798,0.0411634491368009,2.93427097957679,-0.175127247431901,-0.514865675575181,-0.897784372821835,-0.860982036160374,-0.83280147843515,0.63745127886923,0.0171247708886674,0.974044629547668,0.748572486007981,0.748572486007981,-0.0638070850697574,-0.013732856907683,-0.749071136776796,-0.748719824907935,-0.36573830158467,-0.718002085823355,0.215848358879364,0.451114904863806,0,6865.0000000001,0.0162835731518742,0.0997647584737004,0.299420820629313,1.17293564205969,1853.86045046996,0.125,749,2,"SNETWORK (2 28 1853.86045046996 0.299420820629313 100001066 749)",100
43,100001067,0.137979770687656,122,0.12371145778112,0.869954874556633,0.965149594579297,0.947078472655203,0.966783102940535,0.0410746927843573,0.0280918081497933,-0.481838373899072,-0.368973438871305,-0.215513561454792,0.852112563165237,-0.976743791591288,-0.215513561454792,-0.215513561454792,0.264666999541446,0.460770465727167,0.272243141494904,-0.53879375487674,0.651697284707239,-1.14579055441478,2.23053892215569,2.01958041958041,-0.227886977886978,0.137979770687656,11,0.790252832518303,-0.449325064637812,-0.444506978206417,-0.615923480655809,0.132777813375803,-1.08986420197617,-0.349695319179737,0.60339881275308,0.0451972406426204,4.0000000001,0.178172378080337,0.0537548053767913,9.0000000001,0.476791239573119,0.654963617553457,0.0332639602394866,0.159155574098524,0.178108310204284,-0.975895830261351,-0.890349562815275,0.14694690571899,-1.37473762491419,0.162919863941029,-1.19829749289522,0.156376545777418,0.111968115817139,-2.35338664978224,-2.31933865363007,0.0791002049998682,-0.489777142551677,-0.353148128111646,0.538992472803681,2.19258446122348,2.15155944355969,2.28302402457116,-2.86409319704095,-0.118957907040212,-0.317171231885169,-1.5917178951892,-1.5917178951892,-6.70451594617712,1.06316675953723e-11,0.500066055037571,0.52965580950304,0.162911617381613,0.52239438026667,-0.222100746069229,-0.0173316877482662,0,9.0000000001,0.00904892840023536,0.0242150317392512,0.481031787424011,2.0364849640935,3499.24004103179,0.0312500660060792,1591,2,"SNETWORK (2 43 3499.24004103179 0.481031787424011 100001067 1591)",100
41,100001068,0.280675296380661,223,-0.419244275461604,0,0.315622755524543,0.310024668600395,0.31737100022456,1.00703280997374,0.896409206586081,-0.436116062220496,-0.481673599808901,0.609154993850347,0.760339129930043,0.285706698079049,0.609154993850347,0.609154993850347,0.412283421979612,-0.715219183667261,-0.846889686177024,-0.343551036548171,-0.866629650017955,-0.720739219712526,0,-0.434965034965035,-0.700859950859951,0.280675296380661,10,-0.319335980008389,-0.131178985386083,-0.130315369774782,0.326146514864771,0.278402162595513,-0.39118487934366,-0.47824936326911,0.386704856554711,0.0834895034357353,466.0000000001,0.248813152425252,0.0809756203787972,588.0000000001,0.304499896231696,0.553313048556948,0.0265668644212968,0.142437398576492,-0.1503992169914,-0.231816496344337,-0.374552838306071,-0.21344485799235,-0.349609128822173,-0.225261250967963,-0.752175784239685,-0.22331352337754,-0.0809750805807802,1.01372443273041,0.667719127044084,-0.0679284340127675,0.927462306114583,0.342067056987999,0.0876499273319637,0.102215627178156,0.139017963839617,0.16719852156484,0.0709718272547758,0.454895020685261,-1.92229657792872,0.0727470557116322,0.0727470557116322,-0.0776127110389463,-0.0830492350553253,-1.14515845361322,-1.08292970982854,-1.22518796710137,-0.944187633089683,0.3856172816207,-0.515254539650797,0,588.0000000001,0.0119465558920276,0.0146203084292692,0.693036256003361,1.53622983735491,2938.20190635522,0.0625,1429,2,"SNETWORK (2 41 2938.20190635522 0.693036256003361 100001068 1429)",100
37,100001069,0.526868140508511,125,1.29896932353205,1.22104076566898,1.45807027539656,1.42805593959054,1.43873085382348,0.187638481646012,0.111563383047905,-0.467832542129957,0.549477538660174,-0.502069826699936,0.649415344934442,-0.960319033258579,-0.502069826699936,-0.502069826699936,-0.546991440879883,-0.652564420604396,-0.708008539290568,-0.549129063181619,-0.750005888354719,1.28439425051335,-2.76197604790419,-0.927972027972028,1.1480343980344,0.526868140508511,12,1.19491520303586,0.744958086973573,0.748159811281269,-0.702694867666821,0.52376431243661,-0.0147021929530791,0.550089496692317,0.0277624229649206,0.104485079579927,269.0000000001,0.179747814883667,0.0653803841587348,581.0000000001,0.242929726857938,0.422677541641605,0.017399287644565,1.84113858665122,0.343346955545405,-0.554492744067053,0.212178301561751,1.13945827955217,-0.166161512522683,1.02930553748771,0.356823311218443,0.972428985381148,1.71749812686921,-1.76583113373235,-1.80498290075098,-1.67925990841581,-0.478016706571495,0.528207847926239,1.07109749798066,2.19258446122347,2.15155944355969,2.28302402457116,-1.06349665687153,-0.346535692721649,0.372031304294938,-0.844919538104662,-0.844919538104662,-1.80694891764284,1.06316675953723e-11,1.21861650748862,1.25838515901437,0.562747290317762,1.21278916607221,-1.17809518332547,-1.85492502434721,0,581.0000000001,0.00739921951736907,0.0100000680271959,0.737324424515996,1.09784439858049,4980.18064167648,0.0312499339939208,1173,2,"SNETWORK (2 37 4980.18064167648 0.737324424515996 100001069 1173)",100
41,100001070,-0.634035946898436,66,-0.886598059773572,-0.0928456434617663,0.315622755524543,0.310024668600395,0.31737100022456,0.988705016916436,1.16799592897516,0.848362711593261,-0.114654241185662,0.455492065065553,0.480651119996776,0.395521975263816,0.455492065065553,0.455492065065553,0.558276211062117,-0.410176028843604,-0.548823398333375,0.0989623888480755,-0.563067586007032,-0.720739219712526,0,-0.434965034965035,-0.700859950859951,-0.634035946898436,10,-0.14843955417594,3.2354068315053,3.336737998497,0.246055091647472,-0.633528476916677,-0.874111546158021,-0.112305154315822,0.335037185680556,0.0414682391099322,27.0000000001,0.00716036073809699,0.116407347207679,2500.0000000001,1.86112670126724,1.86828706190534,0.0498850584827778,-0.038528467144632,2.37184265710139,-0.753956907112116,-0.481945341409156,0.412436750440134,-1.55861332891768,0.243728734076716,-1.06252408863236,0.560557641382718,0.511407156046885,0.76738314434949,0.506273505610751,-0.737278043004408,0.254686590008131,-0.658232714974315,-1.30374704394875e-15,0.102215627178161,0.139017963839617,0.167198521564845,-0.739938866212133,-0.62494235287899,0.0988955374488745,-0.630670694785728,-0.630670694785728,-0.181643751076138,1.06316675953723e-11,-0.208092792665956,-0.198417881992219,-0.263424978473931,-0.150216383848253,-0.522376856241347,-0.215917400621514,0,2500.0000000001,0.000191188504045011,0.0496938698787328,0.173747044723196,1.36330277100205,2055.46543485257,0.0625,1272,2,"SNETWORK (2 41 2055.46543485257 0.173747044723196 100001070 1272)",100
13,100001071,0.654179944564352,283,0,-0.0695595240108285,-0.467885001197052,-0.45962963966976,-0.447550990366083,-0.846615426659436,-1.00232427632636,-0.422024921871586,-0.18688339697008,-1.15577945567718,-1.72424936418295,-0.290705619863068,-1.15577945567718,-1.15577945567718,-2.91840151222647,0.412665408204723,0.636386784161471,1.54368686426692,0.209820980628636,0.184804928131415,-0.778443113772456,0.103496503496504,0.51023751023751,0.654179944564352,7,-0.53024665895553,-0.470755099112166,-0.465574236020493,0.920781972639885,0.653250207784165,0.685644121474721,-0.184407670628045,-0.456541727616924,0.0630138734951336,3199.0000000001,0.322288976047264,0.0774660762811608,911.0000000001,0.112830099293421,0.435119075240685,0.0221824726938095,0.222277796149858,-0.0830495133689138,0.274512784654954,-0.08478386891715,-0.551892147089521,0.710474069487229,-0.618000814168998,0.234062836400149,-0.540124329365849,-0.435847525862181,0.374110454547146,0.0269011235838593,0.0255942868315693,0.308621412433988,0.223123099423871,0.103212322371743,0.000480866141918987,0.0349290148369443,0.115671933158063,0.754877460824269,1.15106125986731,0.229583771132509,0.912475103096749,0.912475103096749,0.0827347557828908,-3.67842554283409,-0.390191812843468,-0.269175940896982,-0.189302805540944,-0.367565725710656,0.721035027707215,0.70587347133617,0,3199.0000000001,0.0164303676503394,0.0057521049434701,0.0852003802681192,2.20101818908006,2982.76635616041,0.0156249651370217,283,2,"SNETWORK (2 13 2982.76635616041 0.0852003802681192 100001071 283)",100
3,100001072,-0.0564123276062044,158,-0.226804037760009,-0.273941878615531,-0.467885001197052,-0.45962963966976,-0.447550990366083,-0.409955977061611,-0.477827172582991,0.524592325980549,0.662823264213572,-0.20922329832738,-1.2913000529078,-0.330815662319548,-0.20922329832738,-0.20922329832738,-4.45611187083253,0.14125431097414,0.212763224524205,1.03653769662309,-0.0395078727204636,0.0739219712525668,-0.0898203592814364,1.0005994005994,0.837837837837838,-0.0564123276062044,7,-0.488093647280501,-0.199353201296926,-0.197865631934049,0.601485063562915,-0.0557242286589917,0.775275834213537,0.663766129384923,0.269488667002524,0.91676354865745,4709.0000000001,6.90209705342776,0.350171795042454,925.0000000001,0.517866632894035,7.4199636862218,0.360571705527869,-0.128636200215331,0.311877295698096,0.878263471179374,1.01172357120794,0.195815231105389,0.698393271435892,0.208213083641897,0.844144512794754,0.334657447266411,0.65079430491614,0.333115657038462,0.410632868087589,0.257283995269453,1.1392739478208,-0.183656619125852,-0.461007527196322,-0.751834212897418,-0.690544926566656,-0.641104661755904,0.88458819066865,0.994334051959006,-0.310968095957461,1.10428946154251,1.10428946154251,-0.169232190597773,-9.94895599281323,0.0361554257964725,0.217850698823581,0.507031507430008,-0.0688323619278631,0.291588605162115,0.375993037976634,0,4709.0000000001,0.335406076205183,0.0251656292226857,0.745195881595732,1.90306919347495,2264.99508666258,0.0624998605480869,159,2,"SNETWORK (2 3 2264.99508666258 0.745195881595732 100001072 159)",100
16,100001073,0.701019137341191,302,0.288659805977357,0.708741764562854,0.0737102907633875,0.0682577010310203,0.067165878475577,-0.704147199867582,-0.781833319923844,-0.36549946171693,0.407991545673697,-0.238002313760234,-0.47628394762216,0.479434638154831,-0.238002313760234,-0.238002313760234,0.370009821583986,0.565757622857034,0.659970977611659,0.269633669702254,0.636061972870513,-0.443531827515401,0.0161216029479497,0.044324905863371,-0.265923265923267,0.701019137341191,9,-0.438168926063858,-0.626428796245093,-0.618240448578343,0.647178764148647,0.703041682550126,1.58365703242876,0.408939565982511,-0.492050504408557,0.114033813924738,1753.0000000001,0.319603951527121,0.111120542702266,4466.0000000001,0.79343188068799,1.11303583211511,0.0583270840826026,-0.104046990589202,-0.240072580623697,0.516604601501931,1.10047599699274,0.900763965164428,1.30585467710505,1.03446876844301,0.982470072066757,0.763717105271426,1.2277293607685,0.55460821401117,0.536893016563149,0.228886923892304,1.31605749671524,0.562105955755759,0.451834062908155,0,-4.51494518067087e-15,-4.84823954093274e-15,0.786067594859711,1.15899822141449,-1.55182762879426,0.957542744917195,0.957542744917195,-0.14573460969824,1.06316675953723e-11,-0.854985675224984,-0.732217401130543,-0.388445182625607,-0.8285184401663,1.42323959791699,0.342177764395669,0,4466.0000000001,0.0167483974728032,0.0415786865097994,0.219857294205546,0.0183448146865433,2870.8601501339,0.0625,370,2,"SNETWORK (2 16 2870.8601501339 0.219857294205546 100001073 370)",100
37,100001074,0.423964367239194,102,1.29896932353205,1.22104076566898,1.45807027539656,1.42805593959054,1.43873085382348,0.146433125381832,0.0742268633748299,-0.505296479783245,0.594269442342538,-0.42054659748867,0.667330849282044,-1.0530913452299,-0.42054659748867,-0.42054659748867,-0.556936246310435,-0.618871745586272,-0.669143522459305,-0.5303330945354,-0.710971690613677,0.665297741273101,-1.69993346640053,-0.507226107226108,0.644007644007643,0.423964367239194,12,-0.503756280305678,-0.305079295088849,-0.302384362586727,0.612731490605665,0.422021467867398,0.146742402241092,0.594724746777893,0.07877132645308,0.102509458963029,190.0000000001,0.124558854076247,0.0914057737394292,1253.0000000001,0.732456372400558,0.857015226376805,0.0424307009527703,-1.0982428119847,-0.151559131337602,0.306988614160521,0.238753292718019,-0.109016384375129,0.239448515894828,-0.119032348990637,0.588790062676445,-0.142210670265719,-0.251250551504616,0.965514800593994,0.706510865441126,0.250196422018785,1.23906884356651,0.528207847926239,1.07109749798066,2.19258446122347,2.15155944355969,2.28302402457116,0.330066830558759,0.98402209420058,-1.17519797795408,0.359774439589996,0.359774439589996,-0.0959402586588285,-0.463112096256094,-0.864961639072806,-0.786654882907766,-0.770839261442364,-0.747065762428724,-0.206300859758439,-1.10437205445887,0.00147023127510154,1253.0000000001,0.0061668909834783,0.036263809869292,0.597269700737759,1.33497513929379,4838.00872710172,0.0312499339939208,1150,2,"SNETWORK (2 37 4838.00872710172 0.597269700737759 100001074 1150)",100
15,100001075,1.04912005244027,368,0.288659805977357,0.708741764562854,0.0737102907633875,0.0682577010310203,0.067165878475577,-0.279346041761707,-0.487075404881643,0.290631621714338,-0.190449876896724,-0.749788209774716,0.225644412939215,0.41941070332396,-0.749788209774716,-0.749788209774716,0.228928807956901,0.52546677808756,0.643937214160408,-0.550569825933064,0.735416262620468,0.813141683778234,-1.91189050470488,-0.485914085914086,0.874692874692874,1.04912005244027,9,1.61187427459961,1.21173763125883,1.22360340007569,-0.771804788610391,1.04101696078527,-1.03403532095109,-0.187960395263235,0.670951191333758,0.0358554078148438,350.0000000001,0.0200640816435374,0.0685125761575062,12791.0000000001,1.40110721910027,1.4211713006438,0.0539167901536392,-0.565536449616895,2.27863684650883,-0.832926475885113,-0.997651291208021,-0.230840602280464,-1.51326971991582,-0.191327852819769,-1.10299464688507,-0.354851562160667,-0.213168838266877,2.60898607881315,1.53585236234859,-0.0703173483853942,2.6609168075762,0.336117277108034,0.549694147862675,0.584512224443046,0.57847635807451,0.610179858923967,-0.577714011612097,0.391301405060409,-0.444895874103392,-0.510428293683428,-0.510428293683428,-0.14864744509615,-0.287423218349081,-0.392839802909858,-0.263573201716529,-0.412112134312948,-0.316639265885138,-0.00908024646321754,-0.190990038180713,0,12791.0000000001,0.000761196677549049,0.0531555933760902,0.138989888076052,5.48533909211694,3247.29769657762,0.0625,354,2,"SNETWORK (2 15 3247.29769657762 0.138989888076052 100001075 354)",100
43,100001076,0.566461236999246,193,-0.0343645341584618,0.726058121384469,0.965149594579297,0.947078472655203,0.966783102940535,0.625310168542348,0.480752102722468,0.164502633014899,-0.668858613033904,0.0193594939421267,1.12619061106294,-2.10948967075483,0.0193594939421267,0.0193594939421267,-0.56393589601053,0.78008167941781,0.626265909262224,-1.00689061445606,1.13994915207786,0.147843942505134,-0.958083832335329,-0.581818181818182,-0.163390663390663,0.566461236999246,11,-0.525072215149373,-2.58041957090595,-2.47427666778481,0.27632208020775,0.566436456174495,1.18017709007781,-0.665105186887491,-0.887281841719261,0.0426664778100086,5.0000000001,0.21024479885239,0.0550192465143038,2.0000000001,0.108445890276399,0.31869068902879,0.0236815833349784,-0.402415875088535,-0.232259347284867,1.62666792687888,1.09973173699521,-0.840755829993018,1.6545940320904,-1.37414672075164,-0.37237120697208,-2.6415730153431,-0.518484812354678,-0.237516031606737,0.129966644513147,-0.900278369799984,-0.147278359391046,0.202844315818956,0.486046063515721,2.19258446122347,2.15155944355969,2.28302402457116,0.229959382725963,0.458233022695067,-0.820523116508214,0.244738224483078,0.244738224483078,4.21351263158818,-1.54724359829861,1.02775149474102,0.884142738044781,0.139548657167616,1.10598179812016,-0.513133338045526,-0.47782972685118,0,5.0000000001,0.0156230786601002,0.00805850457487818,0.758098989678532,1.10112299805041,3903.38934107623,0.0312500660060792,1662,2,"SNETWORK (2 43 3903.38934107623 0.758098989678532 100001076 1662)",100
41,100001077,-0.842023863432889,13,-0.886598059773572,-0.0928456434617663,-0.0369605603324269,-0.0422694509956289,-0.0386919408759992,0.926393632545441,1.10267668942566,0.908348616081901,-0.0675612851724996,0.3179645651267,0.407664020937457,0.351639946018284,0.3179645651267,0.3179645651267,0.556353166507343,-0.269683762306243,-0.424504832516516,0.0274175136139372,-0.372848248844585,-0.720739219712526,0,-0.434965034965035,-0.700859950859951,-0.842023863432889,10,0.24228622725771,1.78945560436343,1.81864247816308,-0.115265534179755,-0.841631822265621,-0.513623808966775,0.109738627435901,0.00833587681042608,0.0560021237467481,1226.0000000001,0.439086925737795,0.0964254733974827,1656.0000000001,1.02119258120815,1.46027950684594,0.0500944890510592,-0.459321531847389,-0.401493547533677,-0.374389538080862,-0.359744750545683,0.0311288017994192,-0.896093115101594,0.0246518473841006,-0.35342081855205,0.134179978814892,0.428094161291966,-1.00237681398853,-1.03863653545817,0.0514257553735859,-0.397122913437001,-0.658232714974315,-1.30374704394875e-15,-1.4058558810172,-1.37829262321507,-1.40813399619979,0.0559899339091071,-1.39893905267676,-0.146105831827357,0.0571887821121397,0.0571887821121397,2.24340252568339,1.06316675953723e-11,-0.400637138584298,-0.376222376855605,-0.849606146197055,-0.219489818314811,0.354613289449484,-0.118987113551233,0,1656.0000000001,0.0150627568512087,0.0350317320998505,0.000659498002492875,0.0979052586480975,1761.2350003773,0.0625,1219,2,"SNETWORK (2 41 1761.2350003773 0.000659498002492875 100001077 1219)",100
17,100001078,-0.782882340150855,72,-0.711340194022643,-0.147031598306002,-0.358045591966192,-0.357303355798844,-0.355675841278248,-0.0503515049491516,-0.0448623866482915,0.286037764241196,1.29393297769325,0.684483800681402,0.0440798788372941,-0.0935090246939086,0.684483800681402,0.684483800681402,0.506613767728322,-0.0147748740746762,-0.0150339874237909,-0.44948963087611,0.0358216816720737,-0.596303901437372,0.141716566866268,0,-0.395577395577396,-0.782882340150855,9,0.856955509469225,0.90080660834582,0.906351420061377,-0.618497649993435,-0.78288156498629,-0.626302270892,1.29257124675603,0.343692154080069,0.125272941689355,210.0000000001,0.0420603755151216,0.136681835366323,4074.0000000001,0.890283656549448,0.93234403196457,0.0373466725745232,-0.688232928913143,-0.000991648538147646,-0.775568226733067,-0.884356521495732,-0.156096164661965,-0.858222314995213,-0.136637418513964,0.267163862401263,-0.232181667197824,-0.63013274354418,0.161802686223312,0.0123219922264001,-1.08996459584914,-0.146580611036241,-0.666707322751544,-0.293578155031968,-1.4058558810172,-1.37829262321507,-1.40813399619979,-0.27362066611957,-1.11916583239769,0.0183266775683709,-0.258940547174498,-0.258940547174498,0.705894942026713,1.06316675953723e-11,-0.138750354657214,-0.283270453239257,-0.252511679200525,-0.076906309910625,0.474112594106515,0.171211977627163,0,4074.0000000001,0.00168480197341169,0.0356618705011116,0.244351651923792,0.990233536271633,1533.86325753142,0.125,491,2,"SNETWORK (2 17 1533.86325753142 0.244351651923792 100001078 491)",100
36,100001079,0.784074275748574,182,1.29896932353205,1.22104076566898,1.45807027539656,1.42805593959054,1.43873085382348,0.434963658581828,0.384648357038136,-0.172847115656241,-0.0309682032969151,-0.344356685189282,0.850657134022094,-1.70318435464885,-0.344356685189282,-0.344356685189282,-0.702667833380594,-0.54492175372801,-0.652028523836007,-0.882859330898007,-0.553205188465949,0,0.0419161676646709,0.81118881118881,0.42997542997543,0.784074275748574,12,0.323515710730515,2.82787836928068,2.90499977594895,-0.0812142339322345,0.783063390926901,0.0642996670470226,-0.0288930307184013,0.383090800632037,0.10619772156382,315.0000000001,0.213935479428253,0.113142288614342,1212.0000000001,0.876969805581763,1.09090528491002,0.0312540431176607,-0.270969784586686,-0.501942889753014,-0.220744992586067,0.244030962165327,0.73270144356281,-0.568591842807768,0.462394728743271,-0.26743124448289,0.180903496754766,0.20009384049595,1.10132497015783,0.697806297282519,-0.693403601146579,0.723944866625965,0.596004386864677,1.11697181886013,2.19258446122347,2.1515594435597,2.28302402457116,-0.490175646484154,0.587681946508584,-0.35012169695107,-0.441657550736483,-0.441657550736483,-0.0139825862278981,-5.70880255484153,-0.252332355067166,-0.0733988591176046,0.383386188799305,-0.354926299587876,0.64720811450884,0.508132378615556,0,1212.0000000001,0.00612917433532603,0.0251248686823347,0.371810055762711,2.3735363339074,5318.02132822773,0.0156249669969604,1030,2,"SNETWORK (2 36 5318.02132822773 0.371810055762711 100001079 1030)",100
29,100001080,-0.942546188140107,59,-0.790377993358492,-0.853832397374456,-0.959757100198023,-0.960709455694412,-0.961711264614227,0.452223889828757,0.376508477500172,1.60570007574674,0.108821481729539,0.907705477725016,-0.199030028469899,2.95113401867222,0.907705477725016,0.907705477725016,-0.0711358034997444,-0.381090178793507,-0.480674133978943,0.45827494874551,-0.592176030732127,0.388090349075976,-1.93862275449102,-1.29510489510489,0.10534398034398,-0.942546188140107,8,1.02186504110976,-0.0156344634680167,-0.0155546517193622,-0.680594309204133,-0.938665952024468,-0.0479573201367029,0.11058760195611,0.36313171992785,2.23661200215485,3.0000000001,0.0107277013706206,0.354413692812927,1e-10,1e-10,0.0107277013706206,0.000504701737985712,0.511094201526415,-0.140727265169496,-0.378196916939017,-0.166686509161545,0.331164489894831,-0.0132300295299627,0.341435505463658,0.156437782956597,0.340445112334201,0.408592561179005,1.48837765536619,0.966961048217164,-0.50269264673635,1.17914689009619,-0.471792152073761,-0.752292666128179,-1.4058558810172,-1.37829262321507,-1.40813399619979,-0.752052496679872,-0.318523231859059,0.351144447706344,-0.639289050242392,-0.639289050242392,-0.00573833669566139,-0.642479626117643,-0.183979599556879,-0.385074498676629,0.0856947163323763,-0.208147110566886,-0.294781739140298,-0.566035775155804,0,3.0000000001,0.000504701637985712,0,0.354700544263663,1.31581458940143,1017.50165876517,0.25,854,2,"SNETWORK (2 29 1017.50165876517 0.354700544263663 100001080 854)",100
17,100001081,-0.724734493457827,86,-0.254295665086778,0.276450920905401,-0.358045591966192,-0.357303355798844,-0.355675841278248,-0.0947465602775232,-0.0823722449331681,0.246392243979045,1.20823011732797,0.658101258774281,-0.0102170470967334,-0.0484764032997297,0.658101258774281,0.658101258774281,0.496104658522599,-0.00223003249023189,0.00410181204487474,-0.418536516226027,0.0459706556207903,-0.596303901437372,0.141716566866268,0,-0.395577395577396,-0.724734493457827,9,1.32937413829488,0.455246732859444,0.455603077068549,-0.741426914085113,-0.72225960494993,0.352407364130356,1.20997944667369,-0.0428974163636997,0.09738161738483,449.0000000001,0.0699068766930222,0.105695411463593,2467.0000000001,0.416890364542281,0.486797241135303,0.0210827187289117,0.51393301656887,0.877951172030824,0.875131304385926,-0.0813717123945717,-1.43938552082625,0.215720447330451,-1.3673391560837,0.839115927375998,-1.38727147544447,-3.60672737331901,-0.228045824820218,-0.177559962903643,0.200094744165627,-0.234631951810347,-0.658232714974315,0,-1.4058558810172,-1.37829262321507,-1.40813399619979,-0.926795787246925,-0.816294808418572,0.0263708386635166,-0.758334774784464,-0.758334774784464,1.0180197645979,1.06316675953723e-11,0.76490678168057,0.526240756021245,0.450716402344779,0.742931247577204,0.211733686055209,0.762205537473772,0,2467.0000000001,0.00302759934773306,0.0180551192811786,0.296045349667046,1.70036552584227,1619.93978373682,0.125,505,2,"SNETWORK (2 17 1619.93978373682 0.296045349667046 100001081 505)",100
37,100001082,0.689804767662698,165,1.29896932353205,1.22104076566898,1.45807027539656,1.42805593959054,1.43873085382348,0.271392190692954,0.196685972779944,-0.465932384898689,0.426032582114836,-0.56490619945604,0.73433627314268,-1.15602691118912,-0.56490619945604,-0.56490619945604,-0.586168668378109,-0.760937945735915,-0.840399948067428,-0.865793011430985,-0.828664446034694,0.813141683778234,-1.91189050470488,-0.485914085914086,0.874692874692875,0.689804767662698,12,0.00952268346250299,0.400458426502419,0.40050201346947,-0.0324858415402011,0.687982242780701,1.05176556338153,0.427348590747535,-0.889136311551805,0.225384064071808,794.0000000001,1.14446039959178,0.10931888453311,732.0000000001,0.511756460812132,1.65621686030391,0.0724222473795088,0.25501819379772,0.0531573607831826,0.501752231546894,0.44732393635616,-0.086889247788657,0.712442581964935,-0.0832719011454943,0.724685297816998,-0.984153567521805,-1.57173597113217,-0.00638189583761492,0.0174866100652954,0.231152137971304,-0.047241502522304,0.528207847926238,1.07109749798066,2.19258446122347,2.15155944355969,2.28302402457116,-0.439381130547389,0.216301036136929,0.0369863457654792,-0.40044437933071,-0.40044437933071,1.18307519686599,-1.00475164541404,0.720629938410443,0.751930691026922,1.11693694560074,0.533491882981987,0.0489778763557379,0.492444018473988,0,794.0000000001,0.0500444090657273,0.0223778382137815,0.975095373029678,0.230393028818071,5221.5459456699,0.0312499339939208,1213,2,"SNETWORK (2 37 5221.5459456699 0.975095373029678 100001082 1213)",100
17,100001083,0.0601841692368531,219,0.152577399052067,0.406018494492994,0,0,0,-0.398926882100312,-0.428319355678493,-0.0811646988791654,0.828607886017781,0.168799675358897,-0.268496820907801,-0.0266806888075432,0.168799675358897,0.168799675358897,0.413946865044083,0.127833776691314,0.178018431286799,-0.0919728247108213,0.150163212263817,-0.443531827515401,0.0161216029479497,0.044324905863371,-0.265923265923267,0.0601841692368531,9,-0.64206663013971,0.927559909325545,0.93356300323882,1.15278405743917,0.0617092069815027,0.0570352906938705,0.828934650073211,0.49632216394576,0.203951838444194,2110.0000000001,0.688028857907145,0.112354985522599,2612.0000000001,0.469204420427815,1.15723327823496,0.0461385863250943,1.58521541336548,1.02419720005897,-0.251646130687967,-0.24947894997859,0.00960157668544036,-0.145565945961511,0.00894311365087866,0.502303115568706,0.230863249246706,0.491859195957942,0.0682605655165396,0.111628578641634,0.273132115848731,0.307462249844554,0.121428129376515,-0.277526342387341,0.102215627178156,0.139017963839617,0.167198521564845,0.45383668742302,-0.195190787942901,0.392031516144335,0.509645082176286,0.509645082176286,-0.40128884779641,1.06316675953723e-11,0.0178620647271338,0.0423648699285795,0.0407125691682148,0.0237850917971455,0.250440745167912,0.552125492167946,0,2612.0000000001,0.0274315294773142,0.0187070567477801,0.762806806341322,1.14109671727164,2397.15647573361,0.125,638,2,"SNETWORK (2 17 2397.15647573361 0.762806806341322 100001083 638)",100
37,100001084,0.285338865538384,73,1.29896932353205,1.22104076566898,1.45807027539656,1.42805593959054,1.43873085382348,0.108496644874176,0.0371305261602808,-0.508300889088712,0.645621310586882,-0.371696347213015,0.624689051586972,-1.10865367047875,-0.371696347213015,-0.371696347213015,-0.532819044205509,-0.564875890675071,-0.612111064022537,-0.49065775653865,-0.650160246309199,0.665297741273101,-1.69993346640053,-0.507226107226108,0.644007644007643,0.285338865538384,12,-0.553599155587203,0.606314474539802,0.607906534712246,0.883088336946168,0.285067035129126,0.199961662694293,0.64998650386864,-0.993441365874929,0.035945069968447,147.0000000001,0.0337919870469736,0.109987650854385,1151.0000000001,0.809610834762017,0.843402821708991,0.035571882928728,0.841093470993501,1.31306942543376,-0.267670911188811,0.126108824231012,0.586972509247089,0.0545240902819283,0.543325690198698,0.52334606257241,0.488820595581748,0.935078237322484,0.276539791942186,0.0272647162958798,-0.996903951700734,0.194528302417642,0.528207847926239,1.07109749798066,2.19258446122348,2.15155944355969,2.28302402457116,0.656001919193461,0.252103108797163,1.40109295753945,0.773871042021566,0.773871042021566,-0.986070975380504,-0.0743840613704708,0.715338878630771,0.730788681020549,1.00324333715358,0.555163167256554,-0.553752535838762,-0.00782435171067917,0,1151.0000000001,0.00142523189326598,0.034146650935462,0.425684616725036,0.50167406827677,4663.82981154306,0.0312499339939208,1121,2,"SNETWORK (2 37 4663.82981154306 0.425684616725036 100001084 1121)",100
37,100001085,0.623717753089439,146,1.29896932353205,1.22104076566898,1.45807027539656,1.42805593959054,1.43873085382348,0.245159929143792,0.171894163085333,-0.432635054052248,0.483326063802043,-0.514174573173833,0.694701425102981,-0.984856955423488,-0.514174573173833,-0.514174573173833,-0.587556010474961,-0.718602855531192,-0.780529123220745,-0.670811073975511,-0.810986206067416,1.28439425051335,-2.76197604790419,-0.927972027972028,1.1480343980344,0.623717753089439,12,1.2680438065605,1.37844205991382,1.39457657326534,-0.701943507325782,0.620916613626168,-0.610924189687656,0.486740616418835,0.72447178299699,0.0813346464692142,128.0000000001,0.0665798197341502,0.153211976936912,631.0000000001,0.618271371524948,0.684851191159098,0.0252372025309129,4.75752017777833,0.633259669606606,-0.881156564926624,-0.606586892021832,0.3944907210657,-0.931258577514653,0.319806111877642,-0.12946899903927,0.398990320616787,0.672074315294288,0.0347680606629018,-0.298153641546448,-0.99404042178249,-0.152809703203734,0.528207847926239,1.07109749798066,2.19258446122347,2.15155944355969,2.28302402457116,-1.05920554572597,0.213062200480952,-1.11562542632275,-0.842284826220007,-0.842284826220007,-1.35122361998444,-1.70621912589924,-0.0293101112975801,0.175663076132912,0.3269312933552,-0.0970241971862504,-0.362382538492699,0.401875294887149,0,631.0000000001,0.00245350874446493,0.022783693686448,0.868160044134799,1.63362216297537,5112.9940879779,0.0312499339939208,1194,2,"SNETWORK (2 37 5112.9940879779 0.868160044134799 100001085 1194)",100
3,100001086,-0.134806319489193,143,-0.226804037760009,-0.273941878615531,-0.467885001197052,-0.45962963966976,-0.447550990366083,-0.392262788027942,-0.457104563338556,0.54494787918722,0.69067778993146,-0.136927848433195,-1.27254748360764,-0.290833670374302,-0.136927848433195,-0.136927848433195,-4.44314622242611,0.147687564953581,0.219407561152311,1.05532953077982,-0.0348400594780869,0.0739219712525668,-0.0898203592814364,1.0005994005994,0.837837837837838,-0.134806319489193,7,-0.0106116581026496,-0.206899131442742,-0.205335077425155,-0.0812169201367824,-0.134469035570167,-0.184358821779831,0.69243372193144,0.229141473969296,0.546765347216329,4018.0000000001,3.51241601654889,0.17133386198522,2500.0000000001,0.684822857010256,4.19723887345915,0.204235655179048,-0.45084905974672,-0.114014966532102,-0.0683948617888362,-0.465916773774167,-0.614843622977566,-0.10307236814343,-0.656815844938728,0.462091296904661,-0.339409044900728,-0.652376271847945,0.810515207801373,1.20790727300491,0.260060713037486,4.06709356861708,-0.183656619125852,-0.461007527196319,-0.79480918853054,-0.740730076316156,-0.697549725125517,0.454447407442739,-0.164407154372258,0.376008765642738,0.510406287574966,0.510406287574966,-0.291025633678457,-1.61810744535946,-0.631844546176489,-0.585836652828216,0.107333950200685,-0.703895171643693,0.0404150263245457,0.0808369658638779,0,4018.0000000001,0.170912499305873,0.0333231557731747,0.6878675531979,2.0282980799675,2182.33332864493,0.0624998605480869,144,2,"SNETWORK (2 3 2182.33332864493 0.6878675531979 100001086 144)",100
17,100001087,-0.560009764444948,119,0.152577399052067,0.406018494492994,-0.358045591966192,-0.357303355798844,-0.355675841278248,-0.111739853976634,-0.0992746961646774,0.212501513470401,1.16120217133466,0.709549581507613,-0.00185599349481559,-0.0685773595204353,0.709549581507613,0.709549581507613,0.488791157808393,-0.0393753475321623,-0.0223786533719466,-0.413603745813958,-0.00176243225684869,-0.596303901437372,0.141716566866268,0,-0.395577395577396,-0.560009764444948,9,0.657354205897893,0.107929903528901,0.107547929864888,-0.539585730529308,-0.559554849685626,-0.432192751076954,1.16053987541337,-0.128784841658436,0.0922812549550692,77.0000000001,0.0113605876062695,0.124220215477307,3203.0000000001,0.636129873672548,0.647490461178817,0.0298067992669903,-0.0743074307365749,-0.11421837607297,0.127766868085421,0.0742924428287935,0.234425292785376,-0.452175694789784,0.251918043275736,0.466458693463756,0,-0.000117896751581071,1.44665223644437,1.07839844245096,0.30076557729017,3.00572266190997,0.121428129376515,-0.277526342387342,-1.15213207960043,-1.11995616558749,-1.12081968799006,0.614921000060767,1.20535480071659,-0.0067868499532497,0.718140076292855,0.718140076292855,-0.283088794520964,1.06316675953723e-11,-1.10360948931035,-1.06176643479491,-1.17046803738357,-0.911900734391681,0.489686699615779,-0.135688516739726,4.62713450784701e-15,3203.0000000001,0.000522977202867512,0.0292838219641228,0.413586602640245,0.98080380866304,1815.66079390741,0.125,538,2,"SNETWORK (2 17 1815.66079390741 0.413586602640245 100001087 538)",100
3,100001088,-0.70210654386939,5,-0.494845044588713,-0.486027089260215,-0.640656641110964,-0.630828421199535,-0.621755757978306,-0.305902199148881,-0.394337164361528,0.673155003096684,1.21358512873118,0.00336107594654787,-1.14234668304007,0.372785230554685,0.00336107594654787,0.00336107594654787,-4.8816231977124,0.270867226663725,0.263490195307693,1.08535392060107,0.114958554028119,0.0221765913757709,0.149700598802395,1.22237762237762,0.834152334152334,-0.70210654386939,7,0.0478960689744677,0.505980375578623,0.506690861895387,-0.0614585581497549,-0.70710302763932,0.0153813569147704,1.21245248080006,0.229860502896564,7.16279687912513,1264.0000000001,14.4752057015071,0.295932700308386,4571.0000000001,2.16271460218355,16.6379203035907,0.71418678549839,-0.536674571959247,-0.586811664710164,-0.243415154447873,0.108811842116727,0.56111036153356,-0.0814010401769255,0.528521047993509,0.688034857520618,0.690099266926365,6.16836532560943,-0.284400722527305,-0.347826499849223,0.304667144142558,-0.251918104600356,-0.471792152073761,-0.752292666128179,-1.48074956831335,-1.423857898781,-1.44749212629168,-0.102223383630338,-0.463711361348373,0.0959591170593171,-0.100632258396121,-0.100632258396121,2.13289315817632,-17.2643160850277,0.667795665588009,0.633555947187217,-0.304600315419565,0.819040090018685,-1.35754971053648,-0.819489487676676,0,4571.0000000001,0.621351733828143,0.0928350515702467,0.12084843074979,2.50269154077681,1364.74804749174,0.0624998605480869,6,2,"SNETWORK (2 3 1364.74804749174 0.12084843074979 100001088 6)",100
37,100001089,0.652791775667015,154,1.29896932353205,1.22104076566898,1.45807027539656,1.42805593959054,1.43873085382348,0.253422362128833,0.178851975934471,-0.447480699880185,0.475282963670738,-0.519334965981254,0.700699672726996,-1.01472517947886,-0.519334965981254,-0.519334965981254,-0.579770008084214,-0.737563899015222,-0.804073336457012,-0.712153727293616,-0.827321508595596,1.28439425051335,-2.76197604790419,-0.927972027972028,1.1480343980344,0.652791775667015,12,0.235598960098261,1.09753806532559,1.10683110723783,-0.181358545148738,0.646937613488364,-0.830397305458072,0.476340301559369,0.00190487568420443,0.0499684259880639,458.0000000001,0.146358587223382,0.08674500163697,1201.0000000001,0.666261208805885,0.812619795929268,0.03145043100542,-0.882956235155463,-1.24066198997918,-0.817342884433518,-0.450827446509424,0.604106778375279,-1.17343841513865,0.513565453350769,-0.304781602103724,0.483432791331372,0.806317983030788,0.257091416858072,0.225770889646911,-0.908078257327957,0.367851244552358,0.528207847926239,1.07109749798066,2.19258446122348,2.15155944355969,2.28302402457116,0.422686138930217,-0.0466518672204669,-2.30226871610145,0.471105498233009,0.471105498233009,-0.853920859475246,-1.13888374249952,-0.271153843239273,-0.15064344991492,-0.415147784715476,-0.182630330242783,-0.613448309253206,-0.644495859048782,0,1201.0000000001,0.00566444560588324,0.0257859852995368,0.913493669802325,0.89263275283156,5159.01301673587,0.0312499339939208,1202,2,"SNETWORK (2 37 5159.01301673587 0.913493669802325 100001089 1202)",100
37,100001090,-0.0361682081253288,9,1.29896932353205,1.22104076566898,1.50580654500643,1.48232234240258,1.49987706507974,0.0801281111542591,0.0114550137532095,-0.463798548574546,0.728578631508845,-0.271306792443451,0.613482767803418,-1.11011956725867,-0.271306792443451,-0.271306792443451,-0.49549946965227,-0.496270611751425,-0.528585304715848,-0.383122005895313,-0.583354416971448,0.170020533880904,-0.850299401197607,-0.17062937062937,0.240786240786241,-0.0361682081253288,12,1.38227512129212,0.64229391315015,0.644260293330545,-0.755998742709916,-0.0393113686708607,-0.152463631640501,0.728730021578731,0.0256733804460754,0.207129136704421,17.0000000001,0.0225189004010191,1.29873378584848,5.0000000001,0.0415285919020849,0.064047492203104,0.0026843259843618,0.207596829827445,-0.575440399290701,0.313382297398434,-0.506728342524707,-1.27263943948634,-0.272446609277682,-1.16973882624831,0.388342784146725,-0.999182908969286,-1.98815752585024,-0.143099242452213,-0.129894285813285,-1.03101248271149,-0.033877370726643,0.528207847926239,1.07109749798066,2.70840082864406,2.67872578178211,2.82264244254143,0.0507083138993778,-0.229658298547975,1.09503400995136,0.0517298797457537,0.0517298797457537,-0.616633056893283,1.06316675953723e-11,0.569816084791772,0.597834171166336,1.23079151222504,0.340808818814945,-0.22746141085398,0.816272886593255,0,17.0000000001,0.000943800685717385,0.00174052519864441,0.048465251018728,1.87466932995892,4280.90806502588,0.0312499339939208,1057,2,"SNETWORK (2 37 4280.90806502588 0.048465251018728 100001090 1057)",100
36,100001091,0.786853036176578,183,1.29896932353205,1.22104076566898,1.45807027539656,1.42805593959054,1.43873085382348,0.434963658581828,0.380396764525203,-0.194658136205924,-0.0392184283752106,-0.337890986607447,0.847077453975487,-1.70590599476672,-0.337890986607447,-0.337890986607447,-0.627023288267566,-0.559094459781705,-0.671668154637559,-0.920886869869777,-0.564111996706876,0,0.0419161676646709,0.81118881118881,0.42997542997543,0.786853036176578,12,0.398552737603662,2.12637288798445,2.1688392136358,-0.222639322730003,0.787927897649659,-0.219700289161901,-0.0319737677428889,0.246100715510337,0.248374805604949,272.0000000001,0.432049499201255,0.109007061459392,1270.0000000001,0.885350862856712,1.31740036195797,0.0426226936649502,0.301875394086765,-0.266230381128278,-0.359449366454993,0.0650342328626624,0.660590965037118,-0.66379416453855,0.470296470213839,-0.327175209331468,-0.0683058952345941,-0.0538934465967452,-1.40461514138311,-1.26410646400786,-1.54765001436773,-0.444367229460736,0.596004386864676,1.11697181886013,2.19258446122347,2.1515594435597,2.28302402457116,-0.433616226704126,0.421995216671996,-1.04706872551953,-0.395704806252368,-0.395704806252368,-5.40399571678436,1.06316675953723e-11,0.619457593348942,0.853167563014601,0.90775737743219,0.473217408745343,0.16886326185741,0.87592398944512,0,1270.0000000001,0.0139783728153161,0.0286443207496341,0.418757413619382,2.26680135767677,5327.01081914277,0.0156249669969604,1031,2,"SNETWORK (2 36 5327.01081914277 0.418757413619382 100001091 1031)",100
17,100001092,0.369585939543481,258,0.152577399052067,0.406018494492994,0,0,0,-0.525230974134569,-0.60842689846711,-0.17686926781511,0.659881182849752,-0.19389561991854,-0.402398438691168,0.20732153011837,-0.19389561991854,-0.19389561991854,0.37000416733671,0.247390476554895,0.313134384785162,0.0196648358593204,0.280451077385155,-0.443531827515401,0.0161216029479497,0.044324905863371,-0.265923265923267,0.369585939543481,9,-0.608337068363316,0.688454088288786,0.690945361415692,0.997909171130214,0.370703910298479,0.363349156451407,0.660412453837953,-0.703198362209867,0.533671298557999,1372.0000000001,1.17064316156303,0.124810037729975,2795.0000000001,0.557735002600655,1.72837816406369,0.0718553758038419,0.210625065032856,-0.146304255976533,0.726999441311656,0.737627943929365,0.00957080172115439,0.16498941319887,0.009065338792746,0.584532127858784,-0.193989242587525,-0.364572419750682,0.190916705517621,0.225314810569967,0.152853104583801,0.755292899566439,0.121428129376515,-0.277526342387341,0.0476499396776004,0.0648061140349333,0.0779430668938852,1.03278444232145,-1.2432625250382,1.26028926722883,1.33814983766658,1.33814983766658,-0.125464870066884,1.06316675953723e-11,-0.448700118118438,-0.30871632246057,-0.127140942400889,-0.446663251559997,-0.264300527548945,-1.54959388293088,0,2795.0000000001,0.0486681710842458,0.0231872046195961,0.900478259318834,1.20322536246004,2626.39680767525,0.125,677,2,"SNETWORK (2 17 2626.39680767525 0.900478259318834 100001092 677)",100
36,100001093,0.813346954259101,187,1.29896932353205,1.22104076566898,1.45807027539656,1.42805593959054,1.43873085382348,0.425435673922881,0.373641334233081,-0.219363289728876,-0.047399107850867,-0.329078451941637,0.851621597020952,-1.69499389727338,-0.329078451941637,-0.329078451941637,-0.609857181044359,-0.564403650965243,-0.681589015350597,-0.946011299596672,-0.566206271362909,0,0.0419161676646709,0.81118881118881,0.42997542997543,0.813346954259101,12,-0.0856712911991592,-0.00432874346904487,-0.00430727331704075,0.0263139409706694,0.809602735568188,0.0349271187474626,-0.0448199736712342,-0.1260592888829,0.12673649590286,246.0000000001,0.199385634255538,0.0970254690064764,1575.0000000001,0.977289809685374,1.17667544384091,0.0552484462614371,1.26208367377752,1.31350239306971,0.400486031026758,0.150158680619689,-0.367838412767346,0.0620378333848265,-0.379183169323392,0.0624886195737875,-0.402048476231099,-0.395425858919427,-0.759743698171171,-0.917821912609126,0.0553659736840271,-0.376151073772821,0.596004386864676,1.11697181886013,2.19258446122348,2.15155944355969,2.28302402457116,0.00292977960347347,0.673574090350538,-0.342673803336352,0.00295492207091969,0.00295492207091969,1.62166087139952,-7.2982827628193,0.737614334778812,0.948908325234442,0.871955974975301,0.611276670554195,0.139465837625877,0.831053377839283,0,1575.0000000001,0.00936175436701961,0.0458866917944175,0.536557298750553,1.53846337190042,5349.56716832888,0.0156249669969604,1035,2,"SNETWORK (2 36 5349.56716832888 0.536557298750553 100001093 1035)",100
29,100001094,-0.950783141457643,56,-0.790377993358492,-0.853832397374456,-0.959757100198023,-0.960709455694412,-0.961711264614227,0.453231388754359,0.378683280203165,1.60252094089646,0.113127261649455,0.896209288908102,-0.208136139200111,2.95069035126582,0.896209288908102,0.896209288908102,-0.0692377912846732,-0.370730644937921,-0.472488759492917,0.471503334828801,-0.581536776441677,0.388090349075976,-1.93862275449102,-1.29510489510489,0.10534398034398,-0.950783141457643,8,1.03681275434791,0.11494481054294,0.114548179231974,-0.680385891108107,-0.949843361980043,-0.381010292885579,0.114853585824086,0.194728860795931,0.0696358186325833,3879.0000000001,0.431864225964128,0.0401469242871553,850.0000000001,0.0545589457784956,0.486423171642624,0.0223645534339041,-0.253786286624507,-0.255735086550989,-0.333953712393806,-0.108699068433219,0.357866128949894,-0.393968073847812,0.360731053683466,-0.0456179999064536,0.328878563711337,0.404124096315081,0.402536163830706,0.264841094340564,0.187854064749638,0.0917342141468479,-0.471792152073761,-0.75229266612818,-1.4058558810172,-1.37829262321507,-1.40813399619979,-0.738278661139924,-0.714016756489173,0.32268397742368,-0.62948572134272,-0.62948572134272,0.00302115735978705,-0.695706142223669,0.121624115418136,-0.132982025860053,0.374614094616309,0.056766129979956,-0.232367529127069,-0.490517856945806,0,3879.0000000001,0.0198560658237416,0.00250848751016247,0.337625176460347,0.877826727933046,1001.66058627649,0.25,851,2,"SNETWORK (2 29 1001.66058627649 0.337625176460347 100001094 851)",100
37,100001095,0.471993072980418,112,1.29896932353205,1.22104076566898,1.45807027539656,1.42805593959054,1.43873085382348,0.164120700261791,0.0866485234456917,-0.485458126498042,0.571178790405428,-0.458940506681029,0.643886840151076,-0.995585122113914,-0.458940506681029,-0.458940506681029,-0.560715844074149,-0.622456043242288,-0.673293101359051,-0.516312338167248,-0.718057190005384,1.28439425051335,-2.76197604790419,-0.927972027972028,1.1480343980344,0.471993072980418,12,0.411937631961929,0.808078323521528,0.812161523241412,-0.349222717566407,0.466268402328197,-0.888568290703554,0.571773783727134,0.101750430481793,0.0474604294704033,2.0000000001,0.00060704207263622,0.165564431237648,974.0000000001,1.03129535123789,1.03190239321053,0.0420108442577337,0.351569830424996,-0.28477069676068,-0.852757430123141,-0.839199981868215,0.0354450933610762,-1.21227148268617,0.0320973329936256,-0.282185637007749,-0.11312384024916,-0.200012297602736,0.0320880874685293,0.266572208058926,-1.06628054310861,0.238323265687381,0.528207847926239,1.07109749798066,2.19258446122348,2.15155944355969,2.28302402457116,-0.477529421187256,-0.688763257052758,0.531700039994429,-0.431488032369937,-0.431488032369937,-0.0333040820982919,1.06316675953723e-11,0.213944848908645,0.236817691590205,0.902727584868858,0.0302975938032907,-1.28460543312848,-1.364099766845,0,974.0000000001,2.47139127497806e-05,0.041986130244984,0.659333050688611,0.879642065261783,4901.0102814185,0.0312499339939208,1160,2,"SNETWORK (2 37 4901.0102814185 0.659333050688611 100001095 1160)",100
37,100001096,0.308857789893279,77,1.29896932353205,1.22104076566898,1.45807027539656,1.42805593959054,1.43873085382348,0.109405717647964,0.0405241997206073,-0.507743610233987,0.642715513885309,-0.378514842185694,0.624891163226014,-1.10951421633529,-0.378514842185694,-0.378514842185694,-0.535503998668251,-0.570769348765178,-0.618673642494939,-0.496659236553361,-0.656491869539815,0.665297741273101,-1.69993346640053,-0.507226107226108,0.644007644007643,0.308857789893279,12,-0.386485021458406,0.191383367162447,0.190906859373681,0.484904055934405,0.307235460493403,-0.353336516519307,0.643179628230589,0.233483759887398,0.0640111590847609,86.0000000001,0.0352055557947423,0.0721689517906329,1880.0000000001,0.867691430114927,0.90289698580967,0.0409586430751167,-0.92442624157149,-1.16371430847504,0.0145477612826366,0.0368322439644442,0.0385739004247281,-0.379845034775938,0.0382580403211931,0.287610454907385,-0.106367569118312,-0.198589597827094,-0.337244714721679,-0.326530949770591,0.255248770307512,-0.124685942902802,0.528207847926239,1.07109749798066,2.19258446122347,2.15155944355969,2.28302402457116,0.323866767553386,0.13018219129926,-0.69665786084055,0.352492419722412,0.352492419722412,-0.550469542903226,1.06316675953723e-11,0.495072024514186,0.64810111298764,0.20163878101222,0.50756907837589,-0.981646516319401,-0.838222071118786,0.0226083260583844,1880.0000000001,0.00159705017212806,0.0393615928029886,0.449957496765886,2.53561466737365,4688.46962185832,0.0312499339939208,1125,2,"SNETWORK (2 37 4688.46962185832 0.449957496765886 100001096 1125)",100
37,100001097,0.384272141244105,94,1.29896932353205,1.22104076566898,1.45807027539656,1.42805593959054,1.43873085382348,0.137377532790518,0.0706546151426949,-0.518402985050295,0.607449845903575,-0.404562813539859,0.672681155353678,-1.1174987135224,-0.404562813539859,-0.404562813539859,-0.558231119710056,-0.614605920685882,-0.663764209264138,-0.545438371886723,-0.702826445782889,0.665297741273101,-1.69993346640053,-0.507226107226108,0.644007644007643,0.384272141244105,12,-0.30812836421036,0.852327942501482,0.85708398843384,0.461728618504634,0.383375250677582,0.512438116729711,0.607911748872432,-0.147577496042041,0.211310155263105,382.0000000001,0.516227093065987,0.0766167957290015,1710.0000000001,0.837870995445811,1.3540980884118,0.0547027957297437,4.35686897672619,3.54054604809691,0.587042889365906,-0.358156424682883,-1.25533100667351,0.234929454488317,-1.11196218802013,0.593280466921189,-1.01116279545223,-1.82151297313004,0.752289054816748,0.400442483058413,0.25158585168996,0.476638090870469,0.528207847926239,1.07109749798066,2.19258446122348,2.1515594435597,2.28302402457116,0.0944548354261735,0.433706945084265,-1.88580834611198,0.097353679231643,0.097353679231643,0.0507576619515139,-1.08952540169859,-0.791463751409227,-0.740480018173011,-1.1572681161719,-0.573214709241164,-0.0560553254253787,-0.978063003938041,0.00332448104859926,1710.0000000001,0.0208545196310422,0.0338482759987015,0.544947944208802,2.00537153444597,4784.89602872951,0.0312499339939208,1142,2,"SNETWORK (2 37 4784.89602872951 0.544947944208802 100001097 1142)",100
17,100001098,-0.496701510299694,131,0.152577399052067,0.406018494492994,-0.358045591966192,-0.357303355798844,-0.355675841278248,-0.152515894109649,-0.140161323132146,0.185547408684439,1.10060073793932,0.652588957371192,-0.0508621984201185,-0.0855090005609198,0.652588957371192,0.652588957371192,0.47663224705701,-0.0198646756661436,0.00468358798793695,-0.356969146303668,0.0124693067286212,-0.33264887063655,-0.333618477331052,-0.204195804195803,-0.181818181818182,-0.496701510299694,9,0.754909259826487,0.664246853837052,0.666456619448024,-0.554390294021531,-0.498464897935018,-0.782474811295374,1.0997891889202,0.13523551779602,0.100631818193889,1464.0000000001,0.235544501466296,0.0993190854301298,2907.0000000001,0.461609053220841,0.697153554587137,0.0291065598939835,0.66782762645556,0.742966068411251,-0.611036675762174,-0.177932152677389,0.658893107027724,-1.02644741228681,0.603760277538841,0.0852823534145506,0.509955849829587,1.25865510916688,-0.186716020347053,-0.516536616896724,-1.26820032073606,-0.217109464900163,0.121428129376516,-0.277526342387341,-1.4058558810172,-1.37829262321506,-1.40813399619979,0.475176346121584,1.18100018542564,-1.05810017987269,0.536372188403992,0.536372188403992,-0.119984678610065,1.06316675953723e-11,0.181283002515826,0.207755146276942,-0.516736635082849,0.337438876033589,1.32586421183022,-0.0181113160078055,0,2907.0000000001,0.00983411770482285,0.0192724420891607,0.455457399416475,0.244021418373712,1885.38095116625,0.125,550,2,"SNETWORK (2 17 1885.38095116625 0.455457399416475 100001098 550)",100
34,100001099,1.199950780851,248,1.95876350285277,1.6240746339498,1.11742223327512,1.09970853501445,1.1005013034785,0.670919158908257,0.521120121422704,-0.241050035239278,-0.652876731175253,-0.627892863416653,0.595851234973037,1.61222857887255,-0.627892863416653,-0.627892863416653,-0.843237152551395,-0.660162938534696,-0.743693799927778,-0.694627464102984,-0.732949454774368,-1.3305954825462,1.62674650698603,0.565034965034965,-1.23832923832924,1.199950780851,12,-0.889672005129259,-0.833871539798256,-0.820643940363706,1.47140116975881,1.19666846654971,-0.0431015679130486,-0.649018401485027,0.29298474013756,0.0763783072196992,271.0000000001,0.132372076421823,0.0692864169724011,813.0000000001,0.360243132273334,0.492615208595157,0.026781251718394,-1.21214114515462,-1.16979635736593,1.10417131678375,0.622263244517979,-0.792298358990172,0.197593439966478,-0.946098899950208,-0.968760713667685,-0.80212163612735,-0.173088080237856,-0.543032228990618,-0.561694952072273,-0.17255155478886,-0.268050721803792,0.596004386864676,1.11697181886013,2.19258446122347,2.15155944355969,2.28302402457116,-0.215232449062018,-0.234927939968103,0.788269579441224,-0.206428675445818,-0.206428675445818,2.61176235065719,1.06316675953723e-11,-0.679794092870439,-0.671086879515858,-0.0426891520539758,-0.720169021492974,0.583220654880325,0.0767041105337251,0,813.0000000001,0.00719646860691439,0.0195847830114796,0.0344730239418523,0.257421973161399,5701.01178940916,0.00781248349848019,963,2,"SNETWORK (2 34 5701.01178940916 0.0344730239418523 100001099 963)",100
13,100001100,0.628281994280686,279,0,-0.0695595240108285,-0.467885001197052,-0.45962963966976,-0.447550990366083,-0.84338990280705,-0.997909132984815,-0.408360535527713,-0.175706209137234,-1.10593236987663,-1.73976528868276,-0.302836939773234,-1.10593236987663,-1.10593236987663,-2.91790153726519,0.409732759379584,0.632637482316437,1.54006675801681,0.206787212427737,0.184804928131415,-0.778443113772456,0.103496503496504,0.51023751023751,0.628281994280686,7,-0.457694756980589,-0.634037651554979,-0.625685419036434,0.851041936656318,0.622342546619953,0.0450221686576521,-0.173241318368461,-1.7327482835962,0.0494369212056024,1282.0000000001,0.101329167683012,0.125553706844226,1458.0000000001,0.292672621427209,0.394001789010221,0.0206749403538741,0.224765038364741,-0.164981133265974,1.04095342514461,0.332610174982438,-1.09957131215361,0.231392118608875,-1.2666942270089,0.016313466067869,-1.14131876238518,-0.918037209378548,-0.470062569747671,-0.42083668831039,0.026955724172606,-0.121236590148806,0.223123099423871,0.103212322371745,0.000480866141914464,0.0349290148369443,0.115671933158063,0.579397973023633,-0.00726745462247693,0.290545642689177,0.670803901562828,0.670803901562828,3.95840015382382,-9.88572014194674,0.498578141831037,0.569971007925733,0.761409964675589,0.376179529631373,0.00389704484604375,0.467429640811829,0,1458.0000000001,0.0053171699842991,0.015357770269575,0.0573864388501291,0.328956237994134,2960.02053193109,0.0156249651370217,279,2,"SNETWORK (2 13 2960.02053193109 0.0573864388501291 100001100 279)",100
43,100001101,0.517342346260113,187,-0.0343645341584618,0.726058121384469,0.965149594579297,0.947078472655203,0.966783102940535,0.48105087326547,0.380410298491814,-0.0890139913619218,-0.616543689379101,0.142209358625269,1.18044154865895,-1.65777331755121,0.142209358625269,0.142209358625269,-0.227862017272027,0.642550511033146,0.53149725889081,-0.916363600853134,0.949988325600038,0.147843942505134,-0.958083832335329,-0.581818181818182,-0.163390663390663,0.517342346260113,11,-0.623128387900681,0.107393174594389,0.107012373323735,0.640139771782277,0.518044054584639,0.87690676158641,-0.612868372758624,-0.272343107468022,0.0345934295164181,8.0000000001,0.272742030702774,0.0418834718944264,10.0000000001,0.412772864001299,0.685514894604073,0.0315602093097174,1.25476942549325,-0.723548691636885,0.434528288249327,1.02056021137771,0.88920887349382,0.682286151180059,0.897812395306841,-0.594813050688454,-0.118950020231558,-0.0303688847444557,1.84864335566644,1.04728262210677,-0.0392870488164375,2.20041414741059,0.266951806400357,0.702238864067427,2.19258446122347,2.15155944355969,2.28302402457116,-0.100162247450479,0.74351219584273,-0.214098773604086,-0.0986503301920792,-0.0986503301920792,0.0067398066556807,-0.0661364440877663,-0.465246719976515,-0.40346747786647,-0.482058467151704,-0.379045166922204,-0.103825915594905,-0.769528516965798,6.23735118574025e-05,10.0000000001,0.0125566863902117,0.0190035228195057,0.735228540905167,1.35135113518285,3870.02892963725,0.0312500660060792,1656,2,"SNETWORK (2 43 3870.02892963725 0.735228540905167 100001101 1656)",100
43,100001102,-0.302704499700531,47,0.12371145778112,0.869954874556633,0.532114998802948,0.540517197237357,0.552449009633917,-0.358221562552425,-0.332568741895618,-0.767910973904714,-0.0827585112100708,-0.483996720259985,0.535965548249292,-1.17146391916852,-0.483996720259985,-0.483996720259985,0.405805999738905,0.701305282336914,0.492141888735674,0.0964455469917789,0.838652942825869,0,0.0419161676646709,0.81118881118881,0.429975429975429,-0.302704499700531,11,0.834167063461352,-0.485453075437882,-0.480016268796879,-0.639405340662767,-0.302056123495809,0.285297712223724,-0.0804995227345726,-0.307835373251968,0.0888011233018471,1e-10,1e-10,0.110922723044192,7.0000000001,0.765221259032217,0.765221259032217,0.0391126560784644,1.9765028425705,2.03267235922271,0.175501767180786,0.216044331636026,0.0587155001407538,0.405886311972014,0.0650021342182618,0.199331330186658,0.258279941832847,0.256877082770353,0.689695378961069,0.738065290921222,-0.69246801762985,0.914081293310338,-0.353148128111646,0.538992472803681,0.102215627178161,0.139017963839617,0.167198521564845,-0.369842194644515,0.629572857110356,-0.535867061585044,-0.342412838640252,-0.342412838640252,-0.386276610815644,-0.20827161815859,0.339822163028973,0.164901576367591,0.173891946233732,0.344236076385701,0.0903285776621756,0.818818559319064,0,7.0000000001,0,0.0391126559784644,0.186402277421134,0.830560914385721,3069.47314956583,0.0312500660060792,1518,2,"SNETWORK (2 43 3069.47314956583 0.186402277421134 100001102 1518)",100
41,100001103,-0.388041758703537,121,-0.886598059773572,-0.0928456434617663,0.315622755524543,0.310024668600395,0.31737100022456,0.933744704343827,0.965430583176664,0.229087591515865,-0.265515283780076,0.692027407949515,0.494812427485714,0.453187601216591,0.692027407949515,0.692027407949515,0.509953264455662,-0.681746016781337,-0.807113640806283,-0.131404988617761,-0.863266653756576,-0.720739219712526,0,-0.434965034965035,-0.700859950859951,-0.388041758703537,10,-0.420192372095022,-1.05947004959582,-1.0393946041981,0.449050583369844,-0.389828918617723,-0.488837140326636,-0.262692772256176,-0.301027091963312,0.0764986550483449,947.0000000001,0.463296818190549,0.0601900039268186,678.0000000001,0.260981428716255,0.724278246806804,0.0409847126644361,1.67640283559973,0.782949465241943,-0.665122390220868,0.255861894151535,1.36088913334936,-0.254366611211903,1.68777026513452,-0.344135986813123,0.678313321427557,0.489823869602534,-0.27603231534434,-0.364480036836324,0.109999336348272,-0.291785419872886,-0.658232714974315,-1.30374704394875e-15,0.102215627178161,0.139017963839613,0.16719852156484,-0.973560468550924,0.160139554521766,-0.182685861009861,-0.788579324036486,-0.788579324036486,1.70266720634022,-0.347261296662863,0.268258776675993,0.176944329736155,-0.0636086625809884,0.323232028648064,1.05313538429402,1.25386592165579,0.00951904196228733,947.0000000001,0.0262165638796903,0.0147681486847458,0.355200627601876,1.14040354528697,2363.91724169249,0.0625,1327,2,"SNETWORK (2 41 2363.91724169249 0.355200627601876 100001103 1327)",100
17,100001104,-0.522599659045482,128,0.152577399052067,0.406018494492994,-0.358045591966192,-0.357303355798844,-0.355675841278248,-0.148739406677635,-0.134087831983178,0.193336592186778,1.11177036646753,0.650051401951308,-0.0601269436911876,-0.0618924502156414,0.650051401951308,0.650051401951308,0.478952429969922,-0.0168632700270809,0.00593356521212962,-0.348891164953335,0.0147739228502256,-0.33264887063655,-0.333618477331052,-0.204195804195803,-0.181818181818182,-0.522599659045482,9,0.572563577575167,0.553568388793008,0.554667113159223,-0.46912173294812,-0.516451836679074,0.144548021067186,1.11115911411092,0.780518142878951,0.0831163710408769,2140.0000000001,0.284378605803228,0.0814152882503105,1024.0000000001,0.133291512432745,0.417670118135973,0.0177795767196378,0.34505989257446,0.415673353798903,-0.159696663017159,0.41125071485808,0.870276617866229,0.0208519839540855,0.812868991349489,0.704133016440766,1.24237564760607,3.10805631574951,1.20768629579147,0.829143851614582,-0.725262736054003,1.37090952060749,0.121428129376515,-0.277526342387344,-0.710154195027684,-0.678329904003171,-0.681405915418525,-0.178028329977998,-0.43804254369982,0.654068353621232,-0.17221393542753,-0.17221393542753,-0.231709071813477,1.06316675953723e-11,-0.389286204342389,-0.44246727004807,-0.0579274004678651,-0.398311331091944,0.623133471119267,0.557840965245777,0,2140.0000000001,0.0121055612809026,0.00567401533873517,0.444707766249331,2.42693041525827,1867.48145622963,0.125,547,2,"SNETWORK (2 17 1867.48145622963 0.444707766249331 100001104 547)",100
17,100001105,-0.332672473976392,159,0.152577399052067,0.406018494492994,-0.241215637293384,-0.241906399880321,-0.243823950879704,-0.243344810049472,-0.239326778010465,0.0931856768118674,1.00514183901251,0.496165295272659,-0.158067098454427,-8.35411747532293e-05,0.496165295272659,0.496165295272659,0.455993660311215,0.0127068753312604,0.0481868505486827,-0.24192035330945,0.0324707950115432,-0.443531827515401,0.0161216029479497,0.044324905863371,-0.265923265923267,-0.332672473976392,9,-0.528412135292097,0.0997451947143794,0.0993818856919708,0.734450769779095,-0.329372970677431,0.78359131133326,1.00530269786912,-0.411575925677917,0.212996162431256,3389.0000000001,1.1540906486399,0.109894078348625,314.0000000001,0.0551696862465469,1.20926033478644,0.0557477298362489,0.324313677688881,0.21503811717426,0.149358446677113,0.711531140979349,0.856650089134534,0.622544670492125,0.86608826923285,0.958952808194658,0.8901983959459,2.13832854162562,1.36411422623656,0.736875505600575,0.18425993088584,1.04638901158881,0.121428129376516,-0.27752634238734,-0.65943161604898,-0.62729665940656,-0.628421247972965,-0.309112975878936,-0.605885170746096,0.313666720517221,-0.290167800775268,-0.290167800775268,-0.0118180534814024,-0.00723278943565833,-0.595598417144103,-0.530497953863696,0.0726090085963329,-0.655808546928011,0.347416550452144,-0.13661994416341,0,3389.0000000001,0.0532043694153062,0.00254336032094269,0.552847333169334,1.08238815115946,2047.54747340762,0.125,578,2,"SNETWORK (2 17 2047.54747340762 0.552847333169334 100001105 578)",100
17,100001106,0.443214810131064,265,0.152577399052067,0.406018494492994,0,0,0,-0.530335163538908,-0.618201499449617,-0.176793044446613,0.64907742466586,-0.214765192896671,-0.390082764119027,0.168793562511141,-0.214765192896671,-0.214765192896671,0.366611337645464,0.249786571132324,0.317351805190217,0.0174440921862374,0.28387677167798,-0.443531827515401,0.0161216029479497,0.044324905863371,-0.265923265923267,0.443214810131064,9,-0.68213164785568,-0.559574657296707,-0.552758365665746,0.947490785876437,0.454008701842499,1.61129828156518,0.650010631030848,-0.0425046434936128,0.239544917276513,1351.0000000001,0.517414843869236,0.157354404108696,1203.0000000001,0.302650297005517,0.820065140774753,0.0424689540835603,-0.717214539756897,0.857712967206902,1.3494233051401,1.74852730623992,0.597223254170328,1.30105955312044,0.677540174733645,1.11040639634288,1.01698536956409,1.92744105547003,-0.109483711870993,0.064435555431073,0.25589808649925,0.536796378460958,0.314352162041392,0.0417794190008067,0.0447488908488996,0.0608605539254091,0.0731976958724915,1.14974446874793,-0.943290872454661,1.2811131298704,1.53449695241253,1.53449695241253,0.606031963157942,1.06316675953723e-11,-0.102867552383634,-0.0725190913673821,0.310393920561185,-0.173592578237526,0.163372497022958,-1.14620095331828,0,1351.0000000001,0.026795514283617,0.0156734396999433,0.923619522407374,1.20531872711377,2664.92992922829,0.125,684,2,"SNETWORK (2 17 2664.92992922829 0.923619522407374 100001106 684)",100
36,100001107,0.728801896354575,172,1.29896932353205,1.22104076566898,1.45807027539656,1.42805593959054,1.43873085382348,0.413582991976015,0.356917873285665,-0.184689840168728,-0.0167476394181452,-0.328966290826738,0.815499172940269,-1.81302659773109,-0.328966290826738,-0.328966290826738,-0.691860233340051,-0.541831075968516,-0.644688232916748,-0.868322173521685,-0.551970275965677,0,0.0419161676646709,0.81118881118881,0.42997542997543,0.728801896354575,12,0.0562398225876337,1.21535189568023,1.22730378599918,0.01355438438342,0.723557999007837,-0.370499055345455,-0.0146957037063845,0.0767689121728041,0.0789497608758128,186.0000000001,0.0939119427759052,0.154448521762887,1759.0000000001,1.73742736339857,1.83133930607448,0.0694340331900569,-0.899418292524059,-0.491641743013572,-0.419339976476612,-0.376312061455174,0.0769951222881552,-0.623435068838141,0.0648214978125756,-0.287098812476665,-0.110444469814042,-0.113183293953961,0.197703900367424,0.101584999965553,0.0611781414622392,0.326363352455765,0.528207847926239,1.07109749798066,2.19258446122347,2.15155944355969,2.28302402457116,0.367901339403758,-0.540455075070409,-2.4340049304365,0.404671376045761,0.404671376045761,-0.0494517401814443,-0.338097507810238,-0.890817598874435,-0.802889390326663,-1.13681589009175,-0.686972021752267,-0.663047770840976,-1.25691679407627,0,1759.0000000001,0.00356060993942387,0.0658734231506331,0.0791735881062799,1.23265810744994,5261.98722987783,0.0156249669969604,1020,2,"SNETWORK (2 36 5261.98722987783 0.0791735881062799 100001107 1020)",100
37,100001108,0.372464424862205,92,1.29896932353205,1.22104076566898,1.45807027539656,1.42805593959054,1.43873085382348,0.12212333390917,0.0553332401815452,-0.521466153625644,0.621473867861843,-0.4058673133017,0.644953841177482,-1.07883805895337,-0.4058673133017,-0.4058673133017,-0.545427539574746,-0.594251777745377,-0.642549472067441,-0.506654709609769,-0.684265985255286,0.665297741273101,-1.69993346640053,-0.507226107226108,0.644007644007643,0.372464424862205,12,-0.206127834472604,0.539247669285364,0.540223872539175,0.25640863844237,0.371886930980858,-0.0198127609667265,0.624334806598176,0.00469152646175379,0.279751004427251,414.0000000001,0.74067733866773,0.0566422866293483,971.0000000001,0.351736200943237,1.09241353951097,0.0466193010903301,1.75111981715952,1.29924903904387,-0.356646484620519,0.305955987522761,0.96735593042303,-0.121695311874552,0.905778749037476,0.418797486552695,0.760812178289901,1.42018398314543,1.32135150898596,0.855841386860982,0.25305021453539,1.28724724206522,0.528207847926239,1.07109749798066,2.19258446122347,2.15155944355969,2.28302402457116,-0.506872119062793,-0.579230363981264,0.384475282728664,-0.454992391195122,-0.454992391195122,0.0650123229147544,-0.0511404759612431,0.0793266019203058,0.0940962922450726,0.618621542954321,-0.0485072072501059,-0.90974941043346,-0.914257019654904,0,971.0000000001,0.0316087805008571,0.015010520489473,0.534763722772712,0.224945795162163,4774.55785361508,0.0312499339939208,1140,2,"SNETWORK (2 37 4774.55785361508 0.534763722772712 100001108 1140)",100
29,100001109,-1.01607553229909,40,-0.790377993358492,-0.853832397374456,-0.959757100198023,-0.960709455694412,-0.961711264614227,0.425958110885024,0.353948225196925,1.58806349573805,0.124606821667688,0.872096635037836,-0.217794606440406,2.9359494652726,0.872096635037836,0.872096635037836,-0.0891978858706075,-0.334647163647989,-0.436155623960338,0.50356729427138,-0.541914402968979,0.388090349075976,-1.93862275449102,-1.29510489510489,0.10534398034398,-1.01607553229909,8,0.764864206693099,-0.357951660780564,-0.354542650668046,-0.608810447271106,-1.01522520085997,-0.724488070394212,0.126318511715999,0.717270724860513,2.85889410990274,3105.0000000001,14.1923541564033,0.0496254260226274,98.0000000001,0.00777544214286706,14.2001295984461,0.709640280985024,-0.245951935246425,-0.255086329544707,-0.720666874923048,-0.702592610828583,0.0410104518162042,-0.741098901532058,0.0442659510353646,-0.241665683767511,0.06542978322147,0.0795328741458005,-2.35338664978622,-2.71276234327119,0.0854875592277506,-0.488156565727614,-0.471792152073761,-0.752292666128179,-1.4058558810172,-1.37829262321507,-1.40813399619979,-2.41166174316042,-0.155621240664064,-0.193724551016686,-1.45847498022228,-1.45847498022228,4.31845679551023,1.06316675953723e-11,0.872132923013723,1.28635646409304,3.17930046493306,0.201199042231932,-0.331208806843039,0.270089367207262,0,3105.0000000001,0.709251709299314,0.000388571585709192,0.244095535885237,0.432516800502785,914.89174865866,0.25,835,2,"SNETWORK (2 29 914.89174865866 0.244095535885237 100001109 835)",100
17,100001110,-0.292980049519181,164,0.152577399052067,0.406018494492994,0,0,0,-0.273544574808318,-0.275103812768286,0.0739808130679782,0.977201137221789,0.477270695177497,-0.162203494718667,-0.0240233454098642,0.477270695177497,0.477270695177497,0.449541225174952,0.024613264276388,0.0622769046882021,-0.240511003856678,0.0472233309488049,-0.443531827515401,0.0161216029479497,0.044324905863371,-0.265923265923267,-0.292980049519181,9,-0.304600500219707,1.03911012510297,1.0471989873961,0.486535502876848,-0.293374591839947,0.559004466775978,0.976696931175762,-0.202849148942109,0.225016168901181,2656.0000000001,0.955516896857037,0.25149360327257,2135.0000000001,0.858462635119079,1.81397953187612,0.0709260223952173,-0.108141041852743,-0.157490808271421,0.888873585765432,0.289718661210806,-0.935995844868322,0.220620959325618,-0.802159986173807,0.752942887841654,-0.720116374122717,-1.62646646090641,0.949993245199655,0.92819017752847,-0.704971507773884,2.86812556094185,0.121428129376515,-0.277526342387342,0.051394675585988,0.0698991274563939,0.0840684933557603,0.743403107019691,1.35042117097443,-0.185951730856855,0.896059979573703,0.896059979573703,-0.018087550076182,1.06316675953723e-11,-1.19318562875848,-1.13180575821039,-1.09040041176543,-1.029351036377,0.972177730972194,0.496575375343725,0,2656.0000000001,0.0373604065181981,0.0335656157770191,0.571748397648096,0.834574088454247,2079.02012951352,0.125,583,2,"SNETWORK (2 17 2079.02012951352 0.571748397648096 100001110 583)",100
41,100001111,0.34884577561659,232,0.680412427894334,0.334368660703197,0.315622755524543,0.310024668600395,0.31737100022456,1.03030203178934,0.923601989983283,-0.475159790857422,-0.532508411616232,0.652322941639776,0.960173082421978,0.268312888155138,0.652322941639776,0.652322941639776,0.379562487385237,-0.748959234587745,-0.868964613086763,-0.441093216875007,-0.891310366009946,-0.720739219712526,0,-0.434965034965035,-0.700859950859951,0.34884577561659,10,0.0643823527260245,-0.32343826740599,-0.320503757805729,-0.168566275271341,0.346088136306055,-0.200205904261156,-0.529067198670593,0.229167367884435,0.111809514276876,1172.0000000001,0.838034526170023,0.089004620510334,843.0000000001,0.479839135953881,1.3178736620239,0.0654595507081209,-0.787369927478201,-0.614217672803205,-0.639028938770759,-0.247191288337155,0.632640128573713,-0.0914160025449132,0.688658303756812,-0.729639601451593,0.565572621330572,0.216450423231537,1.14268445150906,0.550586672289052,-0.0927420835274074,0.738231826890884,0.562105955755759,0.451834062908154,0.102215627178161,0.139017963839622,0.16719852156485,0.092235766300915,0.65364664165141,-1.78811983297903,0.0950168648635256,0.0950168648635256,-0.0237030407309651,-0.160813838806355,-0.822594185804567,-0.805693499067989,-0.863709510334376,-0.678227940799823,0.484503837989736,-0.0757578563612156,0,1172.0000000001,0.0416256618942893,0.0238338887138316,0.721330053749152,0.299364793529724,2986.29835558812,0.0625,1438,2,"SNETWORK (2 41 2986.29835558812 0.721330053749152 100001111 1438)",100
13,100001112,1.02332143012308,337,0,-0.0695595240108285,-0.372777702510842,-0.367445052876348,-0.351572560610072,-0.972274718539228,-1.2171520785959,-0.393365928404887,-0.584348610939977,-1.76178701462234,-2.00084645462129,-0.222202153465485,-1.76178701462234,-1.76178701462234,-2.08004499518838,0.634182016883456,0.883359707854687,1.96858757393572,0.411306234962664,-0.0985626283367564,0.708582834331336,1.73986013986013,0.825552825552825,1.02332143012308,7,1.16847990654059,-1.50948891854561,-1.47135806131169,-0.756548418150823,1.01790622228846,-0.373962458232178,-0.580771707283236,0.494596745458541,0.0372873046454423,750.0000000001,0.0447112991000759,0.0559828836682166,1469.0000000001,0.131483753910344,0.17619505291042,0.0108023792229319,0.965137669005218,0.157428431310141,-0.417170299632957,-0.439572077131758,-0.0250397436990947,0.00214908888862447,-0.0357547724634297,-0.823298255397017,-0.584791352740622,-0.178936161082919,-2.35338664974459,-1.76310173893495,-0.0175426178267726,-0.475478928281035,0.223123099423871,0.103212322371745,0.000480866141918987,0.0349290148369488,0.115671933158067,-0.810690832573457,0.126355558500755,0.276074183062879,-0.680325224568268,-0.680325224568268,-3.64822269794617,-76.6092387533423,1.08875982446417,1.40119954070251,0.328360634314192,1.12718757788958,-2.15487210834816,-2.4649594331787,0,1469.0000000001,0.0027412143256784,0.00806116479725351,0.447879164197086,8.13339175383935,3279.35962739012,0.0156249651370217,337,2,"SNETWORK (2 13 3279.35962739012 0.447879164197086 100001112 337)",100
3,100001113,-0.239691806821377,120,-0.226804037760009,-0.273941878615531,-0.467885001197052,-0.45962963966976,-0.447550990366083,-0.379196239204114,-0.441471066572974,0.550290786281217,0.753903813895967,-0.0426850636597226,-1.24480950820985,-0.145444772496887,-0.0426850636597226,-0.0426850636597226,-4.38393225766558,0.161173836663536,0.229676154081848,1.120039556522,-0.0296835119820833,0.0739219712525668,-0.0898203592814364,1.0005994005994,0.837837837837838,-0.239691806821377,7,0.394204308877454,2.03841542427766,2.07719704011372,-0.227368589599478,-0.238513967126485,0.374831153649755,0.75838833572343,0.103736333754382,3.12558672918369,1513.0000000001,7.56076111619668,0.314538559702817,11626.0000000001,5.8465443258141,13.4073054419108,0.440452544695752,0.347414211397007,0.081006190125625,1.225147098644,0.171916244004158,-1.61983451753405,-0.156631696112801,-1.16591116385205,0.464663499706772,-1.00018884386586,-2.01116963675072,-0.196754228527188,-0.188161796383906,-0.818436413698784,-0.122615205849832,-0.183656619125853,-0.461007527196322,-0.825845978931221,-0.776974098588535,-0.738314695323779,-0.218877122166588,-0.813982970978153,0.722751091491799,-0.209748623110042,-0.209748623110042,0.263820184868429,-12.9842995094179,0.985663384473313,0.914204759157793,1.29012264970139,0.781929347430143,-0.123967835221974,-0.250640603238429,0,11626.0000000001,0.248383725359182,0.19206881923657,0.598757868670992,1.29663003493284,2053.84601032866,0.0624998605480869,121,2,"SNETWORK (2 3 2053.84601032866 0.598757868670992 100001113 121)",100
36,100001114,0.802532319079842,185,1.29896932353205,1.22104076566898,1.45807027539656,1.42805593959054,1.43873085382348,0.427352925881777,0.375662457532654,-0.215335506588555,-0.0457557150232864,-0.327806944026597,0.846242739094178,-1.71177211615095,-0.327806944026597,-0.327806944026597,-0.609003107840232,-0.561350333527956,-0.677176827851763,-0.937677267800281,-0.563882889448005,0,0.0419161676646709,0.81118881118881,0.42997542997543,0.802532319079842,12,0.308261601517998,0.360563412554949,0.360425058372358,-0.31058894626942,0.798134875462702,-0.0234577646419874,-0.0372229334708582,-0.271755475612942,0.187777441982057,842.0000000001,1.01114298162691,0.126725676289076,993.0000000001,0.804768423391072,1.81591140491798,0.0799634541640371,1.30176497804075,1.4730108572936,0.147231695094753,-0.360983987439513,-0.73863333338505,-0.0819568779215445,-0.713451122646548,-0.00507609019616314,-0.829691142007025,-0.815382814645438,-0.162498151238927,-0.112789992409129,-0.873858386085991,-0.16433380506374,0.596004386864676,1.11697181886013,2.19258446122347,2.15155944355969,2.28302402457116,-0.574612071776762,0.0921997220574426,-1.1585742784964,-0.508039149987994,-0.508039149987994,2.00027537760214,-1.62271262273843,0.344136573107667,0.54746454401662,0.638029035481034,0.236834926958438,0.421454914218746,0.928700043203993,0,993.0000000001,0.0445255672391159,0.0354378868249211,0.471184876762846,0.708185019902885,5337.04964188262,0.0156249669969604,1033,2,"SNETWORK (2 36 5337.04964188262 0.471184876762846 100001114 1033)",100
43,100001115,-0.26985843703019,53,0.12371145778112,0.869954874556633,0.532114998802948,0.540517197237357,0.552449009633917,-0.349854852335257,-0.328911457296511,-0.778973734279953,-0.0907910283148874,-0.484375992697333,0.563653343196386,-1.17165695841995,-0.484375992697333,-0.484375992697333,0.401677480123768,0.697244301638382,0.488858996599325,0.0777140788246691,0.836961643385956,0,0.0419161676646709,0.81118881118881,0.429975429975429,-0.26985843703019,11,0.817275821233226,0.075323454910622,0.0750258562115637,-0.622492504188887,-0.268937620577198,-0.143009586538968,-0.088521804168872,0.141503518181156,0.0298373681561781,1.0000000001,0.0294055277130779,0.143409388239844,4.0000000001,0.565335215321521,0.594740742934598,0.0275360363103786,-0.526819546777457,-0.22901209371492,-0.590762925646934,0.324970973657474,1.44234808163949,-0.128895217045152,1.46464514080303,-0.0790965807948383,1.130022102862,1.0743820915257,0.6289308363696,0.70442997712822,0.0461807725011843,0.672086408255939,-0.353148128111646,0.538992472803681,0.102215627178165,0.139017963839617,0.167198521564845,-0.921587425751881,0.400745694051444,-0.476587313531964,-0.754925245380789,-0.754925245380789,-0.0589697112927063,-0.0399790915688109,0.519104275443087,0.389996491228244,0.327107510016756,0.503579422195656,-0.059382136218827,0.884450356642324,3.5297682984245e-14,4.0000000001,0.00136145317584907,0.0261745830345295,0.210393488516039,0.724689577706158,3104.46838210265,0.0312500660060792,1524,2,"SNETWORK (2 43 3104.46838210265 0.210393488516039 100001115 1524)",100
17,100001116,-0.769785584375972,76,-0.550809761043692,0.0528857651479453,-0.358045591966192,-0.357303355798844,-0.355675841278248,-0.0624400544656751,-0.060305183644952,0.265064360737235,1.27351529587496,0.665614901910775,0.0258300720376084,-0.0847927325507694,0.665614901910775,0.665614901910775,0.503284851614284,-0.0223429254729395,-0.022290269896424,-0.443185490145643,0.025126240654971,-0.596303901437372,0.141716566866268,0,-0.395577395577396,-0.769785584375972,9,0.890678341041004,-0.277304489483426,-0.274955125863616,-0.650000461940949,-0.769823021499507,-0.0802080110601777,1.28577794264672,0.143192077843946,1.73772524657504,502.0000000001,1.39470193213756,0.181540918949816,3436.0000000001,0.997296417652583,2.39199834969014,0.117848340494506,-0.521333252467118,-0.327163307002628,-0.510447466294847,-0.629180995307069,-0.175857700836557,0.0200341387535195,-0.190662041417651,0.766547654719329,-0.233585906546914,-0.6022085502689,0.138797708656265,0.0123219922264001,-0.865991649509133,-0.146580611036241,-0.658232714974314,-0.277526342387342,-1.4058558810172,-1.37829262321507,-1.40813399619979,-0.27362066611957,-0.462730482951312,-0.341884433957773,-0.258940547174498,-0.258940547174498,-0.0472434588941161,1.06316675953723e-11,-0.138750354657214,-0.283270453239257,-0.414698087577656,-0.076906309910625,0.468916972164905,0.0053929626191459,0,3436.0000000001,0.0687138049504928,0.0491345354440133,0.258212450886479,1.17968880664557,1556.94323588904,0.125,495,2,"SNETWORK (2 17 1556.94323588904 0.258212450886479 100001116 495)",100
43,100001117,0.215380482905884,139,0.12371145778112,0.869954874556633,0.965149594579297,0.947078472655203,0.966783102940535,0.0688468251349784,0.0416031095819401,-0.518888558881048,-0.3912718756827,-0.117765212519835,0.939648193833385,-1.15178328836536,-0.117765212519835,-0.117765212519835,0.2524398884045,0.478029643650864,0.291191415611873,-0.668591198016686,0.69721723632308,-1.14579055441478,2.23053892215569,2.01958041958041,-0.227886977886978,0.215380482905884,11,-0.309825218890901,-0.372560596227852,-0.368941230194642,0.273215630157174,0.216153216147493,1.35207281065236,-0.388191714430908,-0.425173722440323,0.0302851890282465,2.0000000001,0.0596937343207995,0.0423197279164719,19.0000000001,0.792437340025603,0.852131074246403,0.0426945945429409,-0.150575096710802,-0.104249040234761,1.09032206657128,0.779400057318903,-0.492709868553039,1.10518533604791,-0.542231500877508,0.13340689266055,-0.513018803241647,-0.279688456545113,0.418805785228605,0.481938263818134,0.0714995203612151,0.22610141547257,-0.353148128111646,0.538992472803681,2.19258446122347,2.15155944355969,2.28302402457116,-1.0303015259706,0.139486071818746,-0.926351360318123,-0.824399679110051,-0.824399679110051,0.800520197769947,-0.0613403441105304,-0.344094273672718,-0.495108002999009,-0.642492762692771,-0.207596203051584,-0.139781970699019,-0.889898370482157,0,19.0000000001,0.0029908541662968,0.0397037402766441,0.545197377295198,1.32658717578636,3592.83638885775,0.0312500660060792,1608,2,"SNETWORK (2 43 3592.83638885775 0.545197377295198 100001117 1608)",100
42,100001118,-0.887571792645537,5,-0.886598059773572,-0.0928456434617663,-0.0369605603324269,-0.0422694509956289,-0.0386919408759992,0.983072318926565,1.236422722124,1.34303478778079,0.113143892119652,0.0459994534576771,0.354858294760901,0.572761465429808,0.0459994534576771,0.0459994534576771,0.593719208653199,-0.128346977498078,-0.323603783038537,0.132522557999537,-0.213905425748216,-0.720739219712526,0,-0.434965034965035,-0.700859950859951,-0.887571792645537,10,-0.064862783682831,-0.432894034637909,-0.428345763153053,-0.0491077304974931,-0.887617080261673,-0.3092187887509,0.114840014295344,-0.411439182530554,0.0816172368749575,707.0000000001,0.36902589355078,0.0528060840821895,30.0000000001,0.0101311970038267,0.379157090454606,0.0192006022838171,0.451458764886051,0.857443986371675,-0.606241155093531,-0.378937928363065,0.351763003774979,-0.184392503314095,0.389983393153078,0.0694828423852673,0.669251569127979,0.803748406848038,0.791127844965347,0.614597825982337,-0.751588962239217,0.220103030422391,-0.658232714974315,-2.60749408789749e-15,-1.4058558810172,-1.37829262321507,-1.4081339961998,-0.672901116193788,0.548908276261956,-0.596931107777859,-0.582084077489005,-0.582084077489005,0.135896696438392,-0.0277688005068862,0.0491682772160236,-0.168449615174197,-1.14219060203183,0.343838840764336,0.427129080430712,0.140292806223336,0,707.0000000001,0.0186875560445127,0.000513046139304335,0.33709797349796,0.72394213732332,1718.16265220584,0.0625,1472,2,"SNETWORK (2 42 1718.16265220584 0.33709797349796 100001118 1472)",100
35,100001119,0.923196417281765,209,1.95876350285277,1.6240746339498,1.45807027539656,1.42805593959054,1.43873085382348,0.627416836847628,0.550904995225976,-0.117741026446058,-0.268023461057864,0.0335690230740364,1.14227884563485,-0.225717451481302,0.0335690230740364,0.0335690230740364,-0.590276616015094,-0.483335924013993,-0.591188105235776,-0.81598549079441,-0.487805065747705,-1.3305954825462,1.62674650698603,0.565034965034965,-1.23832923832924,0.923196417281765,12,0.0241940448753359,-1.07757294634916,-1.05688521702829,-0.207990260402728,0.917699506073777,0.169837080243211,-0.265027075199841,-0.273400975731455,0.0509624153593775,81.0000000001,0.0263992801473979,0.911446309749775,1410.0000000001,8.21877829681131,8.24517757685871,0.468073203108897,0.509321877692439,0.0876916935520027,0.552980891114078,-0.43207806902971,-1.50165770329997,0.463274772093441,-1.87153754268632,0.0184598185745058,-2.06937326326455,-1.45955861304147,0.214812794207426,0.338133272912973,-0.731672219179927,0.166877210357061,0.596004386864676,1.11697181886013,2.19258446122348,2.15155944355969,2.28302402457116,-0.904171058218347,0.307751042965046,-0.354092752803575,-0.743463591420334,-0.743463591420334,0.429072642782304,-0.105704857090676,0.692330993895428,0.79808153663473,0.67790766981422,0.608558428406881,-1.04303843497584,-1.19707951058363,0,1410.0000000001,0.00149866942875135,0.466574533580146,0.141180193156982,0.501844973652624,5473.35939202214,0.0156249669969604,982,2,"SNETWORK (2 35 5473.35939202214 0.141180193156982 100001119 982)",100
28,100001120,-0.297345634777475,176,-0.790377993358492,-0.853832397374456,-0.715996162004961,-0.715344983900652,-0.711097017555422,0.770915197196794,0.781670851652144,2.0300933678272,-0.424452687446187,0.46939072827119,0.104797545631398,2.82427775122827,0.46939072827119,0.46939072827119,0.00359051584219161,-0.864200291305123,-0.93545317994377,0.71194353901503,-1.24767631710428,0.468172484599588,-2.26546906187625,-1.53286713286713,0.194922194922195,-0.297345634777475,8,-0.22608126895937,-0.673468871071042,-0.664241935688416,0.0712437941809339,-0.296505956966225,-0.0657283365416618,-0.421003147086721,-0.26826328838357,0.83354389007547,2153.0000000001,2.86924258430207,0.0852341534970917,4528.0000000001,0.617042155800658,3.48628474000273,0.184221762517083,-0.16690951946311,-0.527584858355736,-0.112969876308392,-0.194962484080052,-0.123388816266612,0.13400808551873,-0.144068180084598,-0.383614803373597,0.0334710407020527,0.0185821939704594,-0.291295333782298,-0.0945241243558741,-0.0446289512672116,0.00230988467457636,-0.471792152073761,-0.75229266612818,-0.89778437282183,-0.860982036160383,-0.83280147843515,0.418779480195692,0.207071832941171,0.34115390861238,0.466311626165581,0.466311626165581,2.50065942571908,1.06316675953723e-11,0.14447396456581,0.140299730658202,0.726879745457613,-0.00330823582691618,0.57015234438483,0.190614698949493,0,4528.0000000001,0.151616108579416,0.0326056538376676,0.0757446864215242,0.243189678061754,1676.2879218844,0.125,717,2,"SNETWORK (2 28 1676.2879218844 0.0757446864215242 100001120 717)",100
29,100001121,-0.947110429331353,57,-0.790377993358492,-0.853832397374456,-0.959757100198023,-0.960709455694412,-0.961711264614227,0.450046747023747,0.375230221338111,1.59805407613559,0.111615400722518,0.900703011779035,-0.204879941882377,2.95172662235892,0.900703011779035,0.900703011779035,-0.0690590454713627,-0.37407204935576,-0.47483100407834,0.468245039028791,-0.585152847556283,0.388090349075976,-1.93862275449102,-1.29510489510489,0.10534398034398,-0.947110429331353,8,1.08726210384221,0.116991226852613,0.116590552326441,-0.678004065788935,-0.946845856978075,-0.333070558141691,0.114791759970927,-0.083333965224872,0.98872971944952,3336.0000000001,5.27349326901983,0.899563820678835,1100.0000000001,1.58204718059413,6.85554044951396,0.315087602057127,-0.247046440642209,-0.248968872840472,-0.166847850866165,-0.383556786455996,-0.331535634858239,-0.340113303650519,-0.334456692528249,-0.0155510950362498,-0.312031496639594,-0.365500769636076,0.643081163092012,0.283696328486811,0.187261201483877,0.118237397623717,-0.471792152073762,-0.752292666128177,-1.4058558810172,-1.37829262321507,-1.4081339961998,-0.563442929858979,-0.675220592993859,0.494040872462635,-0.499407834723518,-0.499407834723518,0.052045067956715,-0.122378975633665,0.193088824070579,-0.0200742527403402,0.667453447715964,0.0642929103550279,-0.232491989953012,-0.808578833033745,0,3336.0000000001,0.242375106718689,0.0727124952384376,0.343614946226986,0.228429674939293,1007.21738471016,0.25,852,2,"SNETWORK (2 29 1007.21738471016 0.343614946226986 100001121 852)",100
29,100001122,-0.846491199290988,79,-0.790377993358492,-0.853832397374456,-0.959757100198023,-0.960709455694412,-0.961711264614227,0.509317698271437,0.463180505210433,1.70667038997037,-0.012718530047858,0.981783448134863,-0.162315502449644,2.79229916757383,0.981783448134863,0.981783448134863,-0.03763471940123,-0.539394623982761,-0.627427420306556,0.231302453283132,-0.750200646997182,1.05602816075095,-3.18648417450813,-1.88851148851148,0.604422604422604,-0.846491199290988,8,0.430372801360178,2.07402364956313,2.11427864248348,-0.253862911286271,-0.84610283094401,-0.722075423462437,-0.0106905947797869,0.141171625105933,0.680722830196265,323.0000000001,0.351534217260831,0.881397752300856,17.0000000001,0.0239560729783601,0.375490290139191,0.012259424143805,1.05397035832726,1.90633872661516,-0.604196753444272,-0.88766881425853,-0.40033004422213,-1.19357446362079,-0.285284844547811,-0.661873884348105,-0.249830678630337,-0.258536288259124,-0.150310195511409,-0.157497817807971,-1.05689725246243,0.0751401827087829,-0.471792152073761,-0.752292666128179,-1.29679337519469,-1.26724737930477,-1.28463269976233,0.762771495307589,0.189947348782197,0.0191975184257201,0.923819452772408,0.923819452772408,-0.262886488312922,-8.14720811508392,0.863320878584426,1.53828398942349,1.98680458834215,0.479630489486456,-1.21880326786636,-1.84487705339778,0,323.0000000001,0.0114772795686191,0.000782144475185923,0.481299229308349,0.0195699499392472,1134.94914041619,0.25,874,2,"SNETWORK (2 29 1134.94914041619 0.481299229308349 100001122 874)",100
3,100001123,-0.244653359878528,118,-0.226804037760009,-0.273941878615531,-0.467885001197052,-0.45962963966976,-0.447550990366083,-0.377323500217356,-0.441261686126806,0.549344512533025,0.759237659246201,-0.0387453415331945,-1.23955170271312,-0.134443187785662,-0.0387453415331945,-0.0387453415331945,-4.38858208822491,0.163599603363805,0.231808661430777,1.12759132662233,-0.0280080792546022,0.0739219712525668,-0.0898203592814364,1.0005994005994,0.837837837837838,-0.244653359878528,7,0.250863472615357,0.740807675289259,0.743954679941969,-0.229857454344089,-0.243090471216892,0.852774775282673,0.762198919404723,-0.0230050706795689,0.380183196400419,2100.0000000001,1.27646010793252,0.14075438416682,6570.0000000001,1.47850342403834,2.75496353187086,0.113489009998134,1.71484363063798,1.37571840609983,0.16879934342714,0.956979936965416,1.14164463005333,0.496205219981327,1.03202568413212,0.795182640076221,1.65445280943976,3.37149753703762,0.109150474093397,0.0586604250314542,-0.784695199879055,0.114782417866859,-0.183656619125852,-0.461007527196321,-0.824809292859624,-0.775763481363517,-0.736953070095527,0.0720018252792569,-0.795286889317282,0.839948161256047,0.0738206857015364,0.0738206857015364,-0.183270146831936,-14.8664781496785,0.744978013154665,0.641387086722285,1.05966690263327,0.573994285973959,-0.66372861110608,-1.10191601528774,0,6570.0000000001,0.0525829805519282,0.0609060293462063,0.591557271609217,0.941540471278131,2043.46346423779,0.0624998605480869,119,2,"SNETWORK (2 3 2043.46346423779 0.591557271609217 100001123 119)",100
3,100001124,-0.689208799863836,11,-0.494845044588713,-0.486027089260215,-0.640656641110964,-0.630828421199535,-0.621755757978306,-0.305437464270588,-0.393523643658364,0.670465285064029,1.2084508490233,-0.000255992301483031,-1.14893766895831,0.388125526149537,-0.000255992301483031,-0.000255992301483031,-4.85148633730223,0.267996549862786,0.261748496302239,1.10189748642035,0.108310672736419,0.0221765913757709,0.149700598802395,1.22237762237762,0.834152334152334,-0.689208799863836,7,0.0672707934007777,4.06649315331533,4.22570434646838,0.39485224894254,-0.683989002028253,-0.0215429107577807,1.20736466546936,-0.266859270844443,0.0877844906602266,6016.0000000001,0.844346398267027,0.0911529078168314,7396.0000000001,1.07786026930966,1.92220666747669,0.044474222614436,1.41470193826214,1.16396991661336,0.144075999748991,-0.0346247048989716,-0.259828351992416,-0.884897153195849,-0.129278472501758,0.219936643970993,-0.126819180701179,-0.329991288238076,-0.830402355693161,-0.848709775945734,0.304298838316285,-0.364165557678186,-0.471792152073761,-0.752292666128179,-1.48074956831335,-1.423857898781,-1.44749212629168,-0.0157884944247701,0.292593598282799,-0.463081268302789,-0.015858858871444,-0.015858858871444,2.93680691953816,-33.0181807233776,1.05385496024628,1.00539065822171,-1.36893668716405,1.49899072536448,0.0723981296246241,0.0120764982129087,0,7396.0000000001,0.019535698334972,0.024938524179464,0.145953072709963,2.21797853149474,1400.94644882015,0.0624998605480869,12,2,"SNETWORK (2 3 1400.94644882015 0.145953072709963 100001124 12)",100
41,100001125,-0.334755938639063,132,-0.886598059773572,-0.0928456434617663,0.315622755524543,0.310024668600395,0.31737100022456,0.962871754048995,0.990174163115914,0.19469835160072,-0.283143582188162,0.783545041604636,0.543439288343942,0.422916662548797,0.783545041604636,0.783545041604636,0.505156652620991,-0.726773460203031,-0.84444242106538,-0.172266402277604,-0.912553256240968,-0.720739219712526,0,-0.434965034965035,-0.700859950859951,-0.334755938639063,10,-0.508380472646336,5.35937151843105,5.6288274456397,1.78948628559499,-0.335221073777081,-0.658302628576591,-0.280370442416758,0.404394128300167,0.150262931634252,3683.0000000001,3.53923268135687,0.143478187500223,2571.0000000001,2.35908450172351,5.89831718298038,0.10930398457112,-0.941990860747957,0.679907820341182,-0.764464356868686,-0.755107517520952,0.0279488463563321,-1.61176780844044,0.0145195391065311,-1.31026756909016,-0.0228338922536955,-0.0155645786681504,-0.43395358550153,-0.5315440959471,0.209344984230286,-0.323139079816222,-0.658232714974315,-2.60749408789749e-15,0.10221562717817,0.139017963839617,0.16719852156484,-0.384632458415964,0.621675170034096,-0.136784077054359,-0.354913933420885,-0.354913933420885,1.92837871008132,1.06316675953723e-11,0.408814091272218,0.366525079290475,0.488262063565918,0.343853090646338,0.284528696679338,0.50412312049472,0.0307957096669538,3683.0000000001,0.0655868821626963,0.0437171023084239,0.394567016247503,0.915452648640303,2430.83591871097,0.0625,1338,2,"SNETWORK (2 41 2430.83591871097 0.394567016247503 100001125 1338)",100
43,100001126,-0.318185126670842,45,0.12371145778112,0.869954874556633,0.532114998802948,0.540517197237357,0.552449009633917,-0.354977072078551,-0.326195811632882,-0.756862896697189,-0.0815218089718363,-0.48515119506212,0.535258702363297,-1.16720351810132,-0.48515119506212,-0.48515119506212,0.405886814191815,0.706344517869621,0.49661645407407,0.100365583144266,0.84428674244342,0,0.0419161676646709,0.81118881118881,0.429975429975429,-0.318185126670842,11,0.787675899520527,-0.724932460916112,-0.714499601382595,-0.633199181869291,-0.313036308780063,0.437080915593247,-0.0793263394721882,0.507198844811348,1.01659190664755,1.0000000001,1.0018786283668,0.0929909070091082,4.0000000001,0.366580145605126,1.36845877387193,0.0729740781401239,2.56970236265066,0.783546347491431,0.212542250608751,0.775875590249094,0.811584053629606,0.593654793927544,0.948257552982359,0.290364237314525,0.531594026753487,-2.54798124560333,0.0428585250653026,0.11140109029156,-0.820210830336039,-0.0585405242678566,-0.353148128111645,0.538992472803681,0.102215627178161,0.139017963839613,0.167198521564845,-0.805007976772338,0.283409369940398,0.188319922618593,-0.676397273865456,-0.676397273865456,-0.192443568685689,-0.447135634736563,0.84366928740211,0.575110272290415,0.322681842763801,0.860125814928005,1.12616314777857,1.05741357864011,0,4.0000000001,0.0534259201717529,0.019548157868371,0.178669800617297,2.09205800235301,3058.19402644172,0.0312500660060792,1516,2,"SNETWORK (2 43 3058.19402644172 0.178669800617297 100001126 1516)",100
43,100001127,0.251700601769562,145,0.12371145778112,0.869954874556633,0.965149594579297,0.947078472655203,0.966783102940535,0.148564538762055,0.0773414366624693,-0.381995749151175,-0.49909779699185,-0.160797652372227,0.769789340203138,-0.201030211451438,-0.160797652372227,-0.160797652372227,0.0831188290678507,0.610285727760415,0.460681088149065,-0.358371240227261,0.807164684846239,0.147843942505134,-0.958083832335329,-0.581818181818182,-0.163390663390663,0.251700601769562,11,-0.576882249412113,-0.328276281055685,-0.325277155947522,0.755466319713424,0.247609004737184,0.0654569697937259,-0.495732508184386,-1.20822266366741,0.0370121279489629,1e-10,1e-10,0.114819702925376,14.0000000001,1.58421061473598,1.58421061473598,0.0787559046276271,-0.290244984733667,-0.312122942557581,0.395714555390846,-0.28589466075369,-1.06425843861086,0.171963042570353,-1.16124589090334,-0.515357105829215,-1.073898154433,-0.44525113017869,-0.330728934247454,-0.258493466529915,0.0892972918442402,-0.238542718798973,-0.353148128111646,0.538992472803681,2.19258446122347,2.15155944355969,2.28302402457116,-0.829659079309516,-0.0393760915234397,-0.0662386848751091,-0.693360703698207,-0.693360703698207,0.885859805712135,-1.01171293507462,0.630836032609454,0.442064792146778,0.814486209181233,0.50821195085673,0.205979975365682,0.242074474679685,0.0266021562184477,14.0000000001,0,0.0787559045276271,0.567348359187486,1.16373800536183,3625.14733636153,0.0312500660060792,1614,2,"SNETWORK (2 43 3625.14733636153 0.567348359187486 100001127 1614)",100
35,100001128,1.11431553794857,238,1.95876350285277,1.6240746339498,1.11742223327512,1.09970853501445,1.1005013034785,0.66626117526515,0.627116215998249,-0.208252354186515,-0.457666760150067,-0.164615400164784,1.12139579243473,-0.6270466519655,-0.164615400164784,-0.164615400164784,-0.772781600755877,-0.595237196218769,-0.714880790773548,-1.04266857149198,-0.587383020483168,-1.3305954825462,1.62674650698603,0.565034965034965,-1.23832923832924,1.11431553794857,12,-0.58628185154551,-0.276262076262485,-0.273925287116095,0.785168217309359,1.10816808301863,-0.021596011747847,-0.454494664127283,-0.221737741736018,0.0763783072196992,1e-10,1e-10,0.124751068713556,1417.0000000001,1.13050161382625,1.13050161382625,0.0556870082398,-0.624182112549047,-0.654352279030555,0.71632620134134,0.146798858496439,-0.906833063635721,0.0769121885189743,-0.980477810021985,-0.476374762176032,-0.781495075048777,-0.336422549759603,0.843051747535539,0.90334657820338,0.0464726419675317,1.4478869197505,0.596004386864676,1.11697181886013,1.80046966521041,1.75946957997624,1.85125760601614,0.033372772792255,0.67617217401526,-1.3037593562474,0.033906825811134,0.033906825811134,-0.144791577167953,-0.832490814043419,-0.351670228011218,-0.271861163284046,-0.0228569313248683,-0.365585054921354,0.825034653077627,0.117493207899021,0.00278697175716655,1417.0000000001,0,0.0556870081398,0.841752966908562,2.34484685512273,5647.29705427228,0.0156249669969604,1011,2,"SNETWORK (2 35 5647.29705427228 0.841752966908562 100001128 1011)",100
3,100001129,0.256562826860237,220,0,-0.0695595240108285,-0.467885001197052,-0.45962963966976,-0.447550990366083,-0.399764153066554,-0.46947517637071,0.525579044450838,0.344633989808545,-1.06608887926913,-1.18179544768099,-0.421549237340047,-1.06608887926913,-1.06608887926913,-5.43093020486554,0.385979812600418,0.502784308900875,1.5707622278241,0.171222146446895,0.0739219712525668,-0.0898203592814364,1.0005994005994,0.837837837837838,0.256562826860237,7,-0.268048290341141,1.56172028298555,1.58323732082026,0.512172536931084,0.25353174199769,0.0112512032848135,0.345774655320869,-1.3328775713326,0.141437405214353,5017.0000000001,1.13449716610872,0.081520381576146,2551.0000000001,0.332484723966579,1.4669818899753,0.0523595916662013,-0.2198042753603,0.00918271412612888,0.983166612020169,-0.202186367948399,-1.84211211576286,-0.333247267414713,-1.44121676422965,0.148618701290807,0.442708259937408,0.882760612698403,-0.385760367321596,-0.583869444378129,-1.31607371703619,-0.279107782426307,0.223123099423871,0.103212322371743,-0.751834212897414,-0.690544926566661,-0.641104661755909,-0.448793066175882,0.405563837099659,-1.29726074834934,-0.408154951711982,-0.408154951711982,2.93314375932952,-12.4138649593806,0.813468060123435,0.804480767383823,0.915134307567708,0.683923617043474,0.264308323788327,0.915956525508457,0,5017.0000000001,0.0404925300408983,0.0118670615253029,0.992958957675026,0.233158489689231,2622.24484455624,0.0624998605480869,221,2,"SNETWORK (2 3 2622.24484455624 0.992958957675026 100001129 221)",100
43,100001130,0.0492677834577886,109,0.12371145778112,0.869954874556633,0.965149594579297,0.947078472655203,0.966783102940535,-0.041019050445946,-0.0374748707393603,-0.466513185674957,-0.331175403836952,-0.459232806126715,0.701172668590745,-0.800607511568582,-0.459232806126715,-0.459232806126715,0.244006705790678,0.47149384159646,0.27460574090986,-0.29228604701321,0.620088978284471,-1.14579055441478,2.23053892215569,2.01958041958041,-0.227886977886978,0.0492677834577886,11,0.471257272014898,0.103553600731686,0.103181397461148,-0.440687261172732,0.0493931699000799,-0.383758901276151,-0.328303573986697,0.852138707375393,0.432735305379493,4.0000000001,1.70588906438897,0.201781764726503,2.0000000001,0.39772269738138,2.10361176167036,0.0969129816603028,0.328028192754735,0.738987747198634,-0.316045499973559,-0.0924831621740856,0.343959800139181,-0.394548364745599,0.347390202710019,-0.512787387854622,0.244455400051929,0.155296716076839,-0.417184019727691,-0.270891450850626,-0.0126165067421379,-0.243964336055865,-0.353148128111646,0.538992472803681,2.19258446122347,2.15155944355969,2.28302402457116,-0.589433003564102,-0.130496468948662,0.157824643121733,-0.519423187981586,-0.519423187981586,-0.0153196088138959,-0.0409242947343785,1.15087336926957,1.21361445019842,1.00939648791301,0.948731545235694,-0.773391419564227,-0.404703686016522,0,4.0000000001,0.0785899748478044,0.0183230067124985,0.427559583309426,0.343002317997055,3421.24180201652,0.0312500660060792,1578,2,"SNETWORK (2 43 3421.24180201652 0.427559583309426 100001130 1578)",100
3,100001131,-0.284246456369263,112,-0.226804037760009,-0.273941878615531,-0.467885001197052,-0.45962963966976,-0.447550990366083,-0.367334413548538,-0.428063657813407,0.559366001226587,0.772413527224458,-0.0341708697642751,-1.22649951536696,-0.132637842770209,-0.0341708697642751,-0.0341708697642751,-4.38912167504461,0.169818029331467,0.23631289663386,1.13750312344771,-0.0219814212564398,0.0739219712525668,-0.0898203592814364,1.0005994005994,0.837837837837838,-0.284246456369263,7,0.0863280085843435,-3.20666148355008,-3.04319427261374,-0.437592385804034,-0.282185121411612,0.69308630568855,0.772496693824804,-0.223539041759666,0.111319932700671,734.0000000001,0.130636347502426,0.112724360565676,1310.0000000001,0.236093543369932,0.366729890772358,0.0305303973999461,3.56536838798868,-1.04033898901216,1.1391866231113,0.395178265060823,-1.09977692555998,1.50886776035023,-2.01316877829138,1.25940962573862,-2.88123369468116,6.29832025149741,0.719941043978552,0.51058085256357,-0.822811427562914,0.424548925383129,-0.183656619125852,-0.461007527196321,-0.824421059425981,-0.775310111635714,-0.736443148671689,-0.292322697529179,0.713378912141506,-0.607100504711739,-0.27545971268589,-0.27545971268589,0.443081575098061,-2.04775144468163,-0.526623938201513,-0.533992886222962,0.026103862173237,-0.569029636542554,0.552756493397229,0.531706199087483,0,1310.0000000001,0.0108755236195708,0.0196548736803753,0.564202005505334,2.45082589838421,2004.01988633516,0.0624998605480869,113,2,"SNETWORK (2 3 2004.01988633516 0.564202005505334 100001131 113)",100
17,100001132,-0.746564842382627,81,-0.254295665086778,0.276450920905401,-0.358045591966192,-0.357303355798844,-0.355675841278248,-0.0931941568926558,-0.0819465275301887,0.248520044055068,1.21446654365158,0.64693858340096,-0.0163310126405586,-0.0510476025307905,0.64693858340096,0.64693858340096,0.497153569923021,0.00234497552064937,0.00730178321031719,-0.412648150825079,0.0506632956534445,-0.596303901437372,0.141716566866268,0,-0.395577395577396,-0.746564842382627,9,1.19362864535127,0.474776044056362,0.475261387286872,-0.710513282313599,-0.746976222534314,-0.744756672327611,1.21364225148646,0.289335916542311,0.0928594118523522,186.0000000001,0.0276143896440176,0.133830390219423,2569.0000000001,0.549686945282315,0.577301334826333,0.0249168324113482,2.92897213530678,2.56055181616703,-0.474345370397231,-1.06768965365425,-0.811614528878798,-0.936304150015144,-0.76828010419358,0.188263992133776,-0.486023673940981,-1.2675900930094,-0.181996560514772,-0.172243014688223,-1.11037974682019,-0.221256566008964,-0.658232714974315,0,-1.4058558810172,-1.37829262321506,-1.40813399619979,-1.02741963909268,-0.918739748638033,-0.388386779397497,-0.822603156679829,-0.822603156679829,0.929495970042878,1.06316675953723e-11,-0.280682995102564,-0.485700985871362,-0.414698087577656,-0.193175699969463,0.468916972164905,-0.0909075894439061,0,2569.0000000001,0.00119186129021286,0.0237249710211353,0.276731698825252,0.475043708807789,1587.78011930224,0.125,500,2,"SNETWORK (2 17 1587.78011930224 0.276731698825252 100001132 500)",100
3,100001133,-0.244653359878528,118,-0.226804037760009,-0.273941878615531,-0.467885001197052,-0.45962963966976,-0.447550990366083,-0.377323500217356,-0.441261686126806,0.549344512533025,0.759237659246201,-0.0387453415331945,-1.23955170271312,-0.134443187785662,-0.0387453415331945,-0.0387453415331945,-4.38858208822491,0.163599603363805,0.231808661430777,1.12759132662233,-0.0280080792546022,0.0739219712525668,-0.0898203592814364,1.0005994005994,0.837837837837838,-0.244653359878528,7,0.250863472615357,0.740807675289259,0.743954679941969,-0.229857454344089,-0.243090471216892,0.852774775282673,0.762198919404723,-0.0230050706795689,0.380183196400419,2100.0000000001,1.27646010793252,0.14075438416682,6570.0000000001,1.47850342403834,2.75496353187086,0.113489009998134,1.71484363063798,1.37571840609983,0.16879934342714,0.956979936965416,1.14164463005333,0.496205219981327,1.03202568413212,0.795182640076221,1.65445280943976,3.37149753703762,0.109150474093397,0.0586604250314542,-0.784695199879055,0.114782417866859,-0.183656619125852,-0.461007527196321,-0.824809292859624,-0.775763481363517,-0.736953070095527,0.0720018252792569,-0.795286889317282,0.839948161256047,0.0738206857015364,0.0738206857015364,-0.183270146831936,-14.8664781496785,0.744978013154665,0.641387086722285,1.05966690263327,0.573994285973959,-0.66372861110608,-1.10191601528774,0,6570.0000000001,0.0525829805519282,0.0609060293462063,0.591557271609217,0.941540471278131,2043.46346423779,0.0624998605480869,119,2,"SNETWORK (2 3 2043.46346423779 0.591557271609217 100001133 119)",100
17,100001134,-0.0736782368776362,201,0.152577399052067,0.406018494492994,0,0,0,-0.373911946635838,-0.398616905830111,-0.046603459878353,0.881432306804962,0.273473875770548,-0.25876287607086,-0.00631410582756124,0.273473875770548,0.273473875770548,0.426012527249076,0.101148082839909,0.149780938561065,-0.116430657204223,0.120997284109882,-0.443531827515401,0.0161216029479497,0.044324905863371,-0.265923265923267,-0.0736782368776362,9,-0.409611684678496,0.150732149025496,0.150279942848712,0.518355521287767,-0.0738363508057915,0.338925919262761,0.882430600479829,-0.776426936108855,0.139584701096542,2395.0000000001,0.534490404646849,0.17257500379753,1413.0000000001,0.38986713617409,0.924357540720938,0.0422330052876183,-0.372531497105495,-0.222956090319702,0.694184800652762,-0.126266869485621,-1.28448030667186,0.28330303195936,-1.28752567563176,0.744898917435167,-1.90496003103398,-4.14114033866385,0.685922448549539,1.02836445655273,0.173744567601462,3.34360730272431,0.121428129376515,-0.277526342387342,0.0532947653586266,0.0724833371178465,0.0871765523639193,0.798909502206276,1.33199646354368,-0.794714733914576,0.97629014406782,0.97629014406782,0.212439017086137,1.06316675953723e-11,-1.08089535066045,-0.966304449224943,-0.758107426989857,-0.986641358304386,0.462954848502143,0.129116476051687,0,2395.0000000001,0.024420351472219,0.0178126537153993,0.700538664378159,1.38433492835611,2293.47216628308,0.125,620,2,"SNETWORK (2 17 2293.47216628308 0.700538664378159 100001134 620)",100
29,100001135,-0.717590147771528,105,-0.790377993358492,-0.853832397374456,-0.715996162004961,-0.715344983900652,-0.711097017555422,0.583238087332897,0.544399579614503,1.8172068118957,-0.0398398032161818,0.958016188897244,-0.159836338076471,2.91682561260076,0.958016188897244,0.958016188897244,0.0649484451179308,-0.629036174949737,-0.746951766676599,0.206610331984554,-0.858692902009216,1.05602816075095,-3.18648417450813,-1.88851148851148,0.604422604422604,-0.717590147771528,8,0.228095636256506,0.11579122280495,0.115392906445563,-0.269312089958285,-0.718777787463853,-0.907817399602564,-0.0366785643735307,0.460145927849988,3.13841105114066,2078.0000000001,10.4267781509876,0.275862973139322,181.0000000001,0.0798301147294292,10.506608265617,0.482996344090767,-0.18417879396106,-0.12925216551894,-0.615837246461557,-0.877461522276262,-0.39370241853305,-1.12409163893965,-0.39721868958041,-0.634586203407917,-0.383700153508756,-0.384210329561502,1.59287974332644,1.09142129687354,-0.448875610368237,2.76716587560385,-0.175182011348623,-0.51490950425776,-0.897784372821835,-0.860982036160378,-0.83280147843515,-0.047526710582702,-0.426781375397669,0.910119053072749,-0.0473854149992892,-0.0473854149992892,-0.20234553161338,-0.419348628992362,-0.335670941343906,-0.301583979319139,-0.559368882871273,-0.218451679659659,0.209135875084403,-0.356390716170281,0,2078.0000000001,0.479326496164336,0.00366984782643182,0.643744165366526,0.887158145895228,1285.65172188662,0.25,900,2,"SNETWORK (2 29 1285.65172188662 0.643744165366526 100001135 900)",100
17,100001136,-0.790523524131656,70,-0.711340194022643,-0.147031598306002,-0.358045591966192,-0.357303355798844,-0.355675841278248,-0.0470384396233852,-0.0405520869956306,0.296901037804928,1.30003787211622,0.688170149789462,0.0505315248166441,-0.0956896117692255,0.688170149789462,0.688170149789462,0.50759751393278,-0.013699225512549,-0.0140996681992891,-0.451340797107642,0.0375171023949042,-0.596303901437372,0.141716566866268,0,-0.395577395577396,-0.790523524131656,9,0.84432242798317,0.559631855353141,0.560783928322239,-0.607697823601502,-0.790425581897576,-0.686689935129727,1.29866787905657,0.681430976123319,0.149844628893222,54.0000000001,0.0129369386300821,0.133105326170414,3850.0000000001,0.819318455808241,0.832255394338323,0.0353901877743465,0.132962566808316,0.27422909827965,-0.878253543278032,-0.527365463470459,0.550338027418987,-0.871284520783206,0.513573658364358,0.260784078053333,0.536489963919865,1.468662556415,0.959785892005443,0.525700087304684,-0.847302384860046,0.964797470099514,-0.341354718088975,-0.538713299413946,-1.4058558810172,-1.37829262321507,-1.40813399619979,0.373198238090587,1.07825064772918,-0.341884433957773,0.411020597169089,0.411020597169089,-0.436128654597223,-0.019295909693486,-0.514202526466658,-0.491179965353017,-0.589614803061597,-0.406679801893697,0.842896525737837,0.757324162110217,0,3850.0000000001,0.00055012041457551,0.034840067259771,0.237779116907466,1.18071416579187,1522.91915781972,0.125,489,2,"SNETWORK (2 17 1522.91915781972 0.237779116907466 100001136 489)",100
37,100001137,0.130934752967834,42,1.29896932353205,1.22104076566898,1.45807027539656,1.42805593959054,1.43873085382348,0.0930418329635458,0.0216958305057859,-0.502311055548213,0.688171124514598,-0.318889201921986,0.609200504671354,-1.08852200764661,-0.318889201921986,-0.318889201921986,-0.51461339212755,-0.53658783731692,-0.577301314302506,-0.443736044655653,-0.623086224580304,0.170020533880904,-0.850299401197607,-0.17062937062937,0.240786240786241,0.130934752967834,12,0.715837202192202,-0.126390590032304,-0.125566275474677,-0.578048745518291,0.126714117679078,-0.280030599732869,0.688401469947358,-0.272513090837909,0.141164888424848,1165.0000000001,1.05174311141951,0.0738874688111541,584.0000000001,0.275956544183566,1.32769965550307,0.0636946071496351,-0.136486811436267,0.652401725106879,-0.0919647325364557,-0.415411299604681,-0.48816505236158,-0.224682876763252,-0.514170288404626,0.395173796690133,-0.484952373488463,-0.937938518860353,0.0349962023368669,0.318825017725613,0.259766712840286,0.753908656862552,0.528207847926239,1.07109749798066,2.19258446122347,2.15155944355969,2.28302402457116,0.76822228313787,1.38664789989862,-0.898118952089652,0.931677119033345,0.931677119033345,-0.194276003267671,-0.293521987550093,-0.631294544512367,-0.411612443912872,-0.486705603899324,-0.559785012259046,-0.315621941018244,-1.08558152070635,1.54670169633483e-13,1165.0000000001,0.050455962626818,0.013238644422817,0.246983309326782,1.11977290455252,4482.42709748644,0.0312499339939208,1090,2,"SNETWORK (2 37 4482.42709748644 0.246983309326782 100001137 1090)",100
3,100001138,-0.20515959135427,129,-0.226804037760009,-0.273941878615531,-0.467885001197052,-0.45962963966976,-0.447550990366083,-0.377038843891367,-0.442162192548611,0.563835119438777,0.736048736348841,-0.0712109460647017,-1.23121384933321,-0.212056693297631,-0.0712109460647017,-0.0712109460647017,-4.38508402750077,0.147851719875124,0.218145755278314,1.0927534510705,-0.0414834520096195,0.0739219712525668,-0.0898203592814364,1.0005994005994,0.837837837837838,-0.20515959135427,7,-0.112959923831303,-0.0986307386804711,-0.0980226106396546,0.288079749658689,-0.205228072150806,0.488976444222654,0.744608710207147,-1.24301375714253,1.23864594165862,3138.0000000001,6.2143421018606,0.0467396345301349,2260.0000000001,0.168884108266297,6.38322621002689,0.304732122611136,0.365134548504228,0.244902096411,0.135747925190566,-0.0468443240058555,-0.27619702175855,0.465446197828063,-0.28965702970433,0.772307850253644,-0.229843051235699,-0.433089421964671,0.358601126789722,0.454835998449051,0.16033289553263,0.821680279324422,-0.183656619125853,-0.461007527196321,-0.822909452037706,-0.773544892644308,-0.734457742663565,0.311204149809519,-0.963589168480132,0.922898304016403,0.337685453075095,0.337685453075095,-0.0599772878328942,-8.58683474779517,0.245237165650628,0.190507132682145,0.85587751210297,0.0758890277958512,-0.444195960764278,-1.0223035592796,0,3138.0000000001,0.296669677119513,0.00806244539162359,0.63305978104388,1.08650909637799,2103.30596249111,0.0624998605480869,130,2,"SNETWORK (2 3 2103.30596249111 0.63305978104388 100001138 130)",100
3,100001139,0.210319601882256,212,-0.226804037760009,-0.273941878615531,-0.467885001197052,-0.45962963966976,-0.447550990366083,-0.416457167953581,-0.487655196851005,0.50666560062913,0.487610677668983,-0.877282498776013,-1.23131868875982,-0.646731306685264,-0.877282498776013,-0.877282498776013,-4.88651116415297,0.235718411883907,0.330855874946357,1.28958110772527,0.0332606146977833,0.0739219712525668,-0.0898203592814364,1.0005994005994,0.837837837837838,0.210319601882256,7,-0.0229676963716464,0.988686633311002,0.995797856184441,0.0775393876498167,0.212661231438698,0.997356587888992,0.492739232122904,0.321320138710649,0.18648334171295,5894.0000000001,1.75729716606476,0.124363298767756,3466.0000000001,0.689153277237178,2.44645044320194,0.0965022827991863,0.678670265862379,-0.0569429705766702,0.281941609421269,0.850973137603838,0.863855355790646,0.520804184399292,0.748082427477542,0.671394213991183,0.534634444663319,0.923922349656927,1.94616539234634,1.40252236528949,-0.315646064066302,4.37178451955243,0.0313897261879626,-0.162730022491149,-0.751834212897414,-0.690544926566661,-0.641104661755904,-0.14254372478378,0.419990836356006,-0.839510603669348,-0.139021735188323,-0.139021735188323,-0.0304443905948786,-0.696420138287883,-1.07538731133993,-0.990401367745415,-0.797735637491614,-0.971035281497957,0.445836991643485,0.524049480881878,0,5894.0000000001,0.0693180556240453,0.027184227075141,0.961004734834622,0.446782622777391,2576.17002762202,0.0624998605480869,213,2,"SNETWORK (2 3 2576.17002762202 0.961004734834622 100001139 213)",100
29,100001140,-1.08265918670473,23,-0.790377993358492,-0.853832397374456,-1.31184600508887,-1.30651564302517,-1.32383268064034,0.426128553524761,0.38156636659777,1.57040023454877,0.256072200430427,0.588236346267632,-0.14763358771817,2.06889580473773,0.588236346267632,0.588236346267632,-0.23666914076358,-0.345309563070929,-0.487147722515883,0.0771033388945946,-0.477285546801301,0.279260780287474,-1.27411842980705,-0.441958041958041,0.405132405132405,-1.08265918670473,8,0.802728417484054,9.78767650010404,10.5722162310259,-0.0192731926756827,-1.08237999408191,-1.05949853873144,0.257401383994342,0.72998880415481,0.153800746472768,1995.0000000001,0.490564490683008,0.0891865665308176,38637.0000000001,5.50931504762843,5.99987953821144,0.0522840581170951,-1.38817653825708,-1.9162352092621,-1.07452204113175,-1.10659958485043,-0.0344319335590802,-2.27688942508718,-0.00222180277449138,-1.82343070935106,-0.0153768885222592,-0.0213787170402551,-1.22603279111519,-1.4288499929878,0.105028492348628,-0.481935914064412,-0.471792152073761,-0.752292666128179,-2.3587188560243,-2.29529197602235,-2.43477706343215,-2.40532547870233,-0.030499915533446,-0.511257350441792,-1.45640169524151,-1.45640169524151,0.197227007129421,1.06316675953723e-11,-0.0243034278045528,-0.0727832217213253,-0.349705858368193,0.0360065147287232,-2.19336287879789,-1.18555512096625,0,38637.0000000001,0.00427486954093782,0.0480091884761573,0.142528056983744,9.30804709499997,820.666088965483,0.25,818,2,"SNETWORK (2 29 820.666088965483 0.142528056983744 100001140 818)",100
3,100001141,0.0935244491062463,185,-0.226804037760009,-0.273941878615531,-0.467885001197052,-0.45962963966976,-0.447550990366083,-0.387271370495555,-0.463218031969063,0.545156921556181,0.552377287918039,-0.593600342514734,-1.20884803678277,-0.789721409052967,-0.593600342514734,-0.593600342514734,-4.72764926613913,0.205408301861607,0.292994991835283,1.13523796856937,0.0233013100242812,0.0739219712525668,-0.0898203592814364,1.0005994005994,0.837837837837838,0.0935244491062463,7,0.105886991161494,-0.27067375304509,-0.268403888351661,-0.201518350302184,0.0936422958990935,0.296055719949286,0.553590951107814,-0.0698154503936502,0.795132322851189,5927.0000000001,7.53475906810539,0.106823462396323,1952.0000000001,0.333381501138759,7.86814056914415,0.38719211134059,0.369555869490825,-0.00336093487465514,-0.173344026773427,0.919168101882571,1.67390974844477,0.358242167639847,1.80635418303289,0.625851485467848,1.65907052852883,2.95248562432143,1.17082159971641,1.0272230326083,-0.618292397294684,3.9082882938646,-0.0133181143210749,-0.224741548936887,-0.751834212897414,-0.690544926566661,-0.641104661755909,1.04020794179669,-0.820178056607129,1.08432726975246,1.35029572789226,1.35029572789226,-0.2644079931084,-0.406934605165339,-0.942548600223609,-0.970440208301006,-0.944982262756009,-0.789973110562295,-0.532048900429864,-0.686265821190759,0,5927.0000000001,0.370786368854186,0.0164057423864042,0.853509685112347,0.661439918726007,2421.17283798525,0.0624998605480869,186,2,"SNETWORK (2 3 2421.17283798525 0.853509685112347 100001141 186)",100
36,100001142,0.7938980538964,184,1.29896932353205,1.22104076566898,1.45807027539656,1.42805593959054,1.43873085382348,0.434963658581828,0.380396764525203,-0.194658136205924,-0.0392698316467265,-0.337844508475468,0.847158732733117,-1.7055641863693,-0.337844508475468,-0.337844508475468,-0.627127482731731,-0.559412446131999,-0.672069061217123,-0.921419735926624,-0.564415641407906,0,0.0419161676646709,0.81118881118881,0.42997542997543,0.7938980538964,12,0.0824546575803224,0.746892298573804,0.75011966077326,0.0207739381955985,0.793512741514983,-0.358602594575291,-0.0371384884031287,0.602116509343857,0.195213142247531,575.0000000001,0.717850419573863,0.0652765252722344,710.0000000001,0.296396068408564,1.01424648788243,0.0417367571707223,1.46041126148756,0.309215422809034,-0.0247821076722219,-0.221058244973444,-0.287948088668472,-0.509713576516067,-0.25953703229124,-0.240616155834542,-0.714531581753638,-0.710013853457581,1.01139208820063,0.754121836814899,0.161752841250028,0.777187567699878,0.596004386864677,1.11697181886013,2.9534413019755,2.86566641021242,3.01127688814933,-0.765075612900689,0.453702878264401,-0.292899399976256,-0.648500223284781,-0.648500223284781,0.180740069937405,-2.27340072982422,-0.635945763317302,-0.467127465467092,-0.00131346074886081,-0.682139852825534,0.277254381084359,0.481750936568157,0,710.0000000001,0.0295399086233995,0.0121968484473229,0.439702780984508,0.678091810946768,5331.02144291879,0.0156249669969604,1032,2,"SNETWORK (2 36 5331.02144291879 0.439702780984508 100001142 1032)",100
28,100001143,-0.0401394995374125,201,-0.790377993358492,-0.853832397374456,-0.715996162004961,-0.715344983900652,-0.711097017555422,0.77372691506673,0.785722246142509,2.09781628546566,-0.462602986076517,0.1021723101948,0.121253706022467,2.59105760225583,0.1021723101948,0.1021723101948,-0.0837049511268925,-0.899993500968888,-0.965611761629642,0.71679489514808,-1.29369003786644,0.468172484599588,-2.26546906187625,-1.53286713286713,0.194922194922195,-0.0401394995374125,8,-0.383204474816484,1.82469503836108,1.85516408938287,0.765016732285895,-0.0307750948866522,1.29354609474832,-0.456632933878004,0.530641111699967,1.07718619307413,7113.0000000001,12.2500638530792,0.134970307575335,2857.0000000001,0.616514426133686,12.8665782791129,0.43868708937342,-0.41388166902381,0.377097239817041,0.559698809280223,1.45380891524019,1.37231622910349,0.469607113194721,1.02762795258518,-0.286417850763632,1.39843060889848,0.661243912706259,-0.108527046518241,-0.106316218331989,0.0442359251981628,0.176550028275689,-0.471792152073761,-0.752292666128179,-0.89778437282183,-0.860982036160374,-0.832801478435145,0.57580377065751,1.11262301569345,-1.72017164133972,0.66605807015801,0.66605807015801,0.136490778528628,1.06316675953723e-11,-0.594101754702458,-0.521967183382792,-0.478797697151986,-0.520960160200431,0.217862630201889,0.184281071824446,0,7113.0000000001,0.417666977073665,0.0210201121997557,0.251892149697668,0.0806346695948622,1816.12827887492,0.125,742,2,"SNETWORK (2 28 1816.12827887492 0.251892149697668 100001143 742)",100
28,100001144,0.503051232254188,237,-0.268041164135857,-0.507523118116241,-0.715996162004961,-0.715344983900652,-0.711097017555422,0.701759996850949,0.796380688973545,1.96782514492446,-0.604825255334412,-1.38389389079144,-0.461139289030182,1.76639495753102,-1.38389389079144,-1.38389389079144,-0.355909346255037,-1.07544057136114,-1.08235801307051,0.378492478422329,-1.45294615379859,0.468172484599588,-2.26546906187625,-1.53286713286713,0.194922194922195,0.503051232254188,8,-0.596019358033106,-0.03181212584854,-0.0316431640871188,0.852833859507709,0.509950975972082,1.79456267125105,-0.601242096469442,0.347863692903258,0.0652420590830441,6457.0000000001,0.673524209179899,0.0368458022044078,2371.0000000001,0.139673602626414,0.813197811706313,0.0383673365949217,-0.59864018397888,2.21453044106721,2.21995334288076,1.8794508373171,-0.533177212459906,1.24201168302079,-0.552169135042927,-0.300555305725866,0.160245441351235,0.0462532111813825,-0.680666241320507,-0.652683821165401,-0.135163365817486,-0.218955121838679,0.121428129376515,-0.277526342387342,-0.897784372821835,-0.860982036160378,-0.832801478435155,1.48237425846989,-0.914056642705253,1.63583426549025,2.15528366907146,2.15528366907146,-1.3042629966339,1.06316675953723e-11,-1.10042628384309,-1.14131360880585,-0.43202273635393,-1.08680797502677,-0.368281706752176,0.0824241698422766,0,6457.0000000001,0.0317774219241933,0.00658991457072839,0.509273977411261,1.7096379473578,2020.45916165305,0.125,778,2,"SNETWORK (2 28 2020.45916165305 0.509273977411261 100001144 778)",100
17,100001145,0.152568868593011,230,0.152577399052067,0.406018494492994,0,0,0,-0.476376208246685,-0.52546127637792,-0.148541414970746,0.715959128351701,0.0248326835480984,-0.335660712695987,0.160955907148542,0.0248326835480984,0.0248326835480984,0.381871057819701,0.234626353401572,0.298891513759251,-0.000285126868517484,0.268010737517476,-0.443531827515401,0.0161216029479497,0.044324905863371,-0.265923265923267,0.152568868593011,9,-0.313200176436622,0.618568147996594,0.620284258201451,0.432125307195594,0.149795226314406,-0.500152823385101,0.720810280583817,0.154464913790446,0.0753638313633819,613.0000000001,0.073861822294267,0.08940818337953,5905.0000000001,0.844099702001687,0.917961524195954,0.0386334485195453,1.05940161424331,1.78334328260141,-0.452804119952806,-0.224158826565508,0.341481740739811,-0.644300685859605,0.315532745079361,0.171535894086055,0.210634712538645,0.428142166042472,-0.896787672789338,-1.04900957299809,-1.46352253909041,-0.391816649738766,0.121428129376515,-0.277526342387342,0.102215627178161,0.139017963839617,0.167198521564845,-0.116850074711198,-0.421246034470693,0.977851896976973,-0.11464216218613,-0.11464216218613,4.58715026622004,1.06316675953723e-11,0.237131734666498,0.312517065701593,0.613625098084001,0.125534642980537,0.453330106340075,1.17043605866147,0,5905.0000000001,0.00310855828159695,0.0355248901379483,0.804417233432352,1.40436807704136,2466.4430846295,0.125,649,2,"SNETWORK (2 17 2466.4430846295 0.804417233432352 100001145 649)",100
37,100001146,0.361845626058326,89,1.29896932353205,1.22104076566898,1.45807027539656,1.42805593959054,1.43873085382348,0.12003435824361,0.0538569564424274,-0.516832125797613,0.626092602993636,-0.399640828065408,0.639443150026639,-1.08098953651934,-0.399640828065408,-0.399640828065408,-0.541796952774295,-0.588129758970451,-0.635686872147504,-0.500821667441488,-0.677615705258994,0.665297741273101,-1.69993346640053,-0.507226107226108,0.644007644007643,0.361845626058326,12,-0.407544771221177,0.634526464730164,0.636409448039767,0.493941981564095,0.362830318179599,0.649927154234326,0.626459504820155,0.391203596999397,0.122273040580667,213.0000000001,0.166558721001487,0.0767449085144228,603.0000000001,0.295953817529072,0.462512538430558,0.0194109955096572,0.460162649840303,0.380622253652771,0.523472872856036,0.594238868382083,0.103185552085089,0.388720161502134,0.095284304779423,0.678221517525939,0.265054158616232,0.493136237511098,0.180850704696864,0.16504089877352,0.253533379249553,0.354942899988465,0.528207847926239,1.07109749798066,2.19258446122347,2.15155944355969,2.28302402457116,0.306094387698091,-0.72814936790275,0.775745537493638,0.331735141210441,0.331735141210441,0.667704803344062,-0.227844889862987,0.477553862149549,0.526396721605181,0.728892639049569,0.361008523607167,-0.41328946245465,-0.45682299617229,1.87866594433627e-12,603.0000000001,0.00699023334270442,0.0124207620669527,0.515667997753392,2.02774845401291,4755.17346076527,0.0312499339939208,1137,2,"SNETWORK (2 37 4755.17346076527 0.515667997753392 100001146 1137)",100
3,100001147,0.0827098139269866,183,-0.226804037760009,-0.273941878615531,-0.467885001197052,-0.45962963966976,-0.447550990366083,-0.388748695649189,-0.463998124742356,0.547014973300312,0.553792389745652,-0.587649135651468,-1.20513593478112,-0.798122793231102,-0.587649135651468,-0.587649135651468,-4.72645848386187,0.205517097333217,0.293339881760841,1.13313060632256,0.0238252969432726,0.0739219712525668,-0.0898203592814364,1.0005994005994,0.837837837837838,0.0827098139269866,7,0.28149180693053,-0.315455926819882,-0.312626676327164,-0.347500317078796,0.0865258178858102,1.69999302618491,0.559096467934247,-0.662656201088072,0.0512868220952628,7116.0000000001,0.583494494364943,0.0662112324321564,1989.0000000001,0.210553026711383,0.794047520976327,0.0393852591562618,0.086537808174423,0.209377496794578,0.909528670588302,1.38589507468174,0.719403590236193,1.27631111252925,0.782098809609024,1.05313426223873,0.697187745800275,1.26068754044839,-0.000180631287016081,0.31503522974876,-1.06475947675611,0.854626381077515,-0.183656619125852,-0.461007527196319,-0.751834212897409,-0.690544926566656,-0.641104661755899,0.902114521422083,1.13610984241074,-1.83695654626298,1.13111005061735,1.13111005061735,-0.277419835742512,-2.90318104138216,-0.530126694483609,-0.356768221058317,-0.673122366767923,-0.403947261779308,0.439597237723069,0.538405959226383,0,7116.0000000001,0.0289416958183622,0.0104435632378996,0.845793621380694,1.22931589781256,2410.04704013173,0.0624998605480869,184,2,"SNETWORK (2 3 2410.04704013173 0.845793621380694 100001147 184)",100
17,100001148,0.595436130072467,285,0.152577399052067,0.406018494492994,0.0737102907633875,0.0682577010310203,0.067165878475577,-0.529007753113325,-0.621549323752956,-0.161516978072113,0.627075312596145,-0.297740595640937,-0.364182314699273,0.104137449030206,-0.297740595640937,-0.297740595640937,0.36167633407124,0.249880521011795,0.316609164157382,-0.00850658533826517,0.288748472760876,-0.443531827515401,0.0161216029479497,0.044324905863371,-0.265923265923267,0.595436130072467,9,-0.753969371929003,0.0181164226405793,0.018031705100749,1.25193046144894,0.598878806624729,0.192250525413895,0.628558567932287,0.301141723452804,2.68639472837577,1140.0000000001,4.89633644906404,0.0914384171983154,4196.0000000001,0.613423985733787,5.50976043469783,0.257679405552808,0.538202419145407,-0.231412883856574,0.304763731298997,0.848143374949891,0.829823424032577,0.196141000140928,0.851021244302186,0.584361251102112,1.49697235607038,2.7907117604866,0.121015054910004,0.171120721475704,0.149438863435555,0.534956348525303,0.562105955755759,0.451834062908154,-4.52365144789511e-15,-4.51494518067087e-15,-9.69647908186547e-15,0.567572615144552,-0.776911342158235,0.934294679807916,0.655219522039441,0.655219522039441,0.181364638378454,1.06316675953723e-11,-0.0879325713649116,-0.0953511035093204,0.353213835550759,-0.167579816948259,-0.88089672314374,-0.362393231505688,0,4196.0000000001,0.228990911681637,0.0286884937711714,0.99098803899225,1.74841564371388,2777.10700566879,0.125,704,2,"SNETWORK (2 17 2777.10700566879 0.99098803899225 100001148 704)",100
37,100001149,-0.00927717663902269,16,1.29896932353205,1.22104076566898,1.50580654500643,1.48232234240258,1.49987706507974,0.0877396237569911,0.019430411031343,-0.466206784627435,0.727329834383195,-0.270327464686787,0.614325770899632,-1.11188952882245,-0.270327464686787,-0.270327464686787,-0.496573035263103,-0.500114034086091,-0.534221230358947,-0.393898003607131,-0.586227469643511,0.170020533880904,-0.850299401197607,-0.17062937062937,0.240786240786241,-0.00927717663902269,12,0.621103415940625,-0.120748563958474,-0.11996979697448,-0.519276943680854,-0.00964489153421019,0.928445754996802,0.727482948882083,-0.602278137198291,0.176018491132309,1322.0000000001,1.48815034934833,0.0693885321797563,4.0000000001,0.00177502624075777,1.48992537548909,0.0714061211152735,-0.239182567212141,-0.289090083363042,0.928251430012327,0.202501300616924,-1.13857170000194,0.778332081577761,-1.19743334266621,0.911838596063662,-1.34279975405108,-2.66842473199449,-0.143099242452213,-0.00257294210352795,-1.18049009095903,0.0271981183302432,0.528207847926239,1.07109749798066,2.70840082864406,2.67872578178211,2.82264244254143,0.0508669987381626,-0.342874371065081,1.11539108289293,0.0518936947860104,0.0518936947860104,0.139215554786434,1.06316675953723e-11,0.337499852460348,0.50114708952024,1.3030680730493,0.0689059737036892,-0.224698557040034,0.707915702415395,0,1322.0000000001,0.0713210511631145,8.50698521589538e-05,0.0882261998079533,0.0410895604893658,4321.27007540422,0.0312499339939208,1064,2,"SNETWORK (2 37 4321.27007540422 0.0882261998079533 100001149 1064)",100
37,100001150,0.617166952568669,144,1.29896932353205,1.22104076566898,1.45807027539656,1.42805593959054,1.43873085382348,0.235666437463812,0.161899288949791,-0.437334148621162,0.486088233715557,-0.508982557469788,0.695206417079785,-1.00565831360308,-0.508982557469788,-0.508982557469788,-0.585903642074024,-0.716176745990291,-0.777379971253093,-0.67095631001461,-0.80789989407793,1.28439425051335,-2.76197604790419,-0.927972027972028,1.1480343980344,0.617166952568669,12,1.41310994797106,1.71744520873926,1.74409094448038,-0.726864564832264,0.611787698813657,-0.691340179625593,0.498277923797374,0.318156062299232,7.79072026374906,353.0000000001,17.5877133196329,0.12878263468915,1171.0000000001,0.964431224105172,18.552144543638,0.644450867948268,-1.9287645018014,-1.13310055835566,-0.602908479124995,-0.451809758553454,0.259669800672653,-1.09337141360126,0.199042861329734,-0.234538603335748,-0.0506360229499452,-0.0684796331230533,-2.35338664977271,-1.7880288640887,0.238258366347735,-0.484240171736127,0.528207847926239,1.07109749798066,2.19258446122347,2.15155944355969,2.28302402457116,-1.63828207758651,0.0500590837845784,-0.353604075541624,-1.15410945971537,-1.15410945971537,-1.81717261958421,1.06316675953723e-11,0.870053926467361,0.646241553461799,-0.748482545000539,1.14779502534669,-0.965074683719462,-0.0709388997668885,0,1171.0000000001,0.610949159308239,0.033501708540029,0.85560914709066,1.23311885556309,5100.25346049845,0.0312499339939208,1192,2,"SNETWORK (2 37 5100.25346049845 0.85560914709066 100001150 1192)",100
29,100001151,-0.68146848637868,114,-0.790377993358492,-0.853832397374456,-0.715996162004961,-0.715344983900652,-0.711097017555422,0.616723347952145,0.578284061514118,1.85439714606599,-0.0726592802181313,0.957739725272551,-0.113370084659244,2.88722566477029,0.957739725272551,0.957739725272551,0.0632864036936,-0.684003250212003,-0.810446934265172,0.279592822131407,-0.941350146989879,1.05602816075095,-3.18648417450813,-1.88851148851148,0.604422604422604,-0.68146848637868,8,0.0172422458426571,-0.111290541378625,-0.110586285896173,-0.0993679492015532,-0.679748299099763,0.357864812637553,-0.0696935699604767,-0.978661177302129,1.80732690034345,3132.0000000001,9.05009695087878,0.0665488289952754,104.0000000001,0.0110654358851361,9.06116238666392,0.433541697525672,0.23354645361142,-0.0425113171748859,1.5942956230035,-0.236001800094926,-2.82366655313458,0.366698342369162,-2.96403754159843,0.190822247253123,-2.73628391093476,-2.62615098685509,0.55812668592581,0.257374465873824,-0.859285798349426,0.267583680566302,-0.471792152073761,-0.75229266612818,-0.897784372821835,-0.860982036160383,-0.83280147843515,-0.459377723034071,0.409140651559351,-1.13867058487701,-0.416785847502155,-0.416785847502155,0.145532360596754,-0.442665079703101,-0.808549433355704,-0.838992897639624,-2.33619915622628,-0.307121544424901,0.168890380614547,0.370188465253488,0,3132.0000000001,0.433012258970827,0.000529438454845073,0.696666523631087,0.373461879382376,1334.74858019136,0.25,909,2,"SNETWORK (2 29 1334.74858019136 0.696666523631087 100001151 909)",100
28,100001152,-0.282659631538973,178,-0.790377993358492,-0.853832397374456,-0.715996162004961,-0.715344983900652,-0.711097017555422,0.765571648621244,0.775365132480384,2.02531626570661,-0.425349220975861,0.463859800578059,0.105516720341031,2.81835502700513,0.463859800578059,0.463859800578059,0.00160510967028503,-0.869819343784248,-0.941439337904339,0.706940828353621,-1.25384480529288,0.468172484599588,-2.26546906187625,-1.53286713286713,0.194922194922195,-0.282659631538973,8,-0.00348385368279806,-0.53891936993778,-0.53250242501965,-0.125413904702081,-0.28174105070523,-0.0513921036586496,-0.42221855288297,0.573560730641184,0.0793945074594521,2938.0000000001,0.37293832461018,0.079889009980644,2666.0000000001,0.340519470584751,0.713457795094931,0.0368132956086279,-0.235003807213179,-0.195770234028425,-0.455413264244322,-0.11233410928922,0.541861507937085,0.114109113693094,0.612426614208141,-0.395905896005435,0.606220881486019,0.311746047228226,0.546318902846952,0.515945662258655,-0.0448804593179654,0.61747071848386,-0.471792152073761,-0.752292666128179,-0.89778437282183,-0.860982036160378,-0.83280147843515,0.578136220841918,1.09887772151048,-0.788827418120376,0.669136959793619,0.669136959793619,-0.140276619754539,-0.250133337124498,-0.580571271844694,-0.500676939579904,-0.31359713956661,-0.546049774574336,-0.0723390123814785,-0.106693762622609,0,2938.0000000001,0.0192430285897758,0.0175702669188522,0.0889144054073512,0.625426681188401,1686.74312896028,0.125,719,2,"SNETWORK (2 28 1686.74312896028 0.0889144054073512 100001152 719)",100
41,100001153,0.380303669389593,236,0.680412427894334,0.334368660703197,0.315622755524543,0.310024668600395,0.31737100022456,1.04454637263631,0.911308876519329,-0.517471391657536,-0.54362058942922,0.634956257032053,0.958993202454754,0.521971812349139,0.634956257032053,0.634956257032053,0.368797725138411,-0.774989061191029,-0.893081904007873,-0.421249914559914,-0.92775827596528,-0.720739219712526,0,-0.434965034965035,-0.700859950859951,0.380303669389593,10,0.13365545688698,0.130524475790258,0.130099707239928,-0.186432737698099,0.377018000067165,-0.279807161800642,-0.538644174119698,0.868350971290031,0.185263934383913,695.0000000001,0.82343860971077,0.0734711465266388,49.0000000001,0.0230233458701652,0.846461955480935,0.0388117402156038,0.596772300105673,0.336008311376999,-0.412800071894074,-0.0774756942463451,0.514889757426768,-0.284687492178726,0.517694484980032,-0.857818938167647,0.561876972140049,0.205916647792782,-2.35338664978427,-2.60207658156353,-0.0980519509558216,-0.491155758252703,0.562105955755759,0.451834062908154,0.102215627178161,0.139017963839617,0.167198521564845,-0.816997926662211,0.492780474153835,-0.386716580444865,-0.684672451784835,-0.684672451784835,7.48325920470435,1.06316675953723e-11,0.521752747207956,0.702490944811125,0.752278202516179,0.403767589442083,0.593611898763545,0.874175099342732,0,695.0000000001,0.0377560800154152,0.00105566010018867,0.735188650905931,0.554385557810503,3009.85649792656,0.0625,1442,2,"SNETWORK (2 41 3009.85649792656 0.735188650905931 100001153 1442)",100
37,100001154,0.361845626058326,89,1.29896932353205,1.22104076566898,1.45807027539656,1.42805593959054,1.43873085382348,0.12003435824361,0.0538569564424274,-0.516832125797613,0.626092602993636,-0.399640828065408,0.639443150026639,-1.08098953651934,-0.399640828065408,-0.399640828065408,-0.541796952774295,-0.588129758970451,-0.635686872147504,-0.500821667441488,-0.677615705258994,0.665297741273101,-1.69993346640053,-0.507226107226108,0.644007644007643,0.361845626058326,12,-0.407544771221177,0.634526464730164,0.636409448039767,0.493941981564095,0.362830318179599,0.649927154234326,0.626459504820155,0.391203596999397,0.122273040580667,213.0000000001,0.166558721001487,0.0767449085144228,603.0000000001,0.295953817529072,0.462512538430558,0.0194109955096572,0.460162649840303,0.380622253652771,0.523472872856036,0.594238868382083,0.103185552085089,0.388720161502134,0.095284304779423,0.678221517525939,0.265054158616232,0.493136237511098,0.180850704696864,0.16504089877352,0.253533379249553,0.354942899988465,0.528207847926239,1.07109749798066,2.19258446122347,2.15155944355969,2.28302402457116,0.306094387698091,-0.72814936790275,0.775745537493638,0.331735141210441,0.331735141210441,0.667704803344062,-0.227844889862987,0.477553862149549,0.526396721605181,0.728892639049569,0.361008523607167,-0.41328946245465,-0.45682299617229,1.87866594433627e-12,603.0000000001,0.00699023334270442,0.0124207620669527,0.515667997753392,2.02774845401291,4755.17346076527,0.0312499339939208,1137,2,"SNETWORK (2 37 4755.17346076527 0.515667997753392 100001154 1137)",100
3,100001155,-0.473282112373397,66,-0.494845044588713,-0.486027089260215,-0.467885001197052,-0.45962963966976,-0.447550990366083,-0.331406305285892,-0.401821032413493,0.646461021251574,0.96214602611135,0.0306300935484342,-1.15943274884694,0.226382184198761,0.0306300935484342,0.0306300935484342,-4.87499222353331,0.234627865140495,0.274525593318782,1.28878938369516,0.0320283474766801,0.501026694045174,-0.58882235528942,1.04055944055944,1.3033033033033,-0.473282112373397,7,0.943893218395514,0.356935963216479,0.356782987716055,-0.642519178327276,-0.474515198340836,-0.508195324635977,0.962250792803471,-0.274167464713858,0.0688335305148495,20.0000000001,0.00220102560336468,0.151163977435649,792.0000000001,0.191411720305295,0.19361274580866,0.00853114816641446,0.100721873056088,0.853558013565976,-0.756388267366876,-0.816130121842181,-0.0769926411799832,-0.598434462288974,-0.0743865334723859,0.304670205785443,0.0915342082605856,0.213081553077639,-1.93193505514121,-0.907466428609494,0.284869788034019,-0.420396197271466,-0.393873950749204,-0.673522886990236,-0.897784372821835,-0.860982036160374,-0.83280147843515,0.108586898641196,0.881987364761329,-1.18492240031421,0.112292577227561,0.112292577227561,-6.28838987793259,-17.5877804082224,0.790136135868903,0.69272688919942,-1.23945392727975,1.17887443543587,0.843001751878526,0.1896685832121,3.14812875704572e-11,792.0000000001,9.69836691196649e-05,0.0084341643972948,0.377730708881908,0.99782142881304,1735.14678939509,0.0624998605480869,67,2,"SNETWORK (2 3 1735.14678939509 0.377730708881908 100001155 67)",100
43,100001156,0.538080087553676,189,-0.0343645341584618,0.726058121384469,0.965149594579297,0.947078472655203,0.966783102940535,0.612728629504445,0.466288099322008,0.165895153465475,-0.66831283123928,0.0299712130131793,1.12533794524426,-2.10970086228399,0.0299712130131793,0.0299712130131793,-0.560905466945743,0.792616493587299,0.638935632967467,-0.990472610686871,1.15274600913945,0.147843942505134,-0.958083832335329,-0.581818181818182,-0.163390663390663,0.538080087553676,11,-0.604820993875492,-0.611867380022154,-0.603988254735891,0.761881531906768,0.534905961403529,-0.27192534276646,-0.664538198575593,-0.0117756215880698,0.0686989973988764,6.0000000001,0.406228242133819,0.09284122629364,9.0000000001,0.823477698198587,1.22970594023241,0.0642751432177088,0.0447732613014983,0.977475149593424,0.144141076281489,0.439985078906988,0.447107143602017,-0.0992254635366774,0.511668980060715,-1.19049480055268,0.0837759586299517,0.216026755670792,-0.823307095045903,-0.757129618516109,-1.41499976478133,-0.317832816117987,-0.353148128111646,0.538992472803681,2.19258446122347,2.15155944355969,2.28302402457116,0.43666100663109,0.533569995536772,-1.12132785418385,0.488325907890745,0.488325907890745,2.6174133948971,1.06316675953723e-11,0.991752460325625,0.898102274826255,0.837647874861718,0.897907517453506,-0.667300458285717,-0.448825046072018,0,9.0000000001,0.0212330261593821,0.0430421169583267,0.743348233888216,0.125203727659248,3881.87287294405,0.0312500660060792,1658,2,"SNETWORK (2 43 3881.87287294405 0.743348233888216 100001156 1658)",100
17,100001157,-0.762738342484943,78,-0.550809761043692,0.0528857651479453,-0.358045591966192,-0.357303355798844,-0.355675841278248,-0.0610852602784285,-0.0596962814391785,0.263862568255248,1.27326432696109,0.666086354183019,0.0258463402276633,-0.0847826119736141,0.666086354183019,0.666086354183019,0.503236910723014,-0.0229112598736134,-0.0229557825295198,-0.443660257584744,0.0244964190972641,-0.596303901437372,0.141716566866268,0,-0.395577395577396,-0.762738342484943,9,1.0837210505667,-0.387572096879383,-0.383730672744177,-0.70904967414961,-0.762211417398347,-0.183223701914259,1.27206315887887,-0.444934271005825,0.103035604352535,17.0000000001,0.00280048231097039,0.155671632832829,2476.0000000001,0.616249663942406,0.619050146153377,0.031098817923232,-1.09943635418917,-0.565030306123408,-0.441414234711025,-0.513311708921629,-0.10535706893103,-0.0578399440725299,-0.116826086374316,0.721370145386789,-0.120289925953929,-0.323018172499165,1.8710525552976,1.18850829506982,-0.344753951643701,3.1214194677418,0.121428129376515,-0.277526342387342,-1.15182012691952,-1.11963854165909,-1.12046643587808,0.200082229910394,0.844177825753954,-0.211808541205771,0.211435153216474,0.211435153216474,-0.280473204628935,-0.11462209279226,-1.05747662784882,-1.01966597705162,-0.818622073475386,-0.94637317011973,0.442938862456855,-0.119690948557934,0,2476.0000000001,0.000140685995555295,0.0309581318276767,0.264893499982385,1.50109672918916,1568.06802522873,0.125,497,2,"SNETWORK (2 17 1568.06802522873 0.264893499982385 100001157 497)",100
29,100001158,-0.839543086904313,81,-0.790377993358492,-0.853832397374456,-0.959757100198023,-0.960709455694412,-0.961711264614227,0.511889647482565,0.466609461352702,1.7173048549765,-0.0139884932264851,0.977945838365052,-0.165279116993108,2.80274236500841,0.977945838365052,0.977945838365052,-0.0194772467773999,-0.545000381305885,-0.637026737287943,0.217684431210023,-0.754775503277136,1.05602816075095,-3.18648417450813,-1.88851148851148,0.604422604422604,-0.839543086904313,8,0.317858404374245,2.29345545969429,2.3433360422785,-0.133717345756907,-0.837409229831355,-0.128856448628197,-0.0112063128719918,-0.608017130715993,2.42083090934202,235.0000000001,0.909551058775028,0.757017794622372,55.0000000001,0.0665676988007642,0.976118757475792,0.0306783271756364,0.0684633662688254,0.799608114919784,-0.187220478287838,-0.607886510307807,-0.630380462963063,-0.61626508297548,-0.43302313563702,-0.279667995388656,-0.61025038418738,-0.632200195595406,-0.079211782573308,-0.128379143200601,-0.982225884870886,0.107636124232969,-0.471792152073761,-0.752292666128179,-1.18288189436749,-1.15126498115238,-1.15564049985616,0.959932327199455,1.09369989141606,-1.51169336146421,1.22116231520603,1.22116231520603,-2.38248792595109,-8.79201898116836,0.938562419944398,1.80676935786547,2.08428622701016,0.53848855663435,-1.40979447801933,-1.72173590435731,0,235.0000000001,0.0285861783304318,0.00209214874520463,0.492971532504043,1.15843004453927,1145.77770956695,0.25,876,2,"SNETWORK (2 29 1145.77770956695 0.492971532504043 100001158 876)",100
29,100001159,-0.937385979150003,60,-0.790377993358492,-0.853832397374456,-0.959757100198023,-0.960709455694412,-0.961711264614227,0.476939230943494,0.408019085784076,1.6382673717312,0.0872638567723432,0.977940127446771,-0.168944346804805,2.96035666845776,0.977940127446771,0.977940127446771,-0.0680656373238059,-0.412734251102329,-0.499721326080203,0.433502171960761,-0.627534573503061,0.388090349075976,-1.93862275449102,-1.29510489510489,0.10534398034398,-0.937385979150003,8,1.03076416840578,0.254909393681775,0.254477146900603,-0.673749333447987,-0.93277596718532,-0.37737689786832,0.110374981339148,0.782533672318141,7.62172288171058,26.0000000001,0.316826330925756,2.08310620000031,6.0000000001,0.0199828500596508,0.336809180885407,0.015109202941314,0.436265980218774,0.519384050089295,-0.286208426303395,-0.0480498677355157,0.366342932656506,-0.421427771343665,0.360435064484268,-0.0646148409218662,0.524401677286916,0.670559402912192,0.168763519661334,0.193486790720685,-0.823367366515017,0.0694934853374373,-0.471792152073761,-0.752292666128179,-1.4058558810172,-1.37829262321507,-1.40813399619979,-0.0682453858762879,-0.496871912426459,0.403022147960055,-0.0677151594086132,-0.0677151594086132,-0.00135858966793717,-0.669092884170651,0.0990486567062088,-0.0699595757042991,0.33014703485468,-0.0747413430115029,-0.346766815612133,-0.398806172637528,0,26.0000000001,0.0142127755744448,0.000896427266869169,0.362716408423123,1.24994772399077,1024.93809507928,0.25,855,2,"SNETWORK (2 29 1024.93809507928 0.362716408423123 100001159 855)",100
41,100001160,-0.729894702447931,45,-0.886598059773572,-0.0928456434617663,-0.0369605603324269,-0.0422694509956289,-0.0386919408759992,0.969888562992445,1.15164032912456,0.891238494773373,-0.0937618350363187,0.364252732537491,0.461944093443053,0.361373617799477,0.364252732537491,0.364252732537491,0.548181749384834,-0.332783217916557,-0.478571647068235,0.0994771869536745,-0.465590738010095,-0.720739219712526,0,-0.434965034965035,-0.700859950859951,-0.729894702447931,10,-0.0770540551197243,0.829092377460096,0.833489487801722,0.123413118548467,-0.729716173824027,-0.390648467394225,-0.091451746429557,0.327503511089424,0.64295489513251,155.0000000001,0.637334964399343,0.074858537858208,709.0000000001,0.339424443204999,0.976759407504341,0.0396198655987669,0.722743448555057,-0.492327693960692,-0.632235901397346,-0.485342214434586,0.236558016857927,-0.562879999592582,0.210946888379713,-0.323910909488103,-0.16369342168004,-0.151639952555319,0.485617180161787,0.245760249050229,0.150310160214648,0.0380300988383053,-0.658232714974315,0,-1.4058558810172,-1.37829262321507,-1.40813399619979,-1.01648587888966,0.388641669377891,-0.397291995660955,-0.815765184824848,-0.815765184824848,0.898190856656464,-0.772502522178149,0.110741074020053,-0.201854007400232,-0.742960841678171,0.314829930127061,0.493527923452216,0.72058361054974,0.00084730888815016,709.0000000001,0.0258519399678004,0.0137679255309665,0.100626214467796,0.129975440911949,1931.16779436458,0.0625,1251,2,"SNETWORK (2 41 1931.16779436458 0.100626214467796 100001160 1251)",100
43,100001161,-0.452541948446505,19,0.12371145778112,0.869954874556633,0.532114998802948,0.540517197237357,0.552449009633917,-0.295218680429496,-0.24411991638131,-0.648261432715048,0.0337984069521413,-0.266664280562669,0.474143801648653,-1.23288423935224,-0.266664280562669,-0.266664280562669,0.407719146314481,0.561916533517805,0.373536294844273,-0.00325074443625037,0.681174038078787,0,0.0419161676646709,0.81118881118881,0.429975429975429,-0.452541948446505,11,-0.34912062037898,-0.169032801748846,-0.167837621471414,0.364910920417437,-0.453775878606884,-0.490673377160615,0.0360859409517864,0.313984450740327,0.238191595773561,1e-10,1e-10,0.0617100969956947,1.0000000001,0.060816958045335,0.060816958045335,0.00293962825754091,0.250730792957823,0.318292756711895,-0.463154043182296,-0.16343158740509,0.465171624969291,-0.461587480279671,0.492729705025507,-0.147933549987521,0.440238235389459,0.489447385020602,0.237252410784279,0.320966803766356,0.174549243887807,0.815676267271382,-0.353148128111646,0.538992472803679,0.102215627178161,0.139017963839617,0.167198521564845,0.752932593328115,0.124780999699209,-0.732522063312125,0.909686593094684,0.909686593094684,-1.23801311571138,-1.10577931023837,-0.668049082544714,-0.550775723244582,-0.723039625154118,-0.542946442311263,-0.251053932646298,-0.293043325687712,0.000253417062124687,1.0000000001,0,0.00293962815754091,0.0725597312309747,0.826709059144003,2903.41457249988,0.0312500660060792,1490,2,"SNETWORK (2 43 2903.41457249988 0.0725597312309747 100001161 1490)",100
35,100001162,1.13098567788327,241,1.95876350285277,1.6240746339498,1.11742223327512,1.09970853501445,1.1005013034785,0.65670403111633,0.610152916413204,-0.242053853766967,-0.462849419407608,-0.182353551357138,1.11811427570553,-0.544146923527797,-0.182353551357138,-0.182353551357138,-0.777370854880353,-0.614989633754965,-0.738097990502681,-1.07472094512985,-0.606416839679356,-1.3305954825462,1.62674650698603,0.565034965034965,-1.23832923832924,1.13098567788327,12,-0.613080916090878,-0.407936247603897,-0.403783999946558,0.818369862869422,1.12547822004088,0.414185883521312,-0.459653352996971,-1.16833119626706,0.113030913998402,222.0000000001,0.16047495984162,0.125345985840938,1592.0000000001,1.27617594841441,1.43665090815603,0.0724322052026357,-0.453605515604309,-0.478219930254276,1.03443452409902,0.620095072036072,-0.661197291935892,0.490075178876827,-0.732005487803445,-0.282667777265819,-0.704666667200867,-0.319257286095655,0.955557633026548,0.860335239805025,-0.688204807533559,1.33080587121479,0.596004386864676,1.11697181886013,1.76771918494947,1.72672118213874,1.8151953158093,-0.0565916781958797,0.600826776040194,-1.50249937063457,-0.0563044342221846,-0.0563044342221846,-0.0390620691867605,-1.4537963499009,-0.609852742574288,-0.497735719920629,-0.135280691711841,-0.621198158893362,0.603104740395298,0.173387464629665,0,1592.0000000001,0.00809073041520598,0.0643414746874297,0.907480929367712,0.32135203675654,5663.61594156416,0.0156249669969604,1014,2,"SNETWORK (2 35 5663.61594156416 0.907480929367712 100001162 1014)",100
29,100001163,-0.67888858034575,115,-0.790377993358492,-0.853832397374456,-0.715996162004961,-0.715344983900652,-0.711097017555422,0.616723347952145,0.578284061514118,1.85439714606599,-0.0748076345953088,0.962737557368606,-0.115594644509995,2.9130963938081,0.962737557368606,0.962737557368606,0.0635686377097577,-0.684014264349732,-0.809779357396207,0.303621697817174,-0.945762871511856,1.05602816075095,-3.18648417450813,-1.88851148851148,0.604422604422604,-0.67888858034575,8,0.182061149595702,-0.107301026408161,-0.106627509291599,-0.267592537444806,-0.674418975802883,1.59793039465903,-0.0705500842188756,-1.11151980098053,0.491409643983128,1561.0000000001,1.22642598600873,0.356489580089718,1436.0000000001,0.818457336045111,2.04488332195384,0.0977710169257845,0.881699138679052,0.240576279899474,0.93710321571324,0.360762376730852,-0.876143409853496,1.16333035025751,-0.919345239320776,0.560106045118768,-0.867848633099927,-0.800645279148431,1.12540303296675,0.714044609294951,-0.710413090909354,0.798390114481373,-0.471792152073761,-0.752292666128179,-0.89778437282183,-0.860982036160378,-0.83280147843515,-0.114929774676795,0.552218567765817,-1.38835795636007,-0.11280829344573,-0.11280829344573,0.0549234384467174,-0.675940347365572,-0.747489433372573,-0.832840676514501,-2.09696532005306,-0.298039935912853,0.637841727292361,0.495609023148382,0,1561.0000000001,0.0586385122429162,0.0391325045828683,0.703329042484948,1.66376746774156,1340.92949795178,0.25,910,2,"SNETWORK (2 29 1340.92949795178 0.703329042484948 100001163 910)",100
17,100001164,0.473381241877755,267,0.152577399052067,0.406018494492994,0.0737102907633875,0.0682577010310203,0.067165878475577,-0.529177797556439,-0.617047374072376,-0.173335448252896,0.64656017622251,-0.226288455922413,-0.385546011919956,0.151587098727027,-0.226288455922413,-0.226288455922413,0.365854084937162,0.24941815343153,0.317314457116395,0.0153665232622594,0.283796209703036,-0.443531827515401,0.0161216029479497,0.044324905863371,-0.265923265923267,0.473381241877755,9,-0.655565431183237,-1.14213221652502,-1.11918413162249,0.987420258615314,0.480568948109772,2.4389992750623,0.648965623317696,-0.257600086846446,5.46887051647641,1414.0000000001,12.3635623963697,0.376207198788691,748.0000000001,0.449909614443758,12.8134720107135,0.735810051130329,0.473804978908238,0.603546366851828,1.35340754984761,1.36293625157817,-0.000469844010618695,1.87037248390947,-0.00219541356475228,1.35589779404672,-0.599908367462484,-1.10773604266082,0.463075569394339,0.288851423910142,0.359837350994591,0.841723663516483,0.332570952918281,0.0719330627847484,-4.52365144789511e-15,-4.51494518067087e-15,-4.84823954093274e-15,0.703213247374034,-0.748445224134329,1.35569140104121,0.839253629679536,0.839253629679536,-0.177045846821629,1.06316675953723e-11,-0.609170522474998,-0.598430548178752,-0.0260650024576833,-0.646835104792666,0.142933040504453,-1.40240360527862,0,1414.0000000001,0.709974117099611,0.0258359339307182,0.930022120521584,2.30561639747185,2675.59106256601,0.125,686,2,"SNETWORK (2 17 2675.59106256601 0.930022120521584 100001164 686)",100
17,100001165,0.055421272112654,218,0.152577399052067,0.406018494492994,0,0,0,-0.398926882100312,-0.428319355678493,-0.0799111347571842,0.829185416891871,0.171379847595013,-0.266605325602828,-0.0307310062588087,0.171379847595013,0.171379847595013,0.414130086729723,0.127582321049744,0.177825748077302,-0.0929322646187576,0.150021258728034,-0.443531827515401,0.0161216029479497,0.044324905863371,-0.265923265923267,0.055421272112654,9,-0.578601991301829,0.482891728276585,0.483433377729223,0.901520627247528,0.0555305325241146,-0.247913121033391,0.829114095842136,0.471954971499873,0.0830951585710015,720.0000000001,0.0956543647526226,0.106069831168556,2887.0000000001,0.489593040479194,0.585247405131816,0.0252238497254387,1.01362593798615,-0.222095507196924,0.0555962475172715,-0.121536048197666,-0.265817195337496,-0.332243536087299,-0.251162832248921,0.401005387358453,0.171556166592749,0.379611753397886,0.274054510545491,0.0539050697497867,0.169053500892045,0.322446958464278,0.121428129376516,-0.277526342387342,0.102215627178165,0.139017963839617,0.16719852156485,0.66575697553491,1.13657551308955,-1.21264399137286,0.787262789963545,0.787262789963545,-1.33777689290962,-0.0978471955499919,-0.68605096161092,-0.567960187024366,-0.92760302775713,-0.513244439438462,0.755042314604892,0.313172995820203,0,2887.0000000001,0.00412265187213169,0.021101197753307,0.759176144133448,1.7015726770367,2391.11096526866,0.125,637,2,"SNETWORK (2 17 2391.11096526866 0.759176144133448 100001165 637)",100
37,100001166,0.214687609773879,58,1.29896932353205,1.22104076566898,1.45807027539656,1.42805593959054,1.43873085382348,0.102257503719871,0.0296681115322349,-0.50564356712723,0.671449942662674,-0.342921651406278,0.613526898317737,-1.10286609039609,-0.342921651406278,-0.342921651406278,-0.518774595643119,-0.553617560240308,-0.599149549411189,-0.474414812000758,-0.638940880340839,0.170020533880904,-0.850299401197607,-0.17062937062937,0.240786240786241,0.214687609773879,12,-0.286299006361492,-0.511563103132676,-0.505657288449313,0.218491767710154,0.21343804632144,0.238545968461058,0.671878887677504,-1.14085120609002,0.114792798599925,166.0000000001,0.121865224770942,0.489339303706522,342.0000000001,1.07026979149134,1.19213501616228,0.0612154010639467,-0.403250476333484,-0.451161088708928,0.460541226141151,0.425452904583767,-0.0582739357064018,0.373202766120267,-0.0664999463097682,0.693119987717065,0.00608887016528235,0.0148554665367373,-0.357248264953326,-0.317973599072696,0.153969555610905,-0.128838671014464,0.528207847926239,1.07109749798066,2.19258446122347,2.1515594435597,2.28302402457116,0.40401711778355,0.173866771806738,-0.570329728032162,0.448275484472236,0.448275484472236,0.596035995841451,-2.31853269326074,0.543032253451162,0.726938787947233,0.674714069154885,0.445811634009239,-0.277616261684319,-0.896400899405215,0,342.0000000001,0.00625770444729846,0.0549576965166482,0.338418226065685,1.21679206838601,4575.2442251139,0.0312499339939208,1106,2,"SNETWORK (2 37 4575.2442251139 0.338418226065685 100001166 1106)",100
17,100001167,-0.676805115683079,96,-0.254295665086778,0.276450920905401,-0.358045591966192,-0.357303355798844,-0.355675841278248,-0.0946458828376288,-0.0864411225969772,0.233756235203377,1.19274866143613,0.685355428996463,-0.00321585555758688,-0.0595784836813124,0.685355428996463,0.685355428996463,0.493257258331903,-0.0164852545965802,-0.00569628931500882,-0.423494765837028,0.0289065917681354,-0.596303901437372,0.141716566866268,0,-0.395577395577396,-0.676805115683079,9,1.25923132151311,0.0160464026716195,0.015970942448786,-0.724396597633675,-0.673996486015297,0.532576724680935,1.19170613719609,-0.201868380538359,0.263264081965081,3056.0000000001,1.28629782470809,0.162490724135576,885.0000000001,0.229915589266695,1.51621341387479,0.0709358228267784,-1.31127605375602,-0.695761547546052,0.0997663413901696,-0.0912352414750578,-0.304936938431408,0.467649340369444,-0.313251323602713,0.955828892901639,-0.164653285839121,-0.418606246983873,0.390925663534868,0.383852593161367,0.199010169965848,0.259750892583329,-0.00423088452946933,-0.232797038908769,-1.4058558810172,-1.37829262321506,-1.40813399619979,-1.39297321816891,0.0728840359217866,-0.367540972012695,-1.03222716499224,-1.03222716499224,0.178306524213844,1.06316675953723e-11,0.758653950369841,0.680187392190244,-0.336966966370919,0.9263712528179,0.585609396607653,0.360677441842821,6.37870293395141e-14,3056.0000000001,0.0601792555264871,0.0107565672002912,0.330423631431228,1.0872916224087,1677.1839585658,0.125,515,2,"SNETWORK (2 17 1677.1839585658 0.330423631431228 100001167 515)",100
29,100001168,-0.712131954881996,107,-0.790377993358492,-0.853832397374456,-0.715996162004961,-0.715344983900652,-0.711097017555422,0.604979173036793,0.566620440385477,1.83857575747397,-0.0678303964174943,0.958515641116404,-0.110527025159608,2.82118562563165,0.958515641116404,0.958515641116404,0.0585891886473847,-0.671153120451826,-0.793595189373878,0.24842476994191,-0.919445007794646,1.05602816075095,-3.18648417450813,-1.88851148851148,0.604422604422604,-0.712131954881996,8,0.275134871074578,0.0568556436285716,0.0566177203876057,-0.311545943130742,-0.71196068492007,-0.493680824143457,-0.0651425839889136,0.0131556363406916,0.168672118562994,2522.0000000001,0.680116243609064,0.338891351078281,4774.0000000001,2.58664998329294,3.266766226802,0.151741149829994,-0.281964391971366,-0.22783748219873,-0.351868696446181,-0.619629504293375,-0.40848048423753,-0.515398588871583,-0.416474056447877,-0.270377684538269,-0.404591960531862,-0.34550862137038,-0.451630548863946,-0.271692524558827,0.155570851249036,0.0449400583520197,-0.471792152073761,-0.752292666128179,-0.897784372821839,-0.860982036160378,-0.832801478435155,0.797881487264447,0.677142804675613,-2.60548510068178,0.974785240041452,0.974785240041452,0.177710499640517,1.06316675953723e-11,-0.0987722740965789,0.184326637066247,-1.51144050409668,0.27101104926133,-1.05859595900539,-0.619450734267856,0,4774.0000000001,0.0315913700516913,0.120149779678303,0.655262778264898,0.953926472750027,1296.33771026438,0.25,902,2,"SNETWORK (2 29 1296.33771026438 0.655262778264898 100001168 902)",100
29,100001169,-0.533714700757499,140,-0.790377993358492,-0.853832397374456,-0.715996162004961,-0.715344983900652,-0.711097017555422,0.613408419068203,0.5869966492092,1.76553775893156,-0.200328376193331,1.23922412467733,-0.261515582304752,3.59990440022738,1.23922412467733,1.23922412467733,0.151992553157349,-0.742515185219155,-0.839854008225313,0.644499881233672,-1.08191980997521,0.340041067761807,-1.74251497005988,-1.15244755244755,0.0515970515970513,-0.533714700757499,8,0.145895371024805,-0.189581061870916,-0.188190338591353,-0.228957426216388,-0.534838570881505,-0.399297607228585,-0.197612768094241,-0.282972123218305,2.78534699408156,5857.0000000001,26.0825048151776,0.561973163888331,1496.0000000001,1.34413204828437,27.4266368633619,1.33049711079869,-0.299446562653288,-0.217463105333893,-0.51257410310378,-0.508399917133342,0.0165560578522137,-0.345739061411246,0.0171058034006504,-0.314169900227024,0.0275187110759937,0.0252448903172596,0.081528516986546,-0.0591009395600775,-0.491172806123198,-0.0477141707626558,-0.471792152073761,-0.752292666128179,-0.897784372821835,-0.860982036160374,-0.83280147843515,-0.319786024253911,-0.334280755764647,0.151107407745963,-0.299457463794064,-0.299457463794064,0.696314172342311,-0.153767126609187,0.704150960070815,0.426617373312632,-1.28740504671491,1.09628402063593,0.986748289585944,1.40586271893857,0,5857.0000000001,1.26529174791859,0.065205362780091,0.851749583842743,0.813325101739193,1478.62144002529,0.25,935,2,"SNETWORK (2 29 1478.62144002529 0.851749583842743 100001169 935)",100
3,100001170,-0.403323729740896,83,-0.226804037760009,-0.273941878615531,-0.467885001197052,-0.45962963966976,-0.447550990366083,-0.341616060206406,-0.414532817259485,0.587565217456124,0.842247895300607,-0.0474164094773597,-1.19159034769889,-0.0905376981698543,-0.0474164094773597,-0.0474164094773597,-4.6772912676105,0.212695277209796,0.269668835519317,1.20184419489731,0.0202970243917162,0.637577002053388,-1.16766467065868,0.37272727272727,1.11578624078624,-0.403323729740896,7,1.13924596786969,0.607535074789924,0.609139332425044,-0.692414749104082,-0.403036334971279,-0.0773794063728831,0.842302605884313,-0.624112817460718,0.182910206229301,3791.0000000001,1.10863033542272,0.126999005408812,3339.0000000001,0.677972023287438,1.78660235861016,0.0753367334595465,-0.384767961676814,-0.441620311983546,-0.00983493486737199,0.389839577408988,0.628716619421536,-0.191842483620426,0.581823679808639,0.483415844463912,0.391767854009312,0.838616758994496,0.44421634187524,0.746157503351506,0.170330372577113,0.625984373813054,-0.183656619125852,-0.461007527196319,-0.849021708326805,-0.804038161642357,-0.768754631474961,-1.04265974376014,0.121050845391469,-0.498580648443337,-0.832076227756309,-0.832076227756309,0.0324750804493311,-12.4116738319452,0.228146446790804,0.118779931453354,0.492679247488703,0.144911406856362,0.262819923715185,0.204412371815001,0,3791.0000000001,0.0467482803706583,0.0285884529888882,0.445756814789149,0.514428626571316,1833.23368051051,0.0624998605480869,84,2,"SNETWORK (2 3 1833.23368051051 0.445756814789149 100001170 84)",100
43,100001171,-0.330983898546297,43,0.12371145778112,0.869954874556633,0.532114998802948,0.540517197237357,0.552449009633917,-0.336150758014035,-0.289002868621661,-0.747176988492142,-0.0328958259787599,-0.408826761025112,0.598759475807865,-1.22405001808621,-0.408826761025112,-0.408826761025112,0.378804336985874,0.667080414428276,0.461510754335788,0.0641247692714661,0.801421677968834,0,0.0419161676646709,0.81118881118881,0.429975429975429,-0.330983898546297,11,0.434706215698237,-0.283578283767528,-0.28115263719636,-0.435578713690863,-0.331387696908271,0.414093703880547,-0.0308232036950749,-0.94010979274594,0.562418903634611,6.0000000001,3.32567361183392,0.97834761823283,4.0000000001,3.85675141946483,7.18242503119875,0.354253843204562,0.380944407283101,0.319863730912429,0.767486915040377,-0.608609466036581,-2.09455924795687,0.456828254353442,-2.26680156174491,0.271167401368328,-1.98892487751449,1.41596677049601,1.76694187622112,0.933474282932747,-0.37853968208743,1.98767967723512,-0.353148128111646,0.538992472803681,0.102215627178156,0.139017963839613,0.167198521564845,-0.010917699324384,0.782610766587535,-0.455819379767606,-0.0109790365113951,-0.0109790365113951,-0.242018445288779,-0.634441075457412,-0.602259491994108,-0.57476824050395,-0.472832954426814,-0.531335933859192,0.0371335148851703,-0.914664499619507,0,6.0000000001,0.164029927603427,0.190223915501135,0.166448976806348,2.23377883832516,3040.36789130565,0.0312500660060792,1514,2,"SNETWORK (2 43 3040.36789130565 0.166448976806348 100001171 1514)",100
37,100001172,0.125180998812202,41,1.29896932353205,1.22104076566898,1.45807027539656,1.42805593959054,1.43873085382348,0.0930418329635458,0.0216958305057859,-0.502311055548213,0.688261836170214,-0.316882445085265,0.610395838604455,-1.09007643104659,-0.316882445085265,-0.316882445085265,-0.514350775482955,-0.536180876428101,-0.576683390052194,-0.443657090155434,-0.622586984722953,0.170020533880904,-0.850299401197607,-0.17062937062937,0.240786240786241,0.125180998812202,12,0.712211203549734,-0.142607133683056,-0.141647326352533,-0.577325605233351,0.123217166196208,-0.412631817532815,0.688493454753277,0.333437181752827,0.325317114806223,1170.0000000001,2.43416400183874,0.600043698872788,150.0000000001,0.575613804172721,3.00977780591146,0.144803392500903,0.643510726750527,1.63226840277906,-0.280989334306382,-0.36710468069547,-0.119789129579372,-0.372319254207422,-0.126885066578066,0.313970841437052,-0.14397904660256,-0.273959044542513,0.106702566872828,0.289198786125909,-1.00928522529562,0.711964977534191,0.528207847926239,1.07109749798066,2.19258446122347,2.15155944355969,2.28302402457116,0.788027590601866,1.42119209312382,-0.892483955345559,0.960396797730957,0.960396797730957,-0.496955885638845,-0.394215636799073,-0.757458743700342,-0.564917944077577,-0.724927755012865,-0.640415675256371,-0.315621941018209,-0.980931733190051,0,1170.0000000001,0.117110041954375,0.027693350446528,0.24014440553278,0.025025475177103,4475.48481078766,0.0312499339939208,1089,2,"SNETWORK (2 37 4475.48481078766 0.24014440553278 100001172 1089)",100
41,100001173,0.100472561492921,201,-0.419244275461604,0,0.315622755524543,0.310024668600395,0.31737100022456,0.980001176136236,0.887119693407516,-0.378184391205101,-0.446764731005924,0.794895638924105,0.674550284444825,0.556774338289804,0.794895638924105,0.794895638924105,0.441087348763507,-0.66196405411839,-0.781964196516944,-0.27364890731626,-0.812286893585539,-0.720739219712526,0,-0.434965034965035,-0.700859950859951,0.100472561492921,10,-0.149530958615845,1.43669608236088,1.45446386907331,0.307839242643341,0.0986535887165298,-0.41893451426717,-0.443572599385059,0.555018887192631,0.065422640499772,1369.0000000001,0.572778958486757,0.0508614950094469,596.0000000001,0.19386121040734,0.766640168794097,0.0279656723163902,0.141916168589168,0.326350222429503,-0.545385587493461,-0.340600780957758,0.322524020895645,-0.721700753424793,0.25904186344025,-0.899590054991822,0.326730101031029,0.159707675680132,-2.21011190433417,-2.03052003611017,-1.59089748336285,-0.489079394196872,-0.353148128111646,0.538992472803683,0.102215627178161,0.139017963839622,0.16719852156485,-1.72695777898362,0.0870734038834484,-0.230938289580321,-1.19484208224791,-1.19484208224791,-5.57812140193953,1.06316675953723e-11,0.141931292937324,0.335340621146581,-0.231971112777094,0.225545917566718,-0.159753282769908,1.0831575920419,0.909331242182851,1369.0000000001,0.0208939594568531,0.00707171275953715,0.621130675322554,0.197821575557771,2815.97006099289,0.0625,1407,2,"SNETWORK (2 41 2815.97006099289 0.621130675322554 100001173 1407)",100
16,100001174,0.831109701825036,324,0.288659805977357,0.708741764562854,0.0737102907633875,0.0682577010310203,0.067165878475577,-0.740260315851033,-0.839355441770055,-0.417165135549135,0.373525652122313,-0.38849622888148,-0.502139655446428,0.555220443718128,-0.38849622888148,-0.38849622888148,0.357322588090076,0.582372767628496,0.673256165568081,0.261006303884006,0.658587890564365,-0.443531827515401,0.0161216029479497,0.044324905863371,-0.265923265923267,0.831109701825036,9,-0.485149629306954,-0.239534668645752,-0.237622720199708,0.588903463978124,0.825870682268604,-0.211585262532818,0.374653360536709,-0.702775331281641,0.0764120846167849,426.0000000001,0.0520437068455448,0.130736852763345,5131.0000000001,1.07249830601506,1.12454201276061,0.0550356156450316,-0.394755457764005,-0.392200563708936,-0.00342736404492312,-0.346647372409357,-0.533674264252047,-0.123815602044912,-0.57349884190142,0.279871470459386,-0.53010357740404,-0.80358488134058,0.258589979212257,0.454029799293525,0.120559902434556,1.14757377704127,0.562105955755759,0.451834062908154,-9.04730289579023e-15,-9.02989036134174e-15,-4.84823954093274e-15,0.818444025604866,-1.19082329895991,1.20509249247507,1.00502438896379,1.00502438896379,-0.937804650580679,1.06316675953723e-11,-0.389424596658394,-0.175644209468915,0.528789337835808,-0.5402021293539,-0.782769148750703,-0.706538725430332,0,5131.0000000001,0.00254704351081511,0.0524885720342164,0.573496957019071,0.599201060831547,2997.52456422358,0.0625,392,2,"SNETWORK (2 16 2997.52456422358 0.573496957019071 100001174 392)",100
37,100001175,0.446589538357926,107,1.29896932353205,1.22104076566898,1.45807027539656,1.42805593959054,1.43873085382348,0.163133324455597,0.0842545694846801,-0.490162720632293,0.58548250663518,-0.444046273027696,0.651822005744767,-1.009918086255,-0.444046273027696,-0.444046273027696,-0.558175480226878,-0.619143064505255,-0.669142318585406,-0.517618265300253,-0.71364140001846,1.28439425051335,-2.76197604790419,-0.927972027972028,1.1480343980344,0.446589538357926,12,-0.280735366323638,0.391449440870666,0.391448560158341,0.344873259966456,0.443262512150967,-0.11668126512879,0.586035952487586,-0.340249318034466,0.0587357893490485,85.0000000001,0.0319285207293078,0.0895553778377663,967.0000000001,0.55382837929023,0.585756899919538,0.0256542362267159,0.285102942660638,-0.131723140638333,0.349294672822998,-0.456619197224471,-1.23777427950763,-0.178407239715475,-1.18910339334762,0.369072665789851,-0.568896096918709,-1.00572914176594,-0.681073320827707,-0.957213665466912,-1.39108744591284,-0.418781247450264,0.528207847926239,1.07109749798066,2.19258446122347,2.15155944355969,2.28302402457116,-1.37522837983066,-0.476405854284646,0.155120144592502,-1.02285693900859,-1.02285693900859,2.072377350747,1.06316675953723e-11,1.30894026963036,1.44292184996234,1.64955846161024,1.04916394654797,-0.890488128613115,-0.659425607416337,0,967.0000000001,0.00139836476130854,0.0242558713654073,0.627670295969244,0.517791202252815,4868.86888455786,0.0312499339939208,1155,2,"SNETWORK (2 37 4868.86888455786 0.627670295969244 100001175 1155)",100
41,100001176,0.107517579212744,202,-0.419244275461604,0,0.315622755524543,0.310024668600395,0.31737100022456,0.980001176136236,0.887119693407516,-0.378184391205101,-0.446799503807244,0.795361992331189,0.674599379596383,0.556978461220727,0.795361992331189,0.795361992331189,0.441040258849055,-0.662619794659055,-0.782710586131211,-0.27419403825764,-0.813014430434699,-0.720739219712526,0,-0.434965034965035,-0.700859950859951,0.107517579212744,10,-0.239460635182372,1.3751057059974,1.39114888251513,0.435033085992275,0.104460759662604,-0.544804147141349,-0.443652520609874,0.33779434212499,0.0931758297525234,1353.0000000001,0.806225637698289,0.195974258187325,834.0000000001,1.04525106565254,1.85147670325083,0.0682678055415577,-0.283116116917675,0.148530008074792,-0.569963226307401,-0.421760434829388,0.239480269660639,-0.851353167134326,0.194611800147798,-0.981564839293783,0.0783395968533378,0.0381163467874356,0.70768049378387,0.566194614611986,0.111766797285999,1.06782226548762,-0.353148128111646,0.538992472803681,0.102215627178161,0.139017963839617,0.167198521564845,0.470500836171805,-0.306447923284933,1.47312019682357,0.530493474334136,0.530493474334136,-0.104141892993995,-0.0342968659435997,-0.398542222393878,-0.409601996459254,0.0323867341048187,-0.430266976253352,0.224600601295767,-1.29887653009539,0.0012835081923049,1353.0000000001,0.029727219832629,0.0385405856089287,0.624465649246719,1.56863164021954,2821.63916223825,0.0625,1408,2,"SNETWORK (2 41 2821.63916223825 0.624465649246719 100001176 1408)",100
28,100001177,0.195434942710802,219,-0.268041164135857,-0.507523118116241,-0.715996162004961,-0.715344983900652,-0.711097017555422,0.758386270877163,0.799517467831712,2.03742684143422,-0.571573386107359,-0.773297805686861,-0.308718071322723,2.39075172511519,-0.773297805686861,-0.773297805686861,-0.19714446203453,-0.964711242782082,-1.01356594876333,0.669055452336237,-1.36654043617007,0.468172484599588,-2.26546906187625,-1.53286713286713,0.194922194922195,0.195434942710802,8,-0.49256960897049,-0.743214009852926,-0.732335166607663,0.516002050106229,0.202629994196553,1.7378259874234,-0.567898358297407,0.0337066766751013,0.0994431498513517,7745.0000000001,1.23137706221308,0.0356051341824416,1428.0000000001,0.0812897146727957,1.31266677678587,0.070226032638006,1.42725258167648,3.12120166725084,1.57391301029377,1.11226096270343,-0.666095053042893,1.42067187510717,-0.782822783918421,-0.118625829863527,-0.370730304948596,-0.116490936704871,-0.85588804843266,-0.772858496635396,-0.11388175568549,-0.315300664830388,0.121428129376515,-0.277526342387342,-0.897784372821835,-0.860982036160378,-0.83280147843515,0.670015340293778,-1.21694216571378,1.27218184518893,0.793127839897752,0.793127839897752,-1.13550188792629,1.06316675953723e-11,-0.2823181821929,-0.428577753802077,0.00777494216699127,-0.29702752430653,0.550183999133525,0.979944549562631,0,7745.0000000001,0.0658771343697998,0.00434889816820623,0.382948267007192,0.89178226712388,1920.17141347076,0.125,760,2,"SNETWORK (2 28 1920.17141347076 0.382948267007192 100001177 760)",100
17,100001178,0.0519472159193166,217,0.152577399052067,0.406018494492994,0,0,0,-0.398926882100312,-0.428319355678493,-0.0766006371599307,0.829327531819003,0.171716031427194,-0.266354910866499,-0.0310564648040005,0.171716031427194,0.171716031427194,0.414063671545871,0.127752158441993,0.178045936633429,-0.0929466457286664,0.150238586912839,-0.443531827515401,0.0161216029479497,0.044324905863371,-0.265923265923267,0.0519472159193166,9,-0.636518563395067,-0.250155519208862,-0.248124348471636,0.901520627247528,0.0486155345617207,-0.120906012080878,0.83495588499185,-0.626573757698962,0.0705701966940861,401.0000000001,0.0452441335291064,0.107469271518332,4229.0000000001,0.726638767254686,0.771882900683793,0.037847168289075,-0.227034370391381,-0.14407702158536,-0.248917622033491,-0.446087478279994,-0.299253234538558,-0.0273701948645407,-0.322446461095173,0.567123381305194,-0.0690082177987887,-0.133686947570435,-0.571961404093088,-0.692153265525716,0.169057627113816,-0.298701006389462,0.121428129376515,-0.277526342387344,0.102215627178156,0.139017963839613,0.167198521564845,0.705377284300439,1.2053850373752,-1.01061087529204,0.842285292832657,0.842285292832657,-0.714710350542469,1.06316675953723e-11,0.173404684814069,0.376299635001884,-0.318835290280113,0.281001418832691,0.332573973119711,1.22765649573394,0,4229.0000000001,0.0022184224137693,0.0356287457753057,0.755825342407542,0.70679087220003,2385.53145780139,0.125,636,2,"SNETWORK (2 17 2385.53145780139 0.755825342407542 100001178 636)",100
29,100001179,-0.714116091578191,106,-0.790377993358492,-0.853832397374456,-0.715996162004961,-0.715344983900652,-0.711097017555422,0.597443106527023,0.5595514089358,1.83857575747397,-0.0672800790400893,0.961227894992019,-0.109320630914456,2.81004635546392,0.961227894992019,0.961227894992019,0.058956428348504,-0.669777153453565,-0.791536451757276,0.24533346417395,-0.91714471537357,1.05602816075095,-3.18648417450813,-1.88851148851148,0.604422604422604,-0.714116091578191,8,0.226348680081553,0.0864169641682273,0.0860876549805164,-0.27057301517701,-0.715419210508127,-0.615356340831463,-0.0377838899922039,0.264649450668046,0.115955540491265,2562.0000000001,0.474969142225775,0.328258852778952,1466.0000000001,0.769387601041145,1.24435674316692,0.0575003924546034,-0.232750395555422,-0.179045373320873,-0.494335113670023,-0.914245426391769,-0.641796099953116,-0.678628712913518,-0.650784147051233,-0.341566138384447,-0.617084616952322,-0.566742947407455,-0.0492521435487474,-0.336745314846624,-1.20275861757642,0.0313452194390441,-0.471792152073761,-0.752292666128179,-0.897784372821835,-0.860982036160378,-0.83280147843515,0.825852921823708,0.780992440684353,-2.63566080780036,1.01599125719095,1.01599125719095,-0.477505562107759,1.06316675953723e-11,-0.157802917484895,0.119484164531415,-1.53275499049432,0.211507490815414,-1.05859587866844,-0.619450741396576,0,2562.0000000001,0.021947815351769,0.0355525770028344,0.649062323643237,0.0804293973487802,1290.58545635946,0.25,901,2,"SNETWORK (2 29 1290.58545635946 0.649062323643237 100001179 901)",100
3,100001180,-0.500471127759131,60,-0.494845044588713,-0.486027089260215,-0.640656641110964,-0.630828421199535,-0.621755757978306,-0.325758706739347,-0.399235643807987,0.648801068798679,0.973554528666017,0.0229615347121205,-1.14904993997269,0.197104782972111,0.0229615347121205,0.0229615347121205,-4.91294812498223,0.23652352733316,0.273992350813733,1.27433536484034,0.0370658641959382,0.501026694045174,-0.58882235528942,1.04055944055944,1.3033033033033,-0.500471127759131,7,0.812418253823549,-0.0689276367318571,-0.0685288663463492,-0.630648003687983,-0.496804168786464,1.59005397767362,0.973047697891738,-1.08774060406831,0.219663510978744,2076.0000000001,0.729088594253204,0.236275522436694,2029.0000000001,0.766471151348801,1.49555974550201,0.0710245895520314,0.40323582173383,-0.271176612809359,0.663216405323272,0.672250469193231,0.00798042215941941,1.14819864492668,0.00792634156360333,1.18680421692307,0.262499699221621,0.606641191294128,-0.328042483111424,-0.232182313683349,-1.13561740856413,-0.310455815366782,-0.467057115413414,-0.747505872603476,-0.897784372821835,-0.860982036160378,-0.832801478435145,-0.635816098526027,-0.0135671937157903,-0.242420880826169,-0.55454516674951,-0.55454516674951,0.865383614182693,-17.5596399353091,1.03734465146352,0.827841489371532,-0.0665300169282197,1.16627282357039,0.181560151495619,0.337258511338035,0,2076.0000000001,0.0346246401944784,0.0363999492575531,0.352133957781269,0.393650455795491,1698.23881554251,0.0624998605480869,61,2,"SNETWORK (2 3 1698.23881554251 0.352133957781269 100001180 61)",100
28,100001181,0.710544931589589,251,-0.268041164135857,-0.507523118116241,-0.715996162004961,-0.715344983900652,-0.711097017555422,0.694204241177311,0.778422530959419,2.2028214467588,-0.639463501031467,-1.87210319715174,-0.242131789487591,1.14001166768258,-1.87210319715174,-1.87210319715174,-0.539392175190653,-1.14360799256448,-1.14224201384891,0.117803948459366,-1.49116336094895,0.468172484599588,-2.26546906187625,-1.53286713286713,0.194922194922195,0.710544931589589,8,-0.609256311118255,-0.808992618817691,-0.796432377865927,0.784312957973712,0.721262344613867,2.20991562718174,-0.635816319914107,0.707405458570054,0.103248259035777,6583.0000000001,1.08667920831885,0.052977459664312,1481.0000000001,0.125441417566064,1.21212062578491,0.0656074231942445,0.585632766500375,1.53965451592203,1.25169832390341,1.45651270482672,0.288940435912043,1.66806122355195,0.341864684427875,-0.240226417553315,0.016195719698338,0.00875394153839368,0.176552718139365,0.00484718011869484,-0.0569483065974111,0.244777437969327,0.121428129376515,-0.277526342387342,-0.897784372821835,-0.860982036160378,-0.832801478435145,0.857011993689508,0.903243219219473,1.23706018068342,1.06253164537356,1.06253164537356,0.277253155183276,-0.237453964829352,-0.566713621380209,-0.662193594069771,0.0423254260366411,-0.616856219098608,0.336045789718672,0.00527223114306745,0,6583.0000000001,0.0588177620862178,0.00678966100802674,0.607696033840257,1.94845698985616,2098.59469225218,0.125,792,2,"SNETWORK (2 28 2098.59469225218 0.607696033840257 100001181 792)",100
17,100001182,-0.834482205880686,57,-0.711340194022643,-0.147031598306002,-0.358045591966192,-0.357303355798844,-0.355675841278248,-0.0345728846151128,-0.0284981988768939,0.329264777953371,1.31976463349089,0.682830260961794,0.053662789507974,-0.0931417176501864,0.682830260961794,0.682830260961794,0.507672415614459,-0.00526694307877709,-0.00795679740829748,-0.457447830779313,0.0492646573455536,-0.596303901437372,0.141716566866268,0,-0.395577395577396,-0.834482205880686,9,0.636881467268067,-0.0624875741809948,-0.0621312079208386,-0.539371395970528,-0.832435673639622,0.0355814562722398,1.31837223084266,-0.18270681059974,0.269432753877933,723.0000000001,0.311447796025796,0.118741178894725,845.0000000001,0.160418569703393,0.471866365629188,0.0223836668303458,-0.317271920730059,-0.593130477949621,-0.191930091047176,-0.0974028272790857,0.153881939618427,0.0771885406883648,0.15974463511831,0.807009063754827,0.139483134362339,0.383736851200726,-0.705990894382696,-0.441807110979848,-1.31341292588814,-0.256757327061101,-0.675181930528773,-0.587156310063935,-1.4058558810172,-1.37829262321507,-1.40813399619979,-0.0150355232178942,-1.06415033792186,0.567602536339801,-0.0151052176010119,-0.0151052176010119,-0.896341532764235,1.06316675953723e-11,0.231302446976714,0.092224237070691,-0.333344143507178,0.347918349579266,0.614394386529985,1.48475644777024,0,845.0000000001,0.0147739787727518,0.00760968795759404,0.1933539689698,1.23171790223569,1448.94568372956,0.125,476,2,"SNETWORK (2 17 1448.94568372956 0.1933539689698 100001182 476)",100
43,100001183,-0.41136202712548,27,0.12371145778112,0.869954874556633,0.532114998802948,0.540517197237357,0.552449009633917,-0.319190763514125,-0.258413129389373,-0.682622746769557,-0.00173486041366027,-0.358012053793678,0.526941608568637,-1.23905642917607,-0.358012053793678,-0.358012053793678,0.390881018678059,0.625898217615734,0.428185065717261,0.0362719629762273,0.754602784163268,0,0.0419161676646709,0.81118881118881,0.429975429975429,-0.41136202712548,11,0.193984788577201,0.0955799136574195,0.0952267499247144,-0.242909854955878,-0.407349804863817,0.786655997045654,0.0043481670142486,0.792140087535617,0.092610427464707,10.0000000001,0.91270063576078,0.0697745234774185,3.0000000001,0.206294000629902,1.11899463629068,0.0516242407415105,0.766230706189138,0.032562711346853,-0.797034817063928,0.812355676966731,2.45014643833912,0.625736373105801,2.47935746617929,0.383257928273264,2.29432836105552,2.46048795624561,0.487545166773572,0.536696719129712,0.0674649023916765,0.919156849891258,-0.353148128111646,0.538992472803681,0.102215627178161,0.139017963839617,0.167198521564845,0.240084963879851,-0.317229983667286,-0.355244551483537,0.256130755803399,0.256130755803399,-0.122929373625291,1.06316675953723e-11,-0.831430943294471,-0.699371986135858,-0.56789990871194,-0.750031891401915,-0.0740255207332256,0.0163543054870433,0,10.0000000001,0.042106973282205,0.00951726735930556,0.103475731639873,1.11890638526529,2948.51077957079,0.0312500660060792,1498,2,"SNETWORK (2 43 2948.51077957079 0.103475731639873 100001183 1498)",100
37,100001184,0.0938224330056748,36,1.29896932353205,1.22104076566898,1.50580654500643,1.48232234240258,1.49987706507974,0.0825125131954177,0.0147523968406845,-0.491417802350077,0.696840135069655,-0.312919934588291,0.605886285487629,-1.08722768543855,-0.312919934588291,-0.312919934588291,-0.50726908000616,-0.529798423737931,-0.567944997618644,-0.424319067258035,-0.618082240122527,0.170020533880904,-0.850299401197607,-0.17062937062937,0.240786240786241,0.0938224330056748,12,0.778999564487129,0.497976335630169,0.498626843946294,-0.57354796225912,0.0929842543260303,-0.309169480688696,0.697426536560944,-0.317517079028174,0.410101682458121,708.0000000001,1.85687158533591,3.03473250616656,125.0000000001,2.42598153796236,4.28285312319827,0.184100826540586,3.36718980561227,1.07753230423892,-0.172605000683906,-0.0690713917913784,0.151429229986338,-0.400648743722869,0.142952468707214,0.302340955297564,0.426122703677717,0.832751757246075,0.295245827824739,-0.180424591119291,0.260699186901376,-0.116161033567886,0.528207847926239,1.07109749798066,2.45048930426548,2.415141651474,2.55283100906632,-0.118773131203602,-1.01019366747583,0.17262517205424,-0.116477015237022,-0.116477015237022,1.34711020506105,-0.184821730109684,-0.00134434584448857,0.133768862296834,0.94371568871361,-0.215397627952436,-0.164944064217702,0.467143009014143,0.000167325872514873,708.0000000001,0.0798186591065425,0.104282167334043,0.209089364679002,1.75203698832775,4443.96031453169,0.0312499339939208,1084,2,"SNETWORK (2 37 4443.96031453169 0.209089364679002 100001184 1084)",100
17,100001185,0.465740256359076,266,0.152577399052067,0.406018494492994,0,0,0,-0.530335163538908,-0.618201499449617,-0.176793044446613,0.648661662910952,-0.216737787494425,-0.38942604590093,0.166719099486687,-0.216737787494425,-0.216737787494425,0.366466359197454,0.249451188167571,0.316994601032258,0.0165257898407292,0.283622708399832,-0.443531827515401,0.0161216029479497,0.044324905863371,-0.265923265923267,0.465740256359076,9,-0.534691321244272,-0.220487005508816,-0.218781483543412,0.688551486269067,0.467786261104372,1.35270864328666,0.649315467169718,-0.612085966707226,0.134953873033572,362.0000000001,0.0781070972683747,0.0954578441384508,2248.0000000001,0.343087190064533,0.421194287232908,0.0205442958363598,0.594876161623316,-0.714501015938165,2.4341660059304,1.62343118737113,-1.28043944959326,1.06217403521356,-1.37056827260298,1.00369328696046,-2.04484158972132,-3.85343675523903,0.556764540497117,0.241424435000742,0.316811338464237,0.761049323493581,0.339737618235176,0.0837945059382472,0.0506370681752143,0.0688687464614039,0.0828292421521462,1.07758653843737,-1.04831372537267,1.84742176565002,1.41209653928778,1.41209653928778,0.77018159957396,-0.0500353355410951,-0.462448114243102,-0.467406946462603,-0.0157706249428364,-0.488625432339463,0.0701217256959788,-1.69201332442161,0,2248.0000000001,0.00380977461555488,0.016734521120805,0.926907830895436,2.10253144448786,2670.40537757307,0.125,685,2,"SNETWORK (2 17 2670.40537757307 0.926907830895436 100001185 685)",100
37,100001186,-0.0361682081253288,9,1.29896932353205,1.22104076566898,1.50580654500643,1.48232234240258,1.49987706507974,0.0801281111542591,0.0114550137532095,-0.463798548574546,0.728578631508845,-0.271306792443451,0.613482767803418,-1.11011956725867,-0.271306792443451,-0.271306792443451,-0.49549946965227,-0.496270611751425,-0.528585304715848,-0.383122005895313,-0.583354416971448,0.170020533880904,-0.850299401197607,-0.17062937062937,0.240786240786241,-0.0361682081253288,12,1.38227512129212,0.64229391315015,0.644260293330545,-0.755998742709916,-0.0393113686708607,-0.152463631640501,0.728730021578731,0.0256733804460754,0.207129136704421,17.0000000001,0.0225189004010191,1.29873378584848,5.0000000001,0.0415285919020849,0.064047492203104,0.0026843259843618,0.207596829827445,-0.575440399290701,0.313382297398434,-0.506728342524707,-1.27263943948634,-0.272446609277682,-1.16973882624831,0.388342784146725,-0.999182908969286,-1.98815752585024,-0.143099242452213,-0.129894285813285,-1.03101248271149,-0.033877370726643,0.528207847926239,1.07109749798066,2.70840082864406,2.67872578178211,2.82264244254143,0.0507083138993778,-0.229658298547975,1.09503400995136,0.0517298797457537,0.0517298797457537,-0.616633056893283,1.06316675953723e-11,0.569816084791772,0.597834171166336,1.23079151222504,0.340808818814945,-0.22746141085398,0.816272886593255,0,17.0000000001,0.000943800685717385,0.00174052519864441,0.048465251018728,1.87466932995892,4280.90806502588,0.0312499339939208,1057,2,"SNETWORK (2 37 4280.90806502588 0.048465251018728 100001186 1057)",100
17,100001187,-0.999306064397919,18,-0.711340194022643,-0.147031598306002,-0.358045591966192,-0.357303355798844,-0.355675841278248,-0.00540571534674578,-0.00529063184906588,0.396230975040379,1.41746259845049,0.617720581871709,0.0630130985648323,-0.0957457766375849,0.617720581871709,0.617720581871709,0.515843954350048,0.00686222267500437,-0.00981098695377343,-0.55492505809115,0.0824037630501079,-0.596303901437372,0.141716566866268,0,-0.395577395577396,-0.999306064397919,9,0.642171569893665,-0.196451343406401,-0.194992792135034,-0.539807089998774,-0.994303431930385,1.116407628371,1.41582183900246,-1.09679227306661,0.742720090676799,1945.0000000001,2.30962436279024,0.801931301597187,933.0000000001,1.1962319116736,3.50585627436385,0.170279239504551,0.182223317799639,-0.093518760945285,0.997587204346883,1.32827096436291,0.497472497022481,0.917015766682437,0.529506148211696,1.24268734220102,0.469932288023406,1.35441074464108,-0.198095116180694,-0.139007200673883,-1.1860379816157,-0.206969605744045,-0.675181930528773,-0.587156310063935,-1.4058558810172,-1.37829262321507,-1.4081339961998,-0.574748703903999,-0.879870021728249,0.239393740774325,-0.508144458269684,-0.508144458269684,0.637466444924966,-1.55227875090217,0.204178420922753,-0.0431211348503884,-1.23852236123235,0.53688423254794,0.781436717019782,0.565240424347474,0,1945.0000000001,0.11217832364554,0.0581009157590114,0.0597908074133745,1.10607050378375,1226.54617513011,0.125,437,2,"SNETWORK (2 17 1226.54617513011 0.0597908074133745 100001187 437)",100
37,100001188,0.125180998812202,41,1.29896932353205,1.22104076566898,1.45807027539656,1.42805593959054,1.43873085382348,0.0930418329635458,0.0216958305057859,-0.502311055548213,0.688261836170214,-0.316882445085265,0.610395838604455,-1.09007643104659,-0.316882445085265,-0.316882445085265,-0.514350775482955,-0.536180876428101,-0.576683390052194,-0.443657090155434,-0.622586984722953,0.170020533880904,-0.850299401197607,-0.17062937062937,0.240786240786241,0.125180998812202,12,0.712211203549734,-0.142607133683056,-0.141647326352533,-0.577325605233351,0.123217166196208,-0.412631817532815,0.688493454753277,0.333437181752827,0.325317114806223,1170.0000000001,2.43416400183874,0.600043698872788,150.0000000001,0.575613804172721,3.00977780591146,0.144803392500903,0.643510726750527,1.63226840277906,-0.280989334306382,-0.36710468069547,-0.119789129579372,-0.372319254207422,-0.126885066578066,0.313970841437052,-0.14397904660256,-0.273959044542513,0.106702566872828,0.289198786125909,-1.00928522529562,0.711964977534191,0.528207847926239,1.07109749798066,2.19258446122347,2.15155944355969,2.28302402457116,0.788027590601866,1.42119209312382,-0.892483955345559,0.960396797730957,0.960396797730957,-0.496955885638845,-0.394215636799073,-0.757458743700342,-0.564917944077577,-0.724927755012865,-0.640415675256371,-0.315621941018209,-0.980931733190051,0,1170.0000000001,0.117110041954375,0.027693350446528,0.24014440553278,0.025025475177103,4475.48481078766,0.0312499339939208,1089,2,"SNETWORK (2 37 4475.48481078766 0.24014440553278 100001188 1089)",100
17,100001189,-0.147704419331124,188,0.152577399052067,0.406018494492994,0,0,0,-0.313275826870235,-0.324997011136293,0.00715576013830416,0.931923926181878,0.412977795462708,-0.174325764444309,-0.0855188777497882,0.412977795462708,0.412977795462708,0.438996628216309,0.0459659848724009,0.0880113843581267,-0.204790221729594,0.0676037613544899,-0.443531827515401,0.0161216029479497,0.044324905863371,-0.265923265923267,-0.147704419331124,9,-0.364151581571068,0.218993319993914,0.218523759820001,0.451534783486287,-0.148514714636142,-0.272673928801744,0.931523343783411,0.0295112805368405,0.062211579480773,543.0000000001,0.0540091860173679,0.119793719316267,5412.0000000001,1.03654559686854,1.0905547827859,0.049231917152698,0.586253387499846,0.999916036572216,0.0701014278588905,0.0510718319445179,-0.026128811534396,-0.29755198808441,-0.0259749532658663,0.463902447492905,-0.0680567244252305,-0.147771114541016,0.619879496446206,0.886168410504876,0.178116105105303,2.81787642539016,0.121428129376515,-0.277526342387342,0.0511078135890781,0.0695089819198063,0.0835992607824201,0.842686192727797,1.38257747718123,-0.794790088606211,1.04104992157738,1.04104992157738,0.0264610484395857,1.06316675953723e-11,-1.40847627871021,-1.32786490704668,-1.33046884226186,-1.20715088291914,0.889762349435317,0.332741471648979,0,5412.0000000001,0.00243818632808052,0.0467937307246175,0.656055429928238,1.69122327767661,2219.40197082431,0.125,607,2,"SNETWORK (2 17 2219.40197082431 0.656055429928238 100001189 607)",100
13,100001190,0.734856057042965,296,0,-0.0695595240108285,-0.110963835372034,-0.110383201657025,-0.109843962764069,-0.891669539550972,-1.07357592418886,-0.455350051237115,-0.258149497344038,-1.31375604445433,-1.72374789381207,-0.0647568446000484,-1.31375604445433,-1.31375604445433,-3.08523815626761,0.519987855995774,0.746082004268937,1.65002609253624,0.325657770241915,1.07186858316222,-1.64670658682635,0.299300699300701,1.38452088452089,0.734856057042965,7,-0.583579443251128,-0.109140149858677,-0.108452513641381,0.810950152512929,0.730809594936253,0.329254527901022,-0.255389781845215,-1.14706516383766,0.263846974405144,2165.0000000001,0.913282326308688,0.0380131358378359,2183.0000000001,0.132672974743673,1.04595530095236,0.0500259669820844,-0.158762690170864,-0.162280523650324,0.575328654422465,1.20100458889896,0.964292177593028,0.34310106007751,1.01127009052973,-0.0273046999371421,0.869182990885415,0.632103650018098,-0.0117780062064126,-0.0334832165689744,0.00773568310708995,-0.0318010066708119,0.223123099423871,0.103212322371745,0.000480866141918987,0.0349290148369533,0.115671933158067,-0.417269097559221,-0.0169476133573812,0.517341698772891,-0.382195505804712,-0.382195505804712,0.682761322865238,-23.3845026465813,0.699157714413072,0.906221535126361,0.751216736566791,0.59832535208781,0.0461474591995679,-0.0447179284529664,0,2183.0000000001,0.0436804817258226,0.00634548515626182,0.172922230216998,0.0572795160114765,3054.50396968388,0.0156249651370217,296,2,"SNETWORK (2 13 3054.50396968388 0.172922230216998 100001190 296)",100
13,100001191,0.944530126374184,326,0,-0.0695595240108285,-0.110963835372034,-0.110383201657025,-0.109843962764069,-0.943192728893519,-1.13351100316177,-0.417862952667792,-0.362735500686763,-1.61969594475998,-1.58782768040454,-0.00900088060833114,-1.61969594475998,-1.61969594475998,-2.9040479297202,0.624779652815098,0.862764862630463,1.77260539541529,0.435328996183407,1.07186858316222,-1.64670658682635,0.299300699300701,1.38452088452089,0.944530126374184,7,0.784297924515144,-0.618257028482131,-0.610242927423763,-0.627486029503648,0.941164718979855,-0.0651122731071271,-0.359798568354512,0.428378621772728,0.0438054930311303,1375.0000000001,0.096300003894087,0.0564295958109453,419.0000000001,0.0378021061483738,0.134102109942461,0.00701727592314768,-0.532636756095581,-0.201741641149741,-0.466530333052684,0.340960522061106,1.27090466034629,0.120604129094856,1.45785521105887,-0.28662502221166,1.92885760060923,1.14817309191452,-1.49917595537037,-1.42764857399911,0.0811311451354114,-0.448975744804166,0.223123099423871,0.103212322371745,0.000480866141918987,0.0349290148369488,0.115671933158067,-0.00646361513762068,-1.40656145911018,-0.696355408223065,-0.00650696668465157,-0.00650696668465157,2.61694175856214,-28.224456382841,1.19577444122462,1.31675182465597,1.90360891231274,0.863846425872562,-1.18329080526708,-0.889021926166553,0,1375.0000000001,0.00503917268107969,0.00197810314206799,0.380804588742682,0.190600728616118,3224.50704534809,0.0156249651370217,326,2,"SNETWORK (2 13 3224.50704534809 0.380804588742682 100001191 326)",100
13,100001192,0.798064983221742,304,0,-0.0695595240108285,-0.110963835372034,-0.110383201657025,-0.109843962764069,-0.965645735605279,-1.17193511566218,-0.513374119051588,-0.31498639703131,-1.37964631859604,-1.75225648209036,-0.211848044967935,-1.37964631859604,-1.37964631859604,-3.08096388027269,0.579920629492182,0.820596443032031,1.74649764666688,0.383555056738819,1.07186858316222,-1.64670658682635,0.299300699300701,1.38452088452089,0.798064983221742,7,-0.557733602813648,-0.2130059293482,-0.211378891167348,0.736888415600498,0.7940514331992,0.000221254125275982,-0.31213535941178,-0.614761331838251,0.0395343473104415,1816.0000000001,0.114785082599354,0.036459882369932,2079.0000000001,0.121189442057588,0.235974524556942,0.01149478364328,-0.380880031357409,-0.385680025765594,-0.027724324445767,0.200658597153848,0.360424335574016,0.081843055627986,0.384595470054101,-0.234679235120784,0.293476816469934,0.192763591247107,-0.316086861379522,-0.371776930710904,0.0958937267530802,-0.219191455958855,0.223123099423871,0.103212322371745,0.000480866141918987,0.0349290148369488,0.115671933158072,-0.0503658836719607,-0.490794615846982,0.165701486158203,-0.0501829403650734,-0.0501829403650734,0.743553128888877,-22.203208885701,0.962247709976982,1.2848289874903,1.62411870983907,0.675597178600153,-0.170346757249989,-0.0749127775197928,0,2079.0000000001,0.00559140729434275,0.00590337624893722,0.226077222224343,0.749116141349077,3097.97332510318,0.0156249651370217,304,2,"SNETWORK (2 13 3097.97332510318 0.226077222224343 100001192 304)",100
28,100001193,-0.110097882169913,195,-0.790377993358492,-0.853832397374456,-0.715996162004961,-0.715344983900652,-0.711097017555422,0.76195668791699,0.762481814739017,2.05032822564465,-0.445866685615324,0.273935034958501,0.0874381797419371,2.76542832479532,0.273935034958501,0.273935034958501,-0.0422460416341356,-0.886473206959921,-0.955828100022236,0.684385267401526,-1.27071142563639,0.468172484599588,-2.26546906187625,-1.53286713286713,0.194922194922195,-0.110097882169913,8,-0.48131618246895,1.41859757393801,1.43585014750492,0.884108450981278,-0.104902170576,1.92951504457653,-0.441508219068601,-0.841343999662506,0.114044618634366,4623.0000000001,0.842933775636943,0.0690467882681716,3717.0000000001,0.410327673886507,1.25326144942345,0.0458612322425328,0.488107984088442,0.619056341469914,2.09101779438588,1.42390466895497,-1.02830344103629,0.896801982089057,-0.824493225974861,-0.0567390950494114,-1.04621565642519,-0.493623727441327,0.440649720424588,0.399615932431636,-0.0525820173051232,0.978628643132665,-0.366608996487314,-0.66811243551443,-0.897784372821839,-0.860982036160383,-0.832801478435155,0.523564132227164,0.51069515151234,-0.0629015873056286,0.597972312480213,0.597972312480213,0.0838452587267248,1.06316675953723e-11,-0.758498858098085,-0.725095760228099,-0.527223512413691,-0.689316011854184,0.0413495526692414,0.417492610968319,0,4623.0000000001,0.0308459033680085,0.0150153287745244,0.209768661206256,0.938835412159954,1782.68718606117,0.125,736,2,"SNETWORK (2 28 1782.68718606117 0.209768661206256 100001193 736)",100
42,100001194,-0.86117720252949,10,-0.886598059773572,-0.0928456434617663,-0.0369605603324269,-0.0422694509956289,-0.0386919408759992,0.990669112555737,1.24860569789547,1.33663479551847,0.108692973550749,0.0545772445593594,0.353337020529413,0.586672800312535,0.0545772445593594,0.0545772445593594,0.594661913815359,-0.136624047757868,-0.330527807604679,0.147837532790711,-0.227143043936266,-0.720739219712526,0,-0.434965034965035,-0.700859950859951,-0.86117720252949,10,0.073503240914069,1.19904410845974,1.21060968745332,-0.00769614808945787,-0.859269684007275,-0.0593627691545659,0.110423235663565,0.0260625165303281,0.410782014320481,2840.0000000001,7.46079830542544,0.0377467610941959,2.0000000001,0.000482797837526945,7.46128110316297,0.283696150991586,-0.155731766521578,-0.159423566528849,-0.213695264445577,0.423036838409466,0.992058050107345,-0.31296339736979,0.828213396625267,-0.00391743273295866,0.972469670328186,1.1630530844525,-0.580186765289492,-0.54008177010659,0.187146981751292,-0.350559464759488,-0.658232714974315,-1.30374704394875e-15,-1.4058558810172,-1.37829262321507,-1.4081339961998,0.183330796115049,-1.19599039638742,0.516590577997974,0.192965270731082,0.192965270731082,2.17841367299953,-1.02516673751668,-0.298874448731465,-0.14159485444477,-0.813600861399972,-0.116733265488497,0.049968369592399,0.322284892995673,0.0876987395912763,2840.0000000001,0.283677793741131,1.83571504549444e-05,0.764586697202779,0.248575629666448,1745.21596455201,0.0625,1477,2,"SNETWORK (2 42 1745.21596455201 0.764586697202779 100001194 1477)",100
15,100001195,0.997222401273131,357,0.288659805977357,0.708741764562854,0.0737102907633875,0.0682577010310203,0.067165878475577,-0.438626729165944,-0.586051828801529,0.140647822436617,-0.0235464780065811,-0.857490324380925,0.0846428691672686,0.146559188518589,-0.857490324380925,-0.857490324380925,0.284219646056543,0.576781163936359,0.686853751580381,-0.277602773112355,0.75013768278225,0.279260780287472,-1.27411842980705,-0.441958041958041,0.405132405132405,0.997222401273131,9,1.52424747074082,0.144090813599598,0.143646497709991,-0.742224132415172,0.992316837387889,-0.0775660643985705,-0.0214874998680546,0.788646400132088,11.9367511250477,2389.0000000001,45.593072851336,1.60515205277954,2315.0000000001,5.94105740089834,51.5341302521344,2.35729674505557,-0.477347881907967,-1.40877836139956,-0.580155623009811,-0.589196645839718,-0.00332180942279618,-0.0808947904667426,-0.00350644898527341,0.00993951597834941,-0.237512465555768,-0.237780035259338,0.59390224364167,0.42868946354027,-0.96726352363585,1.05076681981493,0.562105955755759,0.451834062908153,-4.52365144789511e-15,-4.51494518067087e-15,-4.84823954093274e-15,0.7977859007928,0.990229595459806,-2.34552994508415,0.974645348384731,0.974645348384731,-0.404283118959419,1.06316675953723e-11,-1.01023476494351,-0.927590326217008,-1.98273067661193,-0.613406691184046,1.38074862291746,0.448682425743334,0,2389.0000000001,2.08553829664173,0.271758448313838,0.0480769649907218,0.728204719572391,3183.84307141212,0.0625,343,2,"SNETWORK (2 15 3183.84307141212 0.0480769649907218 100001195 343)",100
29,100001196,-0.657554871253331,118,-0.790377993358492,-0.853832397374456,-0.715996162004961,-0.715344983900652,-0.711097017555422,0.635948877738782,0.593506358944122,1.84324398595261,-0.0838682171304426,0.971996238965786,-0.129835670921205,3.02962495177157,0.971996238965786,0.971996238965786,0.0654856035184119,-0.687508171927534,-0.80954010934476,0.39342195346918,-0.966606940319228,1.05602816075095,-3.18648417450813,-1.88851148851148,0.604422604422604,-0.657554871253331,8,0.0203032052045857,-0.194460537730421,-0.193021767404888,-0.111689383736918,-0.658575803823616,-0.460872687761495,-0.0815777052957613,-0.475294959242087,3.42445744469009,5245.0000000001,28.7165347347838,0.033549056902705,299.0000000001,0.0160378545913755,28.7325725892752,1.39504951317709,0.201359607076292,0.478438682411393,0.399838594131124,-0.892387536111242,-1.96329008313018,-0.418883593384072,-2.09154504729821,-0.231017762594608,-1.96520473804021,-1.86252514652589,-0.36093867631297,-0.597787366479441,0.152325348444137,-0.323133452813361,-0.471792152073762,-0.75229266612818,-0.897784372821835,-0.860982036160378,-0.83280147843515,-0.430869861212802,-0.546933628305135,0.673429866129629,-0.393442409001544,-0.393442409001544,3.26805117881556,1.06316675953723e-11,1.03903783709409,0.884987592443415,-1.23261371849579,1.44982981338331,-0.923509708186582,-0.553484267119084,0,5245.0000000001,1.3942708288493,0.000778684227789048,0.722061831774581,1.06535737478493,1358.30818498625,0.25,913,2,"SNETWORK (2 29 1358.30818498625 0.722061831774581 100001196 913)",100
13,100001197,0.818705819182157,308,0,-0.0695595240108285,-0.110963835372034,-0.110383201657025,-0.109843962764069,-0.965645735605279,-1.17193511566218,-0.517860606289661,-0.31653605448142,-1.38608824922944,-1.75292055759964,-0.218963974181451,-1.38608824922944,-1.38608824922944,-3.02903633477928,0.573539533113731,0.812283409958101,1.73469483047847,0.377671010399666,1.07186858316222,-1.64670658682635,0.299300699300701,1.38452088452089,0.818705819182157,7,-0.622301279770777,-0.213466625394704,-0.211834796250968,0.87632448129268,0.816436135884107,0.588262652553642,-0.313575449406095,-0.496459379875282,0.0419292713785749,3095.0000000001,0.207478453630225,0.0495615182355472,1146.0000000001,0.0908080298473058,0.298286483377531,0.0145313026049771,0.399246212901536,0.0539109553611305,0.0445458620693712,0.200537139665141,0.240307839730043,0.570143297261581,0.256265068435879,0.00296036137876892,0.270986432311664,0.178934758855198,0.0920307811668276,0.121670781578756,-0.00858916126146877,0.093810578202679,0.223123099423871,0.103212322371745,0.000480866141914464,0.0349290148369443,0.115671933158067,-0.0869526672057181,-0.130988119169143,0.705176840819609,-0.0859029731641081,-0.0859029731641081,0.47910115656375,-10.0153656242579,-0.202069709336975,-0.00616798041091476,0.151028514260114,-0.243743563795564,-0.291841495057262,-0.0681605185359691,0,3095.0000000001,0.0101075051688057,0.00442379733617134,0.254163611105614,0.555335823088702,3120.9419527827,0.0156249651370217,308,2,"SNETWORK (2 13 3120.9419527827 0.254163611105614 100001197 308)",100
29,100001198,-0.714116091578191,106,-0.790377993358492,-0.853832397374456,-0.715996162004961,-0.715344983900652,-0.711097017555422,0.597443106527023,0.5595514089358,1.83857575747397,-0.0672800790400893,0.961227894992019,-0.109320630914456,2.81004635546392,0.961227894992019,0.961227894992019,0.058956428348504,-0.669777153453565,-0.791536451757276,0.24533346417395,-0.91714471537357,1.05602816075095,-3.18648417450813,-1.88851148851148,0.604422604422604,-0.714116091578191,8,0.226348680081553,0.0864169641682273,0.0860876549805164,-0.27057301517701,-0.715419210508127,-0.615356340831463,-0.0377838899922039,0.264649450668046,0.115955540491265,2562.0000000001,0.474969142225775,0.328258852778952,1466.0000000001,0.769387601041145,1.24435674316692,0.0575003924546034,-0.232750395555422,-0.179045373320873,-0.494335113670023,-0.914245426391769,-0.641796099953116,-0.678628712913518,-0.650784147051233,-0.341566138384447,-0.617084616952322,-0.566742947407455,-0.0492521435487474,-0.336745314846624,-1.20275861757642,0.0313452194390441,-0.471792152073761,-0.752292666128179,-0.897784372821835,-0.860982036160378,-0.83280147843515,0.825852921823708,0.780992440684353,-2.63566080780036,1.01599125719095,1.01599125719095,-0.477505562107759,1.06316675953723e-11,-0.157802917484895,0.119484164531415,-1.53275499049432,0.211507490815414,-1.05859587866844,-0.619450741396576,0,2562.0000000001,0.021947815351769,0.0355525770028344,0.649062323643237,0.0804293973487802,1290.58545635946,0.25,901,2,"SNETWORK (2 29 1290.58545635946 0.649062323643237 100001198 901)",100
41,100001199,-0.39766930355174,120,-0.886598059773572,-0.0928456434617663,0.315622755524543,0.310024668600395,0.31737100022456,0.935297982991111,0.967953321282119,0.236425217857471,-0.264561299535178,0.686694203805902,0.489521045080805,0.45255526410569,0.686694203805902,0.686694203805902,0.510583880559364,-0.681063697424309,-0.806584897751258,-0.131062436701197,-0.862469791928772,-0.720739219712526,0,-0.434965034965035,-0.700859950859951,-0.39766930355174,10,-0.420192372095022,0.303484250252152,0.303153104959618,0.479307415782026,-0.393466709208857,0.253731587310714,-0.261364270387075,-0.153934743151546,0.181006442287196,1475.0000000001,1.70742482589294,0.0482424807968189,588.0000000001,0.181410532192745,1.88883535798569,0.0840127084797119,0.773468479524814,0.664809177601795,-0.489498331954761,1.38652841354087,2.81361072931441,0.175074617935129,2.74518837373734,-0.118266186284945,1.19261250133288,0.861361241519936,0.238941096693404,0.0588102483724932,0.110216958801301,-0.0668347264854584,-0.658232714974315,-2.60749408789749e-15,0.102215627178165,0.139017963839617,0.167198521564845,-1.15099455678963,-0.762971127217071,-0.186311205897262,-0.897506621096277,-0.897506621096277,0.743761620106514,1.06316675953723e-11,-0.632262345991597,-0.637436864646456,-0.322385270535997,-0.600541332011109,0.422952981195488,1.33080584324901,0.00636285075000298,1475.0000000001,0.0759438261099643,0.0080688822697476,0.351917524847555,2.31188666261733,2358.33631592323,0.0625,1326,2,"SNETWORK (2 41 2358.33631592323 0.351917524847555 100001199 1326)",100
37,100001200,0.659439481520932,157,1.29896932353205,1.22104076566898,1.45807027539656,1.42805593959054,1.43873085382348,0.263180087624216,0.185001601302601,-0.448983032775366,0.471968964518892,-0.523228080940794,0.704949392269039,-1.01511942660227,-0.523228080940794,-0.523228080940794,-0.580753032979426,-0.74411569233588,-0.811849685675455,-0.723607416172517,-0.833485222135982,1.28439425051335,-2.76197604790419,-0.927972027972028,1.1480343980344,0.659439481520932,12,-0.161995328345958,0.803651044480375,0.807669408576204,0.232557702295017,0.656611609763553,0.50764063767048,0.472777021290713,-1.28172399650396,0.0913357915551287,370.0000000001,0.216122400471301,0.0782180020393305,1445.0000000001,0.722822440172027,0.938944840543328,0.0382559896096681,0.2188978306577,0.0986677798552162,0.120409260229892,0.208013780156793,0.135391437626137,0.243890307535193,0.121445775346059,0.525547665215134,0.227805475901102,0.392788040828724,0.750111593269339,0.381280492348402,0.132268094737465,0.552928995664394,0.528207847926239,1.07109749798066,2.19258446122348,2.1515594435597,2.28302402457116,0.496534772661462,0.094961335171668,-2.49477488389022,0.563390953157901,0.563390953157901,-0.0719661523502138,-0.0755158140039443,-0.511697717633837,-0.456990373167904,-0.814633182076792,-0.349576580947079,-0.635643980365459,-1.28432536354398,0,1445.0000000001,0.00880560382812798,0.0294503856815401,0.927903189172358,1.78104370139803,5173.64036311644,0.0312499339939208,1205,2,"SNETWORK (2 37 5173.64036311644 0.927903189172358 100001200 1205)",100
36,100001201,0.731084016950199,173,1.29896932353205,1.22104076566898,1.45807027539656,1.42805593959054,1.43873085382348,0.411716125511318,0.356175528143271,-0.184689840168728,-0.0176502203915266,-0.332247005679152,0.818546354063465,-1.80056950764192,-0.332247005679152,-0.332247005679152,-0.692728378709205,-0.541719179422553,-0.644735116124648,-0.86653651524579,-0.552155209140529,0,0.0419161676646709,0.81118881118881,0.42997542997543,0.731084016950199,12,0.0358729131166929,0.0760092965985116,0.075709647477412,-0.0975975333898926,0.725348012014043,-0.418578668671401,-0.0149746740194194,-0.122189312341078,0.102808913083164,40.0000000001,0.0262995200031235,0.449360495240368,935.0000000001,2.68697460702577,2.7132741269289,0.125607331395238,0.0880976883831765,-0.897531944529192,-0.029179881033327,-0.372968101749419,-0.534435670184104,-0.428913741852895,-0.542962188287064,-0.173972608170503,-1.04488424996303,-1.07672126817658,-0.0246251852135302,-0.02850637505136,0.165179359701397,0.117314569154458,0.546248208904555,1.08330451131106,2.19258446122347,2.15155944355969,2.28302402457116,0.109865233053015,0.144489200808993,-1.5618039289254,0.113648765821064,0.113648765821064,-1.21472593999034,-0.191412947070276,0.190769000555235,0.305914879151417,0.289913653018055,0.152958229570135,-0.51894098179142,0.0827943591898987,0.00493337642093103,935.0000000001,0.00121750046437002,0.124389830830868,0.110414195460206,1.26407953411243,5267.96918858243,0.0156249669969604,1021,2,"SNETWORK (2 36 5267.96918858243 0.110414195460206 100001201 1021)",100
37,100001202,0.534904015259767,126,1.29896932353205,1.22104076566898,1.45807027539656,1.42805593959054,1.43873085382348,0.187638481646012,0.111563383047905,-0.467832542129957,0.548537161163619,-0.502003305927341,0.649477117889321,-0.960462783252317,-0.502003305927341,-0.502003305927341,-0.546266340466832,-0.652876873845808,-0.708397182028989,-0.549624005392168,-0.750309195539752,1.28439425051335,-2.76197604790419,-0.927972027972028,1.1480343980344,0.534904015259767,12,1.21884156836497,0.455961427311873,0.456322330440472,-0.717132942572012,0.530296204409393,-0.553924299653829,0.549140997627998,0.27385015514983,0.0478839772589264,80.0000000001,0.0244983742932593,0.0745699283990695,1066.0000000001,0.508367750400898,0.532866124594158,0.0230750234585988,1.67286222555102,1.85546662346947,-0.635407550249312,-0.0145497156097217,0.902222895041402,-0.676205009031649,0.857159331172293,0.0664511532863165,0.902672646589518,1.5906414250722,0.643564484967766,0.0695216378589718,-0.881115141184295,0.0737559400048955,0.528207847926239,1.07109749798066,2.19258446122347,2.15155944355969,2.28302402457116,-0.260790737629566,-1.05720663141804,0.218440251169191,-0.247524341777519,-0.247524341777519,0.276017649693421,1.06316675953723e-11,-0.318228134619358,-0.310536786243423,-0.00586190082773872,-0.333063322614567,-0.874151299741287,-1.13847959472657,0,1066.0000000001,0.00106086788176634,0.0220141554768325,0.743999970725288,1.53725815818496,4986.95710133314,0.0312499339939208,1174,2,"SNETWORK (2 37 4986.95710133314 0.743999970725288 100001202 1174)",100
35,100001203,1.11570370684591,239,1.95876350285277,1.6240746339498,1.11742223327512,1.09970853501445,1.1005013034785,0.65670403111633,0.610152916413204,-0.233134280176657,-0.461934743546811,-0.175381359813154,1.11830950257404,-0.561360378180785,-0.175381359813154,-0.175381359813154,-0.781819875247667,-0.607127081351487,-0.72899196618018,-1.06238473276713,-0.598763736372165,-1.3305954825462,1.62674650698603,0.565034965034965,-1.23832923832924,1.11570370684591,12,-0.593275644708669,-0.242405155299749,-0.240461275911444,0.806622082657073,1.11415116350577,0.718708108081548,-0.457819688669131,-0.271201956808986,0.0877615810894916,82.0000000001,0.0460230454462573,0.430398782253322,1147.0000000001,3.15712308345153,3.20314612879779,0.15684289150938,-0.354148761918747,-0.621046236427176,0.613066156866063,-0.0214943283028918,-1.00171607952652,0.671164081928496,-1.07651995175625,-0.193183116151878,-1.03222849072394,-0.465110584657247,0.155294358086155,0.222198123217829,0.0446867567158264,0.297783804923065,0.596004386864676,1.11697181886013,1.90113971348738,1.86013322719689,1.96210765973067,0.211816330700796,0.51208536878653,-0.686027858990996,0.224459359944914,0.224459359944914,0.648926298989244,-2.069536337009,0.0839983798656011,0.147534939435418,0.424339347516453,0.00354382020276635,0.634703010003806,-0.0678984338186316,0.0073213030306278,1147.0000000001,0.00225353050205879,0.154589360907321,0.862057872187297,1.70310433721226,5652.33834032952,0.0156249669969604,1012,2,"SNETWORK (2 35 5652.33834032952 0.862057872187297 100001203 1012)",100
35,100001204,1.02609796637988,227,1.95876350285277,1.6240746339498,1.11742223327512,1.09970853501445,1.1005013034785,0.66526215822486,0.634667186058161,-0.127298479990413,-0.444583115688354,-0.15582127886395,1.12020665880504,-0.78494762873354,-0.15582127886395,-0.15582127886395,-0.776999985533892,-0.529709170528518,-0.640040143170541,-0.930375554253332,-0.525328244040274,-1.3305954825462,1.62674650698603,0.565034965034965,-1.23832923832924,1.02609796637988,12,-0.186479605638316,-0.514434514517633,-0.508475999503116,0.049393132502923,1.02562001601505,0.0424268865024668,-0.440793451888177,0.497247780492335,0.058578516814848,52.0000000001,0.019480440734917,0.128385081292523,1606.0000000001,1.31861242279324,1.33809286342815,0.0687451447056277,0.924509298054515,0.368588616748143,0.159330076694759,0.309315809646011,0.225856466708841,0.19816307497247,0.253672627647806,-0.388366612147593,0.547069221408152,0.268534738585908,-0.181083891280066,-0.00807620095862924,-1.11313818706249,-0.0179754606405217,0.596004386864676,1.11697181886013,2.19258446122347,2.15155944355969,2.28302402457116,-0.123849384892966,0.579881232886029,-1.47791461461759,-0.121312528342174,-0.121312528342174,-0.471889515833149,-0.681981353876781,0.30718533203625,0.390498334967692,0.598059128220442,0.206020270974586,-0.102601441412198,-0.00830124140610957,0,1606.0000000001,0.00100081671842853,0.0677443278871992,0.575492379762674,0.807037044493186,5581.19008321559,0.0156249669969604,1000,2,"SNETWORK (2 35 5581.19008321559 0.575492379762674 100001204 1000)",100
41,100001205,-0.0515501025155292,179,-0.886598059773572,-0.0928456434617663,0.315622755524543,0.310024668600395,0.31737100022456,0.937664962223505,0.904657832697929,-0.258071004047124,-0.395009195894088,0.886991351339094,0.59030444492741,0.723867037899369,0.886991351339094,0.886991351339094,0.478785688529275,-0.653073109643751,-0.777833753652531,-0.256106858013475,-0.804290170984635,-0.720739219712526,0,-0.434965034965035,-0.700859950859951,-0.0515501025155292,10,0.000465109455342091,-1.02012615055565,-1.00134902644074,-0.18018992980643,-0.0487772852575992,0.00273562048607462,-0.39047474715488,0.274260275488345,0.0964890480289649,877.0000000001,0.541169303024541,0.0631881617204171,185.0000000001,0.0747589148132428,0.615928217737784,0.0346107121319971,-0.405992279169977,1.10796749016157,0.29328730689407,1.1452198243052,1.2915582996021,0.291117708600724,1.59058971380924,-0.251610669737864,2.02284912487225,1.12340156415387,0.249114687767567,0.495016305558675,0.0699865055136681,0.644885476424265,-0.468413222179675,0.335353543031273,0.102215627178161,0.139017963839617,0.167198521564845,0.19137982195371,0.575323498222747,-0.7528868421399,0.201821966945839,0.201821966945839,0.483384484912633,-0.227383241359666,-0.988621184554872,-0.861510189694304,-0.265348492990485,-1.00461938107656,1.15950037266556,0.90097858961572,0,877.0000000001,0.0304098016095324,0.0042009104224647,0.546818574827641,0.269989289516569,2689.64738770046,0.0625,1385,2,"SNETWORK (2 41 2689.64738770046 0.546818574827641 100001205 1385)",100
17,100001206,-0.496701510299694,131,0.152577399052067,0.406018494492994,-0.358045591966192,-0.357303355798844,-0.355675841278248,-0.152515894109649,-0.140161323132146,0.185547408684439,1.10060073793932,0.652588957371192,-0.0508621984201185,-0.0855090005609198,0.652588957371192,0.652588957371192,0.47663224705701,-0.0198646756661436,0.00468358798793695,-0.356969146303668,0.0124693067286212,-0.33264887063655,-0.333618477331052,-0.204195804195803,-0.181818181818182,-0.496701510299694,9,0.754909259826487,0.664246853837052,0.666456619448024,-0.554390294021531,-0.498464897935018,-0.782474811295374,1.0997891889202,0.13523551779602,0.100631818193889,1464.0000000001,0.235544501466296,0.0993190854301298,2907.0000000001,0.461609053220841,0.697153554587137,0.0291065598939835,0.66782762645556,0.742966068411251,-0.611036675762174,-0.177932152677389,0.658893107027724,-1.02644741228681,0.603760277538841,0.0852823534145506,0.509955849829587,1.25865510916688,-0.186716020347053,-0.516536616896724,-1.26820032073606,-0.217109464900163,0.121428129376516,-0.277526342387341,-1.4058558810172,-1.37829262321506,-1.40813399619979,0.475176346121584,1.18100018542564,-1.05810017987269,0.536372188403992,0.536372188403992,-0.119984678610065,1.06316675953723e-11,0.181283002515826,0.207755146276942,-0.516736635082849,0.337438876033589,1.32586421183022,-0.0181113160078055,0,2907.0000000001,0.00983411770482285,0.0192724420891607,0.455457399416475,0.244021418373712,1885.38095116625,0.125,550,2,"SNETWORK (2 17 1885.38095116625 0.455457399416475 100001206 550)",100
34,100001207,1.33619483398971,260,1.95876350285277,1.6240746339498,1.02485008991821,1.0045764169385,0.983070499920875,0.604648403553417,0.478113492844454,-0.42452928025938,-0.670963123444201,-0.736664869786106,0.556615513106116,1.5009261359381,-0.736664869786106,-0.736664869786106,-1.03991469307898,-0.595830681166029,-0.680449239638514,-0.665103581709996,-0.65725082278179,-1.3305954825462,1.62674650698603,0.565034965034965,-1.23832923832924,1.33619483398971,12,-0.288012557569701,-1.17114913214695,-1.14714586766931,0.12843003258471,1.33345589848891,0.601933973688747,-0.664993598762277,0.00420681564577997,0.0322454071617378,474.0000000001,0.0977469618889929,0.0218028123219568,883.0000000001,0.123120474407322,0.220867436196315,0.0127488854265184,-1.10864482925207,1.26817770388169,0.87474773159649,0.550519035378604,0.484023873515214,0.843972882063535,0.544398416650214,-0.731273870171278,0,-0.000117896751581071,2.28373174235838,1.33064238149208,-0.189436184548028,3.30304223909698,1.0875296982676,1.27752214272416,1.82916866015634,1.78408245283612,1.81831906088132,-0.277115720822205,0.440896936231033,0.276196412124016,-0.26203864215985,-0.26203864215985,0.0973528120479308,-1.23789043405155,-0.775783280808116,-0.716916470473638,-0.468000551581368,-0.722553901324732,0.255896472558894,-0.652001236123247,7.78852859793249e-06,883.0000000001,0.00564213914413359,0.00710674618238477,0.191691824573563,0.00550193130038679,5766.80021648396,0.00781248349848019,975,2,"SNETWORK (2 34 5766.80021648396 0.191691824573563 100001207 975)",100
3,100001208,-0.403323729740896,83,-0.226804037760009,-0.273941878615531,-0.467885001197052,-0.45962963966976,-0.447550990366083,-0.341616060206406,-0.414532817259485,0.587565217456124,0.842247895300607,-0.0474164094773597,-1.19159034769889,-0.0905376981698543,-0.0474164094773597,-0.0474164094773597,-4.6772912676105,0.212695277209796,0.269668835519317,1.20184419489731,0.0202970243917162,0.637577002053388,-1.16766467065868,0.37272727272727,1.11578624078624,-0.403323729740896,7,1.13924596786969,0.607535074789924,0.609139332425044,-0.692414749104082,-0.403036334971279,-0.0773794063728831,0.842302605884313,-0.624112817460718,0.182910206229301,3791.0000000001,1.10863033542272,0.126999005408812,3339.0000000001,0.677972023287438,1.78660235861016,0.0753367334595465,-0.384767961676814,-0.441620311983546,-0.00983493486737199,0.389839577408988,0.628716619421536,-0.191842483620426,0.581823679808639,0.483415844463912,0.391767854009312,0.838616758994496,0.44421634187524,0.746157503351506,0.170330372577113,0.625984373813054,-0.183656619125852,-0.461007527196319,-0.849021708326805,-0.804038161642357,-0.768754631474961,-1.04265974376014,0.121050845391469,-0.498580648443337,-0.832076227756309,-0.832076227756309,0.0324750804493311,-12.4116738319452,0.228146446790804,0.118779931453354,0.492679247488703,0.144911406856362,0.262819923715185,0.204412371815001,0,3791.0000000001,0.0467482803706583,0.0285884529888882,0.445756814789149,0.514428626571316,1833.23368051051,0.0624998605480869,84,2,"SNETWORK (2 3 1833.23368051051 0.445756814789149 100001208 84)",100
17,100001209,-0.688315046627672,91,-0.254295665086778,0.276450920905401,-0.358045591966192,-0.357303355798844,-0.355675841278248,-0.0951370118254121,-0.083046531433882,0.241061433140536,1.20546341183167,0.662793001867398,-0.00738277371562255,-0.0498822744133453,0.662793001867398,0.662793001867398,0.495576469283807,-0.00666400563557656,8.63339674389287e-05,-0.42258208978803,0.0411205829212021,-0.596303901437372,0.141716566866268,0,-0.395577395577396,-0.688315046627672,9,1.26455919670108,1.60871744219985,1.63172906980683,-0.693821057158574,-0.690728134902447,-1.11607068994593,1.20434726224567,0.44023290703839,0.27543868362232,916.0000000001,0.403382434137384,0.158420046689685,8817.0000000001,2.23319965490081,2.6365820889382,0.0933378426555138,0.683632788590812,1.47041685891839,-0.99655361225973,-1.2596524040666,-0.371629398837902,-1.70783615714274,-0.287500829927406,-0.447650683663793,-0.319131842675263,-0.83031781001142,-0.0472583602123049,-0.0759259800935569,-0.614408721444721,-0.233478416223775,-0.658232714974315,-1.30374704394875e-15,-1.4058558810172,-1.37829262321507,-1.40813399619979,-0.98540828822694,-0.726294078524799,0.123108131813212,-0.796137433825362,-0.796137433825362,0.356383133458856,1.06316675953723e-11,0.499015883792606,0.268033339278924,-0.152885608897551,0.597534331332403,0.494895081872955,0.489014055103722,0,8817.0000000001,0.0142801721506164,0.0790576704048974,0.313419504750144,0.184037912367617,1648.86994312945,0.125,510,2,"SNETWORK (2 17 1648.86994312945 0.313419504750144 100001209 510)",100
16,100001210,0.727910367289618,304,0.288659805977357,0.708741764562854,0.0737102907633875,0.0682577010310203,0.067165878475577,-0.708899873157528,-0.789069395022145,-0.366636404107426,0.405620947740259,-0.247624934250695,-0.482225139009234,0.492235036169641,-0.247624934250695,-0.247624934250695,0.369172139307727,0.567395141489747,0.661594046442368,0.27017894152023,0.638026205590553,-0.443531827515401,0.0161216029479497,0.044324905863371,-0.265923265923267,0.727910367289618,9,0.490938931939508,-0.138816184279503,-0.137888659955262,-0.468462182282277,0.72405616073833,-0.0374666563567991,0.406575104086086,-0.122779926360542,0.107299261295685,372.0000000001,0.0638169797798846,0.0994631818284803,4424.0000000001,0.703516099952777,0.767333079632662,0.0368924915955895,-0.496091587922822,0.0270948372085142,0.169659685027861,0.522784119415984,0.549352683416747,0.0273381642012701,0.578923333154391,0.377948248581127,1.09788135976394,1.73137211738973,0.362847709993248,0.374928778850877,-0.90214796826482,1.05261247675344,0.562105955755759,0.451834062908154,-4.52365144789511e-15,-4.51494518067087e-15,-4.84823954093274e-15,0.623581877722432,1.16822899306297,-1.1802958897621,0.729800730260514,0.729800730260514,0.0501227287378736,1.06316675953723e-11,-0.945026640617094,-0.786932538214481,-0.504230516450106,-0.899163644992711,1.38553937146525,0.355943898185499,0,4424.0000000001,0.00306824694896284,0.0338242445466267,0.250141127313458,0.441738673367219,2881.70702162587,0.0625,372,2,"SNETWORK (2 16 2881.70702162587 0.250141127313458 100001210 372)",100
16,100001211,0.625602561819158,290,0.152577399052067,0.406018494492994,0.0737102907633875,0.0682577010310203,0.067165878475577,-0.659066397364752,-0.742282151285805,-0.34613982804554,0.451419750799963,-0.14298770647977,-0.471545122152256,0.542652514578467,-0.14298770647977,-0.14298770647977,0.383403678422538,0.539346219764057,0.631065702141009,0.297764425703028,0.597614435804112,-0.443531827515401,0.0161216029479497,0.044324905863371,-0.265923265923267,0.625602561819158,9,-0.358105766016675,3.30271005440085,3.40831283502123,0.996911858710135,0.624423225718345,0.847250893069289,0.452282504942298,-0.75987432359193,0.106065728298523,174.0000000001,0.0295067177434688,0.122406287048021,7057.0000000001,1.38108502529769,1.41059174294115,0.0372290026417722,-0.300325563816,-0.295114379857257,1.24334029348081,0.299392304417622,-1.48436865829118,-0.14906613296274,-0.857177946604197,0.312169833307661,-1.07312649184212,-1.71181320259043,1.30992154972688,0.784332617412231,0.131522268125823,1.94273680538167,0.555666996566874,0.441177007272325,-4.52365144789511e-15,-4.51494518067087e-15,-9.69647908186547e-15,0.341356703116442,-0.581047079513263,1.0513308050016,0.373088775762045,0.373088775762045,-0.0713089020135341,-0.0824141044239662,-0.5922263751922,-0.529166662882623,0.0700989416115147,-0.651508420596484,-0.159547894318799,-0.930095941473656,0,7057.0000000001,0.00077875520803453,0.0364502473337376,0.0361475477335463,1.02319663732341,2805.06015695918,0.0625,358,2,"SNETWORK (2 16 2805.06015695918 0.0361475477335463 100001211 358)",100
16,100001212,0.834285774118945,325,0.288659805977357,0.708741764562854,0.0737102907633875,0.0682577010310203,0.067165878475577,-0.739765008016663,-0.839773841227398,-0.414041075331717,0.372515729023119,-0.393295948100651,-0.499398019324688,0.549354142545649,-0.393295948100651,-0.393295948100651,0.356885065778155,0.582426629354397,0.672932776151154,0.258133480640921,0.65918130802229,-0.443531827515401,0.0161216029479497,0.044324905863371,-0.265923265923267,0.834285774118945,9,-0.703643773028154,-0.23642458554492,-0.234546989994956,1.06579611198335,0.829243037668716,-0.00207254773349429,0.373706369420028,-0.912382792075044,0.0456807469876694,33.0000000001,0.00241014809121058,0.0869468500334967,5351.0000000001,0.743850017965443,0.746260165956653,0.0365022896167186,-0.308560452014148,-0.390578021414606,0.296615162378717,-0.212883426543851,-0.796376187701831,0.0855490310841402,-0.855054151989853,0.388037399464343,-0.769192527466656,-1.17015299161627,0.637046143285047,0.850725768810226,0.120492471770217,2.63948355367739,0.562105955755759,0.451834062908154,-4.52365144789511e-15,-9.02989036134174e-15,-4.84823954093274e-15,0.856916774740385,-0.668100095265881,0.349961716251089,1.06238838816158,1.06238838816158,-0.117041416218362,-0.0383880134013997,-0.615081701984236,-0.435013697768905,-0.0124684669005707,-0.656593978609191,-0.702153773037957,-0.368218018945841,0,5351.0000000001,0.000117889073782085,0.0363844004429365,0.589442001639128,0.422943746184806,3003.2356592924,0.0625,393,2,"SNETWORK (2 16 3003.2356592924 0.589442001639128 100001212 393)",100
3,100001213,-0.533516044824546,51,-0.494845044588713,-0.486027089260215,-0.640656641110964,-0.630828421199535,-0.621755757978306,-0.319215506113275,-0.395080483340182,0.674679941944406,1.05062617499941,0.0737582411134333,-1.12712448236014,0.37671588410803,0.0737582411134333,0.0737582411134333,-4.85332450979918,0.250354836278932,0.278096654860603,1.33824717656524,0.042804950790389,0.0221765913757709,0.149700598802395,1.22237762237762,0.834152334152334,-0.533516044824546,7,0.901865635827762,0.985924745659426,0.992984074920787,-0.62069444495563,-0.530258852404127,1.0542215416407,1.04990477310666,-0.525024950623813,0.0671526138502643,1298.0000000001,0.139358238548101,0.213682706155168,3311.0000000001,1.13115883012065,1.27051706856875,0.0501408135478513,-0.135349594134647,2.97755807451386,0.915228548466508,0.765814417762295,-0.225798623653622,0.555810756674117,-0.194880256664193,0.944899039112655,-0.314926522930674,-0.750254858048102,-0.231535576054107,-0.444244587107199,0.187923595676328,-0.315531371947703,-0.471792152073761,-0.752292666128177,-0.897784372821835,-0.860982036160374,-0.83280147843515,-0.897948169147958,-0.638887867234916,0.265421747496625,-0.739345661508914,-0.739345661508914,0.606856888006662,-22.5321290450932,1.12170713816805,1.00039693481699,-0.38322393442147,1.33517658602909,-0.216905124127619,-0.504002965533728,0,3311.0000000001,0.0054997572325958,0.0446410562152555,0.315298759892942,0.656988648425451,1645.12611717031,0.0624998605480869,52,2,"SNETWORK (2 3 1645.12611717031 0.315298759892942 100001213 52)",100
28,100001214,0.743785883492506,252,-0.268041164135857,-0.507523118116241,-0.715996162004961,-0.715344983900652,-0.711097017555422,0.694204241177311,0.778422530959419,2.20967291786018,-0.640278394071086,-1.9015935747283,-0.25089516733432,1.1139101257274,-1.9015935747283,-1.9015935747283,-0.543881574487169,-1.14826648081874,-1.14470369288671,0.113682606177003,-1.49628158224681,0.468172484599588,-2.26546906187625,-1.53286713286713,0.194922194922195,0.743785883492506,8,-0.738054614442906,-0.353806613143902,-0.350456256972739,1.13020349499525,0.747478245549877,1.25484420821783,-0.636614024214623,0.848893912502388,0.072044870252443,6731.0000000001,0.775313630481945,0.0410872636088469,2432.0000000001,0.159759081088267,0.935072711470212,0.046695327476243,-0.481774148526267,0.594261008197072,0.870713675222136,2.22645916656253,2.07267426756642,1.04388795346758,2.26980150627415,-0.51763400296645,2.41291695357105,0.574130566526192,-0.124564232323779,-0.03898056518292,-0.161807324724011,0.222646435715713,0.121428129376516,-0.277526342387342,-0.897784372821835,-0.860982036160378,-0.83280147843515,0.906128587676395,0.730612388085383,1.4027945017933,1.13728375726131,1.13728375726131,-0.143982825423445,1.06316675953723e-11,-0.496584469481892,-0.60948807990766,0.104369658362557,-0.555036578620641,0.145488868890746,0.299110506522987,0,6731.0000000001,0.0387173354004711,0.00797799197577193,0.616382592790491,1.71490384545177,2105.49079783342,0.125,793,2,"SNETWORK (2 28 2105.49079783342 0.616382592790491 100001214 793)",100
37,100001215,0.237906326058139,63,1.29896932353205,1.22104076566898,1.45807027539656,1.42805593959054,1.43873085382348,0.10768037196905,0.0354093548978378,-0.496690881714575,0.664672270127216,-0.361354137517658,0.61203111467991,-1.06146523335949,-0.361354137517658,-0.361354137517658,-0.518546599827011,-0.55444181529839,-0.601121444541975,-0.464933352358715,-0.641716075712053,0.665297741273101,-1.69993346640053,-0.507226107226108,0.644007644007643,0.237906326058139,12,-0.874354695286923,-0.197939470758076,-0.196466065849204,1.56609562431147,0.234609348973733,-0.0500111331053037,0.66797782713793,-1.04103409095765,0.15004216731922,189.0000000001,0.18135611125402,0.106597492299734,1207.0000000001,0.822832277760638,1.00418838891466,0.0487861755170927,0.542683514945766,0.236381807804097,0.503572538082038,-0.358646770216412,-1.30943664753645,0.0299097032168276,-1.39600954407034,0.519539965759704,-1.28184879144928,-2.43029082540848,0.462986536180881,0.413950899651213,0.257483627511268,0.798845901713141,0.528207847926238,1.07109749798066,2.19258446122347,2.15155944355969,2.28302402457116,0.603588760998541,0.467976585518337,-2.20773520173487,0.702953893541412,0.702953893541412,0.0697403770193663,-0.382704198271955,-0.371281307829684,-0.2372831240877,-0.67777431686471,-0.228849123728303,-0.92810638612159,-1.14444219902871,0.00547344493579643,1207.0000000001,0.00881076812904155,0.0399754072880511,0.367042517935864,1.46878486212306,4604.30122703962,0.0312499339939208,1111,2,"SNETWORK (2 37 4604.30122703962 0.367042517935864 100001215 1111)",100
29,100001216,-0.573804437080614,132,-0.790377993358492,-0.853832397374456,-0.715996162004961,-0.715344983900652,-0.711097017555422,0.602741833385198,0.585278489091428,1.81770794174646,-0.189179913718097,1.21128442082662,-0.241731520846467,3.52929664681542,1.21128442082662,1.21128442082662,0.151258497568501,-0.727254289453771,-0.825866044312057,0.576268163466579,-1.05018937708285,1.04722792607803,-2.90419161676647,-1.63076923076923,0.553235053235053,-0.573804437080614,8,0.199648089762097,0.235533397740365,0.235077056394591,-0.271624389473311,-0.572856605050075,-0.723315940747685,-0.186699751037845,0.864663361373861,0.570197244282057,2687.0000000001,2.44955697932593,0.107874293273513,775.0000000001,0.133663993218943,2.58322097244487,0.116278159838669,-0.527403308145267,-0.00373486562496857,-0.809122696895462,-0.554246529813949,0.410621553162946,-0.859035933159482,0.405367161019705,-0.608197216104512,0.353673520516103,0.294457028261692,0.898187152716819,0.595532694596884,-0.712820746076857,0.68084202470817,-0.471792152073761,-0.752292666128179,-0.897784372821835,-0.860982036160374,-0.832801478435145,-0.301901686421909,0.639759878434539,-0.185296704432464,-0.283864927881737,-0.283864927881737,-0.0510749609003879,-0.418586619221086,-0.689483062380997,-0.650597749620935,-0.908839184677277,-0.521536718718648,1.00828064479806,0.972504850607125,0,2687.0000000001,0.110261561348681,0.00601659838998776,0.806000923235655,1.31025977898389,1436.17972765432,0.25,927,2,"SNETWORK (2 29 1436.17972765432 0.806000923235655 100001216 927)",100
37,100001217,0.362441792319304,90,1.29896932353205,1.22104076566898,1.45807027539656,1.42805593959054,1.43873085382348,0.12003435824361,0.0538569564424274,-0.516832125797613,0.625229330404355,-0.401302460924174,0.641054097222286,-1.08406021689932,-0.401302460924174,-0.401302460924174,-0.542270200648289,-0.590092219141608,-0.637841498754452,-0.50323713360892,-0.679647616313085,0.665297741273101,-1.69993346640053,-0.507226107226108,0.644007644007643,0.362441792319304,12,-0.198865263953106,0.838848824906594,0.84339513726754,0.290162867618719,0.365814047528117,0.525579577336233,0.626451965081965,0.0489145512619965,0.117625274672086,385.0000000001,0.289613259685973,0.0790168866025043,1000.0000000001,0.5053322030569,0.794945462642873,0.0321900140802409,1.12085355963542,0.468221277324655,0.301669095415826,0.654976643892809,0.525676365188845,0.247874214211752,0.467410842211483,0.609075277138771,0.464691448905843,0.866294600031721,0.181556062718923,0.117985963079207,-0.960558123697012,0.271511328563511,0.528207847926238,1.07109749798066,2.19258446122347,2.15155944355969,2.28302402457116,0.325135735168861,-0.740847594276466,0.983549533731999,0.35398111525736,0.35398111525736,0.139090961746583,1.06316675953723e-11,0.455129138215302,0.514891903767867,0.828200976612363,0.312457098684353,-0.409001890882315,-0.54011722165174,0,1000.0000000001,0.0117274144129514,0.0204625995672895,0.521952080586422,0.738493381221928,4761.55253933982,0.0312499339939208,1138,2,"SNETWORK (2 37 4761.55253933982 0.521952080586422 100001217 1138)",100
41,100001218,-0.822475635103712,19,-0.886598059773572,-0.0928456434617663,-0.0369605603324269,-0.0422694509956289,-0.0386919408759992,0.922869803423001,1.10096846881879,0.90195245300849,-0.0703582278873331,0.32379357362009,0.412973611029096,0.349551356040288,0.32379357362009,0.32379357362009,0.55561965342358,-0.277545732676696,-0.431853557183319,0.0348022273979975,-0.384113391711821,-0.720739219712526,0,-0.434965034965035,-0.700859950859951,-0.822475635103712,10,0.196479496463554,-0.283790012613927,-0.281361773587255,-0.0894572139640215,-0.823221473568709,-0.704662781271821,-0.0681705428460702,0.0511841965653649,0.0537101914163847,374.0000000001,0.12846471010883,0.0766362347059107,1402.0000000001,0.68712810311501,0.815592813123841,0.0402284304970717,-0.382171989856184,-0.249179983670107,-0.75959572552773,-0.700891858634483,0.1049756903281,-0.726964946836674,0.112969957081033,-0.400016395484697,0.308123913872185,0.297637367828111,-0.429076196915011,-0.704421503300864,-1.29836730196734,-0.301008077562607,-0.658232714974315,-1.30374704394875e-15,-1.4058558810172,-1.37829262321507,-1.40813399619979,0.412967326090334,-1.57748394900933,0.0187913128652554,0.459195687828497,0.459195687828497,-0.775148472927859,1.06316675953723e-11,-0.757512709826412,-0.619484060722326,-0.340168487383602,-0.733424492001376,-0.175340148594738,-0.389661503464216,0,1402.0000000001,0.00633641390966889,0.0338920164874029,0.019625245085606,0.220122744329274,1793.47475482606,0.0625,1225,2,"SNETWORK (2 41 1793.47475482606 0.019625245085606 100001218 1225)",100
16,100001219,0.928555877591186,344,0.288659805977357,0.708741764562854,0.0737102907633875,0.0682577010310203,0.067165878475577,-0.751732456575085,-0.88187616919274,-0.474401511021793,0.309923174786998,-0.602072795788471,-0.483175182768939,0.731426792761691,-0.602072795788471,-0.602072795788471,0.330670294249616,0.64356059379758,0.736629075860044,0.35450260446588,0.718611665820315,-0.443531827515401,0.0161216029479497,0.044324905863371,-0.265923265923267,0.928555877591186,9,0.685592498424177,-0.974995014291929,-0.957652762943742,-0.247927458780933,0.923860041655489,0.309614977306654,0.312489727106716,-0.147017431023583,4.69412674986274,1844.0000000001,13.8392419922195,0.372469899161443,961.0000000001,0.572283393264211,14.4115253853837,0.803358097448457,0.0496303258464067,1.04083107235582,0.252926772574419,0.181354498198067,-0.107951960675011,0.557480586420832,-0.133402679396788,0.581614312092704,-0.174941360970101,-0.239946160782822,0.821548404788945,0.68603846918346,-0.805486648356496,1.36583959102943,0.562105955755759,0.451834062908154,-4.52365144789511e-15,0,-4.84823954093274e-15,0.3829958789226,-1.26587825986731,0.731126628410324,0.422806203336929,0.422806203336929,0.0704883034608776,-0.0254939230354109,-0.52546998139097,-0.510211793259201,-0.218222756833753,-0.50874116569544,-1.33656165254458,-2.63297512611068,0,1844.0000000001,0.77145665141644,0.031901445932017,0.88915873141839,0.0799175780266523,3110.58629883417,0.0625,412,2,"SNETWORK (2 16 3110.58629883417 0.88915873141839 100001219 412)",100
17,100001220,-0.901860285556012,42,-0.711340194022643,-0.147031598306002,-0.358045591966192,-0.357303355798844,-0.355675841278248,-0.03295681510519,-0.0283553417604214,0.355282787294715,1.34352503981864,0.665203643668419,0.0518815919575201,-0.0846512168922142,0.665203643668419,0.665203643668419,0.510508562348358,0.00510760500087353,-0.000493656473880646,-0.476504303872079,0.0658349986153565,-0.596303901437372,0.141716566866268,0,-0.395577395577396,-0.901860285556012,9,0.748262877213085,-0.153713727552461,-0.152657197855515,-0.593180842252702,-0.894936408619545,0.240509210909805,1.34206661207896,0.185865431832405,0.376376836086821,297.0000000001,0.178721133902876,0.164151285696462,1930.0000000001,0.506521835590177,0.685242969393053,0.0330323343718845,0.510295282237145,0.454623268634083,0.0540104230912885,0.639120710305161,0.885257722008622,0.281356857265252,0.935630236584885,0.917435515001434,0.865829928393771,2.4282782256492,1.03510819683405,0.764767529148112,0.209745073640128,1.20357933652009,-0.341746159465727,-0.538934222429129,-1.4058558810172,-1.37829262321506,-1.40813399619979,-0.302216935694772,0.557540265982724,-0.251068822565222,-0.284140908840508,-0.284140908840508,-0.0508315552162175,-0.0313517429940026,-0.522251962618535,-0.613596086833597,-1.11682203923897,-0.288133459923496,0.614232486220532,0.786965810967816,0,1930.0000000001,0.00861530361897381,0.0244170306529107,0.141560973945424,0.880047559738159,1362.703815028,0.125,461,2,"SNETWORK (2 17 1362.703815028 0.141560973945424 100001220 461)",100
17,100001221,-0.958324799009846,28,-0.711340194022643,-0.147031598306002,-0.358045591966192,-0.357303355798844,-0.355675841278248,-0.0348319220993218,-0.0330062943345836,0.349145778967244,1.36031879099505,0.647699768774533,0.0466519814618062,-0.084946536509804,0.647699768774533,0.647699768774533,0.5130224009944,0.0223167641864309,0.0147199521061072,-0.495666946647158,0.0910370479516012,-0.596303901437372,0.141716566866268,0,-0.395577395577396,-0.958324799009846,9,0.514801299270178,-0.696718384845343,-0.686955692492606,-0.48296570561304,-0.956671261197074,0.395690992580775,1.35916673829418,-1.53425469484048,0.300399248525611,2037.0000000001,0.978332419919773,0.402311057134432,1473.0000000001,0.947460886478969,1.92579330629874,0.102182373776585,-0.285398076784137,-0.283354639287928,0.278257382449129,0.361787992016804,0.129269164727678,0.552993615373283,0.149390960050282,1.05466103776938,0.1171507923983,0.333118843233707,-0.201052320982739,-0.155909198288584,0.315119889340676,-0.2021303832833,-0.675181930528773,-0.587156310063934,-1.4058558810172,-1.37829262321507,-1.40813399619979,-0.677770417502595,-0.991554927204737,-0.104087682545298,-0.58566465660069,-0.58566465660069,0.697340961536907,1.06316675953723e-11,0.218940419472136,0.122267727324247,-0.969375280415306,0.488031057033017,-0.0393747735604821,-0.861832703223574,2.7860614081179e-13,2037.0000000001,0.0519102068639264,0.0502721668126584,0.0940101058018064,0.750435347110734,1283.52562258794,0.125,447,2,"SNETWORK (2 17 1283.52562258794 0.0940101058018064 100001221 447)",100
41,100001222,-0.354403494934716,128,-0.886598059773572,-0.0928456434617663,0.315622755524543,0.310024668600395,0.31737100022456,0.969021511139048,0.998291985088946,0.207076749696839,-0.281568223102293,0.77944299253935,0.54246667939912,0.417168632797762,0.77944299253935,0.77944299253935,0.506258409335095,-0.718441783173428,-0.837061415887504,-0.165115835246056,-0.903357544779093,-0.720739219712526,0,-0.434965034965035,-0.700859950859951,-0.354403494934716,10,0.206133319203313,3.44382872304775,3.55863268686889,0.121970313669255,-0.35359474322266,-0.443866578475347,-0.278589556256249,-0.0727074224889562,0.106741862292288,2452.0000000001,1.6738278142917,0.0604371479205542,411.0000000001,0.158855158487177,1.83268297267888,0.0472052524658489,2.07892583899896,2.3590504242609,-0.478270506790383,-0.428689416673201,0.0791578769386238,-1.12651017580862,0.0469991678507892,-0.904714090031041,0.235181114462647,0.175524056815968,0.157596284523189,0.141793953676432,-0.952217899715044,-0.136215671765669,-0.658232714974314,-1.30374704394875e-15,0.102215627178161,0.139017963839613,0.167198521564845,-0.821781301267591,0.288413147745145,-0.570594780144019,-0.687960909172573,-0.687960909172573,1.87707527127834,1.06316675953723e-11,0.386937231172303,0.274107593131177,0.385337388502695,0.344757387003768,0.36937239173413,0.669594663231865,0,2452.0000000001,0.0431135474973677,0.0040917048684812,0.381602899041741,0.16012870502891,2408.79829722804,0.0625,1334,2,"SNETWORK (2 41 2408.79829722804 0.381602899041741 100001222 1334)",100
43,100001223,-0.193649660409677,69,0.12371145778112,0.869954874556633,0.545150200838989,0.54037036033024,0.554967563992924,-0.122210130877123,-0.116579388060416,-0.477818653371936,-0.280490266261387,-0.547932322626062,0.608477358702203,-0.689838926378296,-0.547932322626062,-0.547932322626062,0.267658826358036,0.603636904438936,0.409938057278463,-0.0448642688951839,0.741389627183467,-1.14579055441478,2.23053892215569,2.01958041958041,-0.227886977886978,-0.193649660409677,11,0.194961791106372,0.584443856237217,0.585823344616741,-0.196290787091828,-0.190749168295231,0.777430217239081,-0.277659152563586,0.164725741342881,0.0809550770627094,1e-10,1e-10,0.0497862076765928,3.0000000001,0.147196934382626,0.147196934382626,0.0062321180414442,2.75234210877909,1.35504768784625,0.982041602899269,0.489254673920654,-0.708391719140658,0.488455035565566,-0.657672762650898,0.0138153346726552,-0.922555127630834,-0.604795734952011,-2.15579945581047,-2.00751024004054,-1.45652914907248,-0.460730553781487,-0.353148128111646,0.538992472803682,0.102215627178161,0.139017963839617,0.167198521564845,0.78501277648322,1.42735841449648,-0.955915086058101,0.956007849822236,0.956007849822236,5.45262263101929,1.06316675953723e-11,1.25911909051012,1.29964402511112,0.968761287325612,1.15906442603393,-2.20163270582265,-2.84808124851774,0,3.0000000001,0,0.0062321179414442,0.2746861890537,2.26097548778921,3198.25014229956,0.0312500660060792,1540,2,"SNETWORK (2 43 3198.25014229956 0.2746861890537 100001223 1540)",100
17,100001224,-0.918927737356613,38,-0.711340194022643,-0.147031598306002,-0.358045591966192,-0.357303355798844,-0.355675841278248,-0.031785902711434,-0.0288051682560273,0.3546618703669,1.35059298965207,0.662666990391445,0.0532658572866789,-0.0864538477522162,0.662666990391445,0.662666990391445,0.511375424502881,0.0123991914251728,0.00607127847842878,-0.483675833682286,0.0763386838771341,-0.596303901437372,0.141716566866268,0,-0.395577395577396,-0.918927737356613,9,0.713721963600981,0.0136684632650777,0.0136037717023333,-0.576257960769134,-0.916201337817562,0.449229088848789,1.34935452301354,-1.17327242444418,0.312073091092901,2716.0000000001,1.35513531361739,0.325066457252838,2024.0000000001,1.05191159134716,2.40704690486454,0.112660496049236,0.276839448522539,0.409905574150272,0.489136566116251,0.117996181846638,-0.566580052250094,0.405412750397578,-0.582016073076377,0.98055308250383,-0.650692997316697,-1.80540196579725,0.423892948108671,-0.0841836846126093,0.210202064714087,-0.144740581100585,-0.675181930528773,-0.587156310063936,-1.4058558810172,-1.37829262321507,-1.40813399619979,-0.763242268606643,-0.830776417032425,0.165636410089181,-0.647206896754237,-0.647206896754237,-1.00339323629154,1.06316675953723e-11,-0.0185506000656079,-0.0477100376645663,-0.912805523150173,0.214255002846918,-1.27421418924523,-1.05336858883293,0,2716.0000000001,0.0634263570838584,0.0492341388653773,0.127424192409435,0.951672687458495,1339.16429087969,0.125,457,2,"SNETWORK (2 17 1339.16429087969 0.127424192409435 100001224 457)",100
13,100001225,0.903449533019635,320,0,-0.0695595240108285,-0.110963835372034,-0.110383201657025,-0.109843962764069,-0.955726454572729,-1.15382154681157,-0.454448989148479,-0.347347780172397,-1.54194118551441,-1.63156926098325,-0.0887157262363495,-1.54194118551441,-1.54194118551441,-2.89789957778394,0.605738477544908,0.844559147165979,1.76316190660181,0.413053833077643,1.07186858316222,-1.64670658682635,0.299300699300701,1.38452088452089,0.903449533019635,7,-0.269181967434895,-1.49509244533272,-1.45763202918031,0.0606743812064793,0.897912853939394,-0.223043697603539,-0.3442531361541,-0.655649569500023,0.116090971607312,788.0000000001,0.146258022692262,0.0468354961903525,38.0000000001,0.00284546842625036,0.149103491018512,0.00911795636839703,0.174838524597646,0.849753017836929,-0.0754895811122882,-0.419533096688063,-0.51438682195738,0.177343975491136,-0.692076767049659,-0.233871585605118,-1.0176286024697,-0.618508598814744,1.23407186048342,0.983357524098062,-0.585161760069744,1.82980285795475,0.223123099423871,0.103212322371743,0.000249232758283398,0.0181036965450472,0.0599527237297708,-0.0273997979635637,-1.2663200245499,-0.823548262992736,-0.0274469911757967,-0.0274469911757967,-0.172012231145044,-0.979396335402056,-0.671327488808785,-0.51266210083139,-0.0195471550339509,-0.716486878639197,-0.873734339728926,-1.27786506281623,0,788.0000000001,0.00894395057877814,0.00017400568961889,0.340351626949886,0.46357647706548,3191.42521977485,0.0156249651370217,320,2,"SNETWORK (2 13 3191.42521977485 0.340351626949886 100001225 320)",100
41,100001226,0.511089529638772,253,0.680412427894334,0.334368660703197,0.315622755524543,0.310024668600395,0.31737100022456,0.953444823772795,0.831337912919325,-0.628654401216116,-0.657398707207721,0.300784271858185,0.552633395580801,1.98957358479088,0.300784271858185,0.300784271858185,0.270374542090633,-0.495425136849221,-0.622745216302949,-0.0418917488393413,-0.64475609275834,-0.720739219712526,0,-0.434965034965035,-0.700859950859951,0.511089529638772,10,-0.169699904231878,-1.03770640203921,-1.01835461614692,-0.00293314564240744,0.511400752830537,0.606179294401055,-0.627014429550948,-0.12136965354978,0.0601905577473357,1553.0000000001,0.597799244830646,0.0700850556009243,216.0000000001,0.0968132306029813,0.694612475333628,0.0391543009143418,1.54221008971521,0.570957924638762,0.562321382062572,1.00271418120676,0.645369608294094,0.809767003333433,0.796530720164991,-0.587154348186442,1.0374589980653,0.365451609698337,-0.466197059534864,-0.503822723777197,-1.27016545689302,-0.24707325513675,0.562105955755759,0.451834062908154,0.102215627178161,0.139017963839617,0.167198521564845,0.199066203809606,-0.762833478079568,0.797089376085794,0.210310775372159,0.210310775372159,0.554332246619091,1.06316675953723e-11,0.136148454435468,0.194464793627919,0.883518953814418,-0.0502678307681933,0.241747291477305,0.830448392401226,0,1553.0000000001,0.0336970790035084,0.00545722181083342,0.791780732099183,0.540114068426192,3106.05702160848,0.0625,1459,2,"SNETWORK (2 41 3106.05702160848 0.791780732099183 100001226 1459)",100
3,100001227,0.249614714473562,219,0,-0.0695595240108285,-0.467885001197052,-0.45962963966976,-0.447550990366083,-0.464409506562661,-0.543095160093339,0.375703457748023,0.418051468281536,-0.934031800554227,-1.32457365920408,-0.41184193284285,-0.934031800554227,-0.934031800554227,-5.11796371445761,0.314633412967094,0.419553458978887,1.4551057708301,0.102446885597665,0.0739219712525668,-0.0898203592814364,1.0005994005994,0.837837837837838,0.249614714473562,7,-0.0229676963716464,-0.828301814093748,-0.815225121153274,0.238096095595708,0.247450229720056,-0.200966443766066,0.419041307209648,-0.103878386609064,0.0917733623248033,2756.0000000001,0.404381138457964,0.0897897783251371,2392.0000000001,0.343386414230127,0.747767552588092,0.0406125922891463,0.00319863002426815,1.02924764227826,0.00987740103496363,-0.28146534118222,-0.436031192444967,0.0323362542902976,-0.520706054613394,0.387862588608251,0.734340458195421,1.32812125274644,2.01296808017741,1.45623356639904,0.126551677876221,4.63753098368451,0.223123099423871,0.103212322371746,-0.820809539210519,-0.771092664617624,-0.731699632604042,0.0411848770870029,-1.08708922105429,-0.0571540684759724,0.0419207576494502,0.0419207576494502,-0.167355104376519,-0.871287452265889,-0.828112319119415,-0.759705491925845,-0.359435979410228,-0.806093934590443,-0.723205095222272,-1.24737488344026,0,2756.0000000001,0.0219626623360022,0.0186499298531441,0.989658320822457,1.51318688144313,2617.48565390066,0.0624998605480869,220,2,"SNETWORK (2 3 2617.48565390066 0.989658320822457 100001227 220)",100
43,100001228,0.31937444117311,159,0.12371145778112,0.869954874556633,0.965149594579297,0.947078472655203,0.966783102940535,0.130104061805231,0.067123401540504,-0.467044011373547,-0.510698305884238,-0.113463769612298,0.824296928262482,-0.280156812805245,-0.113463769612298,-0.113463769612298,0.0638655468608413,0.605127631453503,0.459802009725786,-0.431725293093533,0.814090580590878,0.147843942505134,-0.958083832335329,-0.581818181818182,-0.163390663390663,0.31937444117311,11,-0.442063403933542,-0.239641598005225,-0.237728463955745,0.555652767611401,0.318966866672872,0.63389801121563,-0.507292434777495,-0.22464360635321,0.0407786266015602,5.0000000001,0.200942158496362,0.0539075092481209,5.0000000001,0.265636490862645,0.466578649259008,0.0228350096478051,0.201431533420369,1.0540482207613,0.531720491242888,0.213339847345073,-0.48151699770351,0.610339568783573,-0.517514492210025,-0.328647399798331,-0.487733915047215,-0.192988895766877,0.405702994038892,0.149640394626421,0.0228873238027607,0.111327438110002,-0.353148128111646,0.538992472803681,2.19258446122347,2.15155944355969,2.28302402457116,-0.383396484280124,-0.146306677158332,0.626367669039757,-0.353872562232408,-0.353872562232408,0.16011509133473,1.06316675953723e-11,-0.619741277711079,-0.683809268852933,-0.298811713522291,-0.59252262397858,0.0636584607193228,-0.239510622307379,0.00824366742515611,5.0000000001,0.00983438936566887,0.0130006201821362,0.621125467377724,1.30777437072025,3703.59032945724,0.0312500660060792,1628,2,"SNETWORK (2 43 3703.59032945724 0.621125467377724 100001228 1628)",100
16,100001229,0.910196566840029,341,0.288659805977357,0.708741764562854,0.0737102907633875,0.0682577010310203,0.067165878475577,-0.757376307156372,-0.88188555272963,-0.462935534511646,0.324938977513337,-0.573366546608753,-0.493468308763143,0.722452720401333,-0.573366546608753,-0.573366546608753,0.334617662708756,0.638630856165305,0.730768353093467,0.345727075066663,0.714002756184497,-0.443531827515401,0.0161216029479497,0.044324905863371,-0.265923265923267,0.910196566840029,9,-1.08917694024371,0.146649443057304,0.146201956763096,2.53360840020268,0.908883059432463,0.357475520314275,0.326739832286064,-0.0759851120898308,1.65064682205216,891.0000000001,2.35141042168397,0.0909011632535176,1604.0000000001,0.2331150856784,2.58452550726237,0.118169304901839,0.971759289856866,0.745519646998518,0.52565976571358,0.325296905812583,-0.301543186829779,0.299117563755027,-0.302606845674997,0.465809689652038,-0.198591982704659,-0.263568067226689,0.520099227138797,0.688005724205043,0.113927897055015,1.38035725841167,0.562105955755759,0.451834062908153,-1.35709543436853e-14,-4.51494518067087e-15,-9.69647908186547e-15,0.428390238454554,-1.2379365669964,0.72022420596362,0.478120748159868,0.478120748159868,-0.13124565332821,1.06316675953723e-11,-0.363355170386681,-0.301634016125553,0.183617490058314,-0.428262837808245,-1.3448750948114,-2.47575730721473,0,1604.0000000001,0.107510850271102,0.0106584545307372,0.83630458045665,1.60010123958271,3091.65533387817,0.0625,409,2,"SNETWORK (2 16 3091.65533387817 0.83630458045665 100001229 409)",100
28,100001230,0.44668866786228,234,-0.268041164135857,-0.507523118116241,-0.715996162004961,-0.715344983900652,-0.711097017555422,0.706647789141895,0.800749515678487,1.98472526710659,-0.604075372314651,-1.35889075834122,-0.466024692205294,1.79321668997355,-1.35889075834122,-1.35889075834122,-0.351661785305886,-1.07148898840452,-1.08041208254797,0.381419506040313,-1.44850018031414,0.468172484599588,-2.26546906187625,-1.53286713286713,0.194922194922195,0.44668866786228,8,-0.741680194548555,1.94662976628921,1.98172935188659,1.64580850972366,0.45251801662281,1.05214393667006,-0.597942707037441,0.184292376487707,0.0937045043881776,12396.0000000001,1.85710646012388,0.0686187519530141,2029.0000000001,0.222597164052078,2.07970362407596,0.0694201856246515,2.40830672147704,-0.0456175081603778,1.46328083912459,0.972025613636029,-0.736651590795492,0.303184475982567,-0.538054422424493,-0.725829645825571,-0.601206912626451,-0.156583690692345,-0.0279967172795404,-0.0335765780712666,-0.0306376856039747,0.334438101561775,0.121428129376515,-0.277526342387341,-0.89778437282183,-0.860982036160378,-0.83280147843515,0.884572872064292,-0.291269734371038,1.76557709677096,1.10426611537064,1.10426611537064,-0.212041287065434,1.06316675953723e-11,-0.407361000709744,-0.577150753053351,0.364830797468698,-0.520237119722218,0.324894794837071,0.177842295131026,1.80951632611251e-13,12396.0000000001,0.0619899265970491,0.00743025892760246,0.486367857594205,0.382496702547188,2002.27439808672,0.125,775,2,"SNETWORK (2 28 2002.27439808672 0.486367857594205 100001230 775)",100
3,100001231,0.210319601882256,212,-0.226804037760009,-0.273941878615531,-0.467885001197052,-0.45962963966976,-0.447550990366083,-0.416457167953581,-0.487655196851005,0.50666560062913,0.487610677668983,-0.877282498776013,-1.23131868875982,-0.646731306685264,-0.877282498776013,-0.877282498776013,-4.88651116415297,0.235718411883907,0.330855874946357,1.28958110772527,0.0332606146977833,0.0739219712525668,-0.0898203592814364,1.0005994005994,0.837837837837838,0.210319601882256,7,-0.0229676963716464,0.988686633311002,0.995797856184441,0.0775393876498167,0.212661231438698,0.997356587888992,0.492739232122904,0.321320138710649,0.18648334171295,5894.0000000001,1.75729716606476,0.124363298767756,3466.0000000001,0.689153277237178,2.44645044320194,0.0965022827991863,0.678670265862379,-0.0569429705766702,0.281941609421269,0.850973137603838,0.863855355790646,0.520804184399292,0.748082427477542,0.671394213991183,0.534634444663319,0.923922349656927,1.94616539234634,1.40252236528949,-0.315646064066302,4.37178451955243,0.0313897261879626,-0.162730022491149,-0.751834212897414,-0.690544926566661,-0.641104661755904,-0.14254372478378,0.419990836356006,-0.839510603669348,-0.139021735188323,-0.139021735188323,-0.0304443905948786,-0.696420138287883,-1.07538731133993,-0.990401367745415,-0.797735637491614,-0.971035281497957,0.445836991643485,0.524049480881878,0,5894.0000000001,0.0693180556240453,0.027184227075141,0.961004734834622,0.446782622777391,2576.17002762202,0.0624998605480869,213,2,"SNETWORK (2 3 2576.17002762202 0.961004734834622 100001231 213)",100
17,100001232,-0.719772940400675,88,-0.254295665086778,0.276450920905401,-0.358045591966192,-0.357303355798844,-0.355675841278248,-0.0958204495119761,-0.0829734676989946,0.242811234811772,1.20555109976543,0.662530923742155,-0.00742522850532592,-0.0498302489673444,0.662530923742155,0.662530923742155,0.495599760809279,-0.00641177145026088,0.000424733209996054,-0.422271757345657,0.0413836547431376,-0.596303901437372,0.141716566866268,0,-0.395577395577396,-0.719772940400675,9,1.35231570956351,0.853389048535748,0.858161782427892,-0.736222083189397,-0.709678548134068,1.0015671975645,1.20581298734983,1.23162428947433,0.372345766506849,5216.0000000001,3.10513565135045,0.134000128307926,1074.0000000001,0.230094411131122,3.33523006238157,0.134711462842089,0.961024708025054,0.56898868886041,-0.467750374570249,0.884467847878374,2.02669535996478,0.559431619333842,1.79615564598469,1.0047518863104,1.83782027051294,4.79235537722724,-0.121338832380889,-0.174896052272421,0.199506323842045,-0.2273703046178,-0.658232714974315,-1.30374704394875e-15,-1.4058558810172,-1.37829262321507,-1.40813399619979,-0.904246092139015,-0.718592617999956,-0.106888710993,-0.743513171297657,-0.743513171297657,0.421791178441625,1.06316675953723e-11,0.331214005199385,0.110113445699049,-0.0147870381676907,0.431303235103389,0.468916972164905,0.200699447040912,0,5216.0000000001,0.125417844580835,0.00929361816125451,0.302329262900643,0.0975313875824213,1630.40329178011,0.125,507,2,"SNETWORK (2 17 1630.40329178011 0.302329262900643 100001232 507)",100
37,100001233,0.575093079549359,135,1.29896932353205,1.22104076566898,1.45807027539656,1.42805593959054,1.43873085382348,0.20630017034376,0.13457190445573,-0.47509267906559,0.503459515766064,-0.49610808168264,0.693194184537097,-1.10408042708855,-0.49610808168264,-0.49610808168264,-0.58639774628412,-0.707000673975517,-0.766493463199329,-0.67906817622919,-0.794847240895634,1.28439425051335,-2.76197604790419,-0.927972027972028,1.1480343980344,0.575093079549359,12,1.22035475343819,0.98969177918661,0.996821930688957,-0.717132942572012,0.570694394515834,-0.107529849695751,0.504189078538437,-0.280804089711142,0.0476377209234993,141.0000000001,0.0429563280661983,0.17815264938428,2378.0000000001,2.70932557923802,2.75228190720421,0.108546983802558,2.55497183415471,2.90013496270054,-0.153341773197209,-0.947429198548172,-1.09392272177608,-0.309512866830926,-0.945794921626415,0.254262437804221,-0.991035790296168,-1.68292608993879,0.511134750372775,0.279987203159571,0.240062185946844,0.550852631608563,0.528207847926239,1.07109749798066,2.19258446122348,2.15155944355969,2.28302402457116,0.385381359498906,0.567044912917206,-2.0252158880954,0.425683879549149,0.425683879549149,-0.508240770327639,-1.63229912115437,-0.718247127966656,-0.591190553182878,-0.786421800103256,-0.582613914153653,-0.409143135967445,-1.38314537023627,0,2378.0000000001,0.00169415052274734,0.10685283317981,0.799814148758602,1.73847092408687,5043.61501573507,0.0312499339939208,1183,2,"SNETWORK (2 37 5043.61501573507 0.799814148758602 100001233 1183)",100
41,100001234,0.188588580923932,212,-0.419244275461604,0,0.315622755524543,0.310024668600395,0.31737100022456,1.01294266240127,0.910681797378149,-0.376967933999477,-0.470487340810494,0.679763892373672,0.750870735723385,0.205036886291529,0.679763892373672,0.679763892373672,0.424973704063151,-0.699475203278675,-0.827671485500248,-0.370899649833182,-0.841774793133661,-0.720739219712526,0,-0.434965034965035,-0.700859950859951,0.188588580923932,10,-0.436260318961806,-0.282912045009489,-0.280494548325405,0.492515674313973,0.187242582304861,0.730229183930594,-0.466108876835361,-0.991832888236207,0.198730912510526,1141.0000000001,1.45012890817472,0.0506821450907774,181.0000000001,0.0586663544639725,1.50879526253869,0.0744085281608556,-1.03022600279186,-0.788160884489994,1.29662867694962,0.403699277857654,-1.44234380798987,0.69026592751357,-1.56095860108579,-0.201085580885415,-1.32275122078888,-0.585533416693641,0.502861893711095,0.296264778134167,0.0406689581302744,0.563991683289771,0.104478913822056,0.495413267855919,0.102215627178161,0.139017963839617,0.16719852156484,0.373434341484099,0.781523472068621,-1.75354199595086,0.411303972625762,0.411303972625762,-0.181904039312514,1.06316675953723e-11,-1.15146568861043,-1.03076365090765,-1.35749715546233,-0.919132521761623,0.864238600410142,0.264546362899409,0,1141.0000000001,0.0715153077654365,0.00289322029541906,0.658278516083809,1.42327470176876,2879.11744238503,0.0625,1418,2,"SNETWORK (2 41 2879.11744238503 0.658278516083809 100001234 1418)",100
37,100001235,0.600000172801592,141,1.29896932353205,1.22104076566898,1.45807027539656,1.42805593959054,1.43873085382348,0.215551205971115,0.143784212610686,-0.464093415136079,0.498396293521752,-0.507126514762327,0.69255146126189,-1.07071490507612,-0.507126514762327,-0.507126514762327,-0.58444405441999,-0.71300899319829,-0.774198860386768,-0.682849604181854,-0.801729394916077,1.28439425051335,-2.76197604790419,-0.927972027972028,1.1480343980344,0.600000172801592,12,1.29940258074706,-0.136917962193557,-0.136006463138875,-0.749699863918103,0.597508375926712,-0.390662719608009,0.499279201029023,0.939942355126136,2.22123061893308,126.0000000001,1.78986905035279,0.312553883712095,489.0000000001,0.977441604354259,2.76731065460705,0.133004598133745,1.14555697263887,0.186068288101676,-0.284010859517241,-0.435907511338083,-0.220623059460737,-0.347678304346371,-0.233062804994818,0.230418783232958,0.62001887075793,1.05156005486535,-0.536338392959023,-0.348566580661291,-1.22014954296954,-0.289945389937231,0.528207847926239,1.07109749798066,2.49128335350511,2.43190516496891,2.56892317405732,-0.805487748351293,0.0608973186788134,0.371865455631703,-0.676729291874397,-0.676729291874397,-0.287530360799461,1.06316675953723e-11,1.12275238738983,1.2341202954275,1.67170785524899,0.839891892321567,-1.68723528708323,0.140000396883102,0,489.0000000001,0.0860260531914582,0.0469785448422863,0.837663752560065,2.04554904421093,5082.03678754814,0.0312499339939208,1189,2,"SNETWORK (2 37 5082.03678754814 0.837663752560065 100001235 1189)",100
17,100001236,-0.439643848604575,144,0.152577399052067,0.406018494492994,-0.358045591966192,-0.357303355798844,-0.355675841278248,-0.177414613418482,-0.169370739423946,0.152092032906991,1.07985044671711,0.62378947562394,-0.0669822524989131,-0.0819514366797068,0.62378947562394,0.62378947562394,0.471753755889059,-0.0297330273697131,-0.00286298003148041,-0.34427535975635,-0.00229764145661396,-0.33264887063655,-0.333618477331052,-0.204195804195803,-0.181818181818182,-0.439643848604575,9,0.725229014389918,1.3951715476718,1.4117676597223,-0.498484888224837,-0.439282928202931,-0.389717820821571,1.07905340094971,0.233497434202134,0.193083009269351,7917.0000000001,2.44400043095054,0.124487681690166,1587.0000000001,0.31586381782516,2.7598642486757,0.101406480284309,-0.138321303388199,-0.0538150232517146,-0.625813295256102,0.182300685612472,1.25991767553712,-0.681669677525013,1.01642945204029,0.300640701028461,0.814005951897792,2.00700875745735,0.414740880634164,0.460633871128122,-0.97100195936504,1.18167904138379,0.121428129376515,-0.277526342387341,-1.4058558810172,-1.37829262321507,-1.40813399619979,0.663039260611665,0.622996401181089,-0.324411642880987,0.783525773752837,0.783525773752837,-0.190805804699661,1.06316675953723e-11,-0.00687380236459209,0.00478883251862211,-0.508833034862831,0.129452627207117,1.36077138506798,0.370893430860022,0,7917.0000000001,0.0898006057324705,0.0116058744518383,0.500966856679465,0.0744026638567448,1961.1599370331,0.125,563,2,"SNETWORK (2 17 1961.1599370331 0.500966856679465 100001236 563)",100
3,100001237,-0.675019634919837,16,-0.494845044588713,-0.486027089260215,-0.640656641110964,-0.630828421199535,-0.621755757978306,-0.305236841157633,-0.391897939539488,0.666711084792079,1.19426505794585,-0.00073968456482963,-1.15027365194371,0.384085421290552,-0.00073968456482963,-0.00073968456482963,-4.8652375028254,0.267135094642949,0.263587622629962,1.13873196978694,0.100480807533469,0.0221765913757709,0.149700598802395,1.22237762237762,0.834152334152334,-0.675019634919837,7,0.218637950699825,0.895749129683028,0.901209142018825,-0.186383179493666,-0.668610447704336,0.985659658111804,1.20076890250063,0.0292342301919959,1.51717578337935,1797.0000000001,4.35892115510328,0.0472658296210244,720.0000000001,0.0544095101325795,4.41333066513586,0.176940163762664,1.79061091962679,0.163305001114747,1.60307315029784,0.244133315282597,-0.259828351992416,0.538401210443131,-0.129278472501758,0.992940462013146,0,-0.000117896751581071,-0.569097000270361,-0.630867550134109,-1.07628873789994,-0.283491217655284,-0.471792152073762,-0.75229266612818,-1.48074956831335,-1.423857898781,-1.44749212629168,-0.329716081387978,-0.455098110096802,0.0966036378412645,-0.30805893945677,-0.30805893945677,4.30268032639132,-23.2615615434564,0.939625156475537,0.790390352951922,-0.442554398742733,1.15008635338877,-1.59894056059589,-0.29037377204077,0,1797.0000000001,0.174758766359661,0.00218139730300307,0.165352611284859,1.01277137116995,1428.91865746722,0.0624998605480869,17,2,"SNETWORK (2 3 1428.91865746722 0.165352611284859 100001237 17)",100
13,100001238,0.609625295016466,277,0,-0.0695595240108285,-0.467885001197052,-0.45962963966976,-0.447550990366083,-0.846144233130539,-0.998519628828546,-0.413212963709525,-0.174839912826099,-1.06884788119853,-1.75910562889688,-0.298490820100759,-1.06884788119853,-1.06884788119853,-2.91140518551312,0.403316739826558,0.623344962956476,1.52965648313126,0.200603840644402,0.184804928131415,-0.778443113772456,0.103496503496504,0.51023751023751,0.609625295016466,7,-0.432327445399523,-0.0997334188021647,-0.0991170820545083,0.516319165113014,0.608336456613314,0.833559113111172,-0.172316946466351,-0.486012567095289,0.0529395098693524,1560.0000000001,0.132038185763085,0.0998879134265789,1198.0000000001,0.191321947684848,0.323360133347933,0.0154400560479337,-0.275454415761008,-0.285939551037603,0.328090626703937,0.672620978215025,0.534830821621868,0.71037130859632,0.559775786566121,0.247707239097225,0.219032068941329,0.184356870952264,-0.390547728458552,-0.318021430622234,-1.22446555544615,-0.0128999040596012,0.223123099423871,0.103212322371743,0.000480866141914464,0.0349290148369488,0.115671933158067,0.711398056128865,-0.318601221689257,0.284063032891497,0.850736114328085,0.850736114328085,0.908265815242671,-18.3945999026979,0.520909320085323,0.525956825089751,0.486697230288291,0.467002748889298,-0.193063746329437,0.182578491553254,0,1560.0000000001,0.00630466394674126,0.00913539200119245,0.0442152693994443,0.281572981737554,2949.24934705234,0.0156249651370217,277,2,"SNETWORK (2 13 2949.24934705234 0.0442152693994443 100001238 277)",100
41,100001239,-0.556439001380585,86,-0.886598059773572,-0.0928456434617663,0.315622755524543,0.310024668600395,0.31737100022456,0.986741779335519,1.1408199361995,0.633381340849461,-0.181209382911285,0.587441488544399,0.528311719948084,0.310429707706394,0.587441488544399,0.587441488544399,0.531425773822325,-0.52012894605256,-0.652859744652283,0.0284644378013745,-0.688779129602021,-0.720739219712526,0,-0.434965034965035,-0.700859950859951,-0.556439001380585,10,-0.539336871656746,1.34584618553796,1.36109861893542,0.996805216284751,-0.552200607711672,0.530124884161253,-0.178686517289374,-0.732329307684174,0.190000180180221,1195.0000000001,1.45203624525524,0.0980460630238586,341.0000000001,0.213815939431545,1.66585218458679,0.06173770564022,-0.24321783471488,-0.709726320837349,0.122870117255114,0.873218036136034,1.17881467218429,0.122862118889185,0.959229892349725,-0.0442870538688381,0.601971090978522,0.497000699129939,-0.117716905505372,-0.26184731776424,0.0269585557805815,-0.148201187860304,-0.658232714974314,-1.30374704394875e-15,0.102215627178161,0.139017963839622,0.16719852156485,-0.276014919127192,0.378899974617826,-0.115599085053904,-0.26106341250638,-0.26106341250638,1.43232741531493,-0.731094272655542,0.499941103543431,0.541797625995936,0.12042593195365,0.532521303843284,0.527428963117913,0.474502949157201,0,1195.0000000001,0.0538135297788974,0.00792417576132255,0.239324876932884,0.25476564397375,2166.94078029806,0.0625,1292,2,"SNETWORK (2 41 2166.94078029806 0.239324876932884 100001239 1292)",100
43,100001240,0.089754831646809,114,0.12371145778112,0.869954874556633,0.965149594579297,0.947078472655203,0.966783102940535,0.0121050537837435,0.0120677002530015,-0.464534919702301,-0.349629178311146,-0.327325007303643,0.791063052258076,-0.868260673003703,-0.327325007303643,-0.327325007303643,0.250544967290255,0.460195134513073,0.270502003148482,-0.408150252282684,0.627054455471674,-1.14579055441478,2.23053892215569,2.01958041958041,-0.227886977886978,0.089754831646809,11,0.642850685283137,0.686742489224898,0.689213406458304,-0.498722101247491,0.0888136607943049,-0.380872483173265,-0.346712598751721,0.602395087138752,0.0587361224995686,5.0000000001,0.289430131111172,0.216937557228923,14.0000000001,2.9931690491396,3.28259918015077,0.136511291869282,1.63422449411475,0.959322818762573,-0.432138361201325,-0.179303730762441,0.378164369702943,-0.521116054678445,0.345313623008373,-0.612943472577743,0.366751088075637,0.225599890212766,-2.35338664968629,-1.97176831222798,-0.019304626876049,-0.48378438450436,-0.353148128111646,0.538992472803679,2.19258446122347,2.15155944355969,2.28302402457116,-1.3145799983474,-0.354231626123536,0.244929255774359,-0.99023846920766,-0.99023846920766,2.30431962703921,1.06316675953723e-11,1.52434122938118,1.57623896829434,1.40024007558098,1.3453096519509,-0.959879061777852,-0.36864410145583,0,14.0000000001,0.0120363403797221,0.12447495138956,0.448274994489923,0.708135149761075,3451.45872722674,0.0312500660060792,1583,2,"SNETWORK (2 43 3451.45872722674 0.448274994489923 100001240 1583)",100
3,100001241,0.153559725624444,198,-0.226804037760009,-0.273941878615531,-0.467885001197052,-0.45962963966976,-0.447550990366083,-0.399110657475606,-0.47281585375684,0.532064112085417,0.518392166141421,-0.754252878116309,-1.21315036414993,-0.777174079881413,-0.754252878116309,-0.754252878116309,-4.82547567134311,0.223993875629408,0.318128066297947,1.22752351050761,0.0298388237158428,0.0739219712525668,-0.0898203592814364,1.0005994005994,0.837837837837838,0.153559725624444,7,-0.218173204933664,0.18261092485488,0.182136176278173,0.247337371104338,0.150412946955367,-0.376416137747186,0.519051410458823,-0.463940622925043,0.100516637041408,4422.0000000001,0.710643392459215,0.10417290832467,1440.0000000001,0.239834864001076,0.950478256360291,0.0431836588439282,0.962498526095013,0.197867220731357,-0.0327019331546368,-0.102390110280563,-0.101172550150968,-0.404026057589347,-0.100967902947518,0.209643039302251,-0.0374829461865547,-0.0544717555398784,-0.385086543865826,-0.71967128062355,0.24191867274694,-0.321985544229649,0.0197333209688588,-0.17889795238422,-0.751834212897409,-0.690544926566656,-0.641104661755904,0.0579725120415842,-0.805370035773757,0.868676419411482,0.0592413869648961,0.0592413869648961,4.1335179429933,-32.5143862150647,0.902357633734519,0.847101854299319,0.71701103188659,0.829141452643115,0.0558650278071266,0.852093076027929,0,4422.0000000001,0.0322870949883821,0.0108965637555461,0.902562269617502,0.865051544120825,2491.90179492199,0.0624998605480869,199,2,"SNETWORK (2 3 2491.90179492199 0.902562269617502 100001241 199)",100
43,100001242,0.137979770687656,122,0.12371145778112,0.869954874556633,0.965149594579297,0.947078472655203,0.966783102940535,0.0410746927843573,0.0280918081497933,-0.481838373899072,-0.368973438871305,-0.215513561454792,0.852112563165237,-0.976743791591288,-0.215513561454792,-0.215513561454792,0.264666999541446,0.460770465727167,0.272243141494904,-0.53879375487674,0.651697284707239,-1.14579055441478,2.23053892215569,2.01958041958041,-0.227886977886978,0.137979770687656,11,0.790252832518303,-0.449325064637812,-0.444506978206417,-0.615923480655809,0.132777813375803,-1.08986420197617,-0.349695319179737,0.60339881275308,0.0451972406426204,4.0000000001,0.178172378080337,0.0537548053767913,9.0000000001,0.476791239573119,0.654963617553457,0.0332639602394866,0.159155574098524,0.178108310204284,-0.975895830261351,-0.890349562815275,0.14694690571899,-1.37473762491419,0.162919863941029,-1.19829749289522,0.156376545777418,0.111968115817139,-2.35338664978224,-2.31933865363007,0.0791002049998682,-0.489777142551677,-0.353148128111646,0.538992472803681,2.19258446122348,2.15155944355969,2.28302402457116,-2.86409319704095,-0.118957907040212,-0.317171231885169,-1.5917178951892,-1.5917178951892,-6.70451594617712,1.06316675953723e-11,0.500066055037571,0.52965580950304,0.162911617381613,0.52239438026667,-0.222100746069229,-0.0173316877482662,0,9.0000000001,0.00904892840023536,0.0242150317392512,0.481031787424011,2.0364849640935,3499.24004103179,0.0312500660060792,1591,2,"SNETWORK (2 43 3499.24004103179 0.481031787424011 100001242 1591)",100
37,100001243,0.449765809113956,108,1.29896932353205,1.22104076566898,1.45807027539656,1.42805593959054,1.43873085382348,0.163133324455597,0.0842545694846801,-0.489694673941649,0.577874822450832,-0.443895212855147,0.652020500246557,-1.01016616187712,-0.443895212855147,-0.443895212855147,-0.558319234819125,-0.619689806139657,-0.669781099227743,-0.518400503005022,-0.714187483983606,1.28439425051335,-2.76197604790419,-0.927972027972028,1.1480343980344,0.449765809113956,12,0.0133991740743898,1.13758000876117,1.14774226038083,0.0532279392616972,0.448352644305009,0.351152824505739,0.578441928182486,-0.0513423967491499,0.0650014964201777,334.0000000001,0.138843925267772,0.13459932366066,1147.0000000001,0.98733232778647,1.12617625295424,0.0432820490775924,0.847891082746233,0.292366827142649,-0.0966237302149623,-0.117280173162023,-0.0266489540067606,0.0434000597525399,-0.0217452116312525,0.481416821229226,0.459499004119505,0.844174683106169,0.845781221971328,0.561403984429832,-0.73802239801177,0.929763750284867,0.528207847926239,1.07109749798066,2.19258446122347,2.15155944355969,2.28302402457116,0.570432454698062,1.19289642484657,-0.891594196966255,0.658980552156728,0.658980552156728,-0.0533151027637097,-0.301451251520965,-0.744329165024217,-0.667989486621682,-0.662441212357961,-0.641131151522753,-0.157339812411769,-1.06777845881189,0,1147.0000000001,0.00533615369185953,0.0379458952857329,0.633002554243309,0.0793523447355255,4874.28174995347,0.0312499339939208,1156,2,"SNETWORK (2 37 4874.28174995347 0.633002554243309 100001243 1156)",100
3,100001244,-0.68127002890785,13,-0.494845044588713,-0.486027089260215,-0.640656641110964,-0.630828421199535,-0.621755757978306,-0.304882335203665,-0.392400156428101,0.671260569418235,1.2072443840036,0.000255992301483031,-1.14841006931005,0.387440139232795,0.000255992301483031,0.000255992301483031,-4.84263544362286,0.266345343574698,0.260195290222848,1.10374606254645,0.105890566290438,0.0221765913757709,0.149700598802395,1.22237762237762,0.834152334152334,-0.68127002890785,7,-0.454519573804665,3.95535739334631,4.10620091532329,1.34292261713423,-0.676382207433577,0.766791629272564,1.20686251890589,0.199697364866812,1.35503117670469,3726.0000000001,8.07211187829273,0.120980384940668,1034.0000000001,0.200000248383637,8.27211212657637,0.195088864396507,0.961998126451753,1.39184677340412,1.22235994076888,0.146975197633999,-1.59124417062929,-0.345572245069598,-0.820675091673069,0.543324673413462,-0.835930502457397,-2.17501992350409,0.902914600380863,0.484747976452181,0.200361346928766,0.512133224919745,-0.471792152073761,-0.752292666128177,-1.48074956831334,-1.423857898781,-1.44749212629168,-0.070208544299048,0.642097811233278,-1.31573882750773,-0.0696312785463289,-0.0696312785463289,0.475651190281961,-1.54159357215231,-0.46347241646479,-0.474666775807261,-1.25349717106883,-0.190737565271467,0.205989135451134,0.401416171165055,0,3726.0000000001,0.190372073626831,0.0047167906696756,0.153624535245857,1.0478352420032,1412.00793617738,0.0624998605480869,14,2,"SNETWORK (2 3 1412.00793617738 0.153624535245857 100001244 14)",100
43,100001245,-0.0596877278665895,93,0.12371145778112,0.869954874556633,0.965149594579297,0.947078472655203,0.966783102940535,-0.103529060353353,-0.0832335179206337,-0.455713876205006,-0.292087751431921,-0.527336589825161,0.654832313996048,-0.776139519114685,-0.527336589825161,-0.527336589825161,0.257860337760075,0.556627734156195,0.359996340396859,-0.147034187196841,0.700827853779273,-1.14579055441478,2.23053892215569,2.01958041958041,-0.227886977886978,-0.0596877278665895,11,0.58349432768971,-0.388875036429598,-0.385014055865088,-0.53216083815103,-0.0610296437486596,-0.511514481326741,-0.28717581010717,0.372908163975036,0.0496901218848063,2.0000000001,0.0979418993646557,0.0540419385837151,5.0000000001,0.266298909466789,0.364240808731445,0.0183023396868804,0.127074635410792,0.0836324101688518,-0.214510614863337,-0.903220756772203,-1.04917273692993,-0.438735122539623,-1.15717048599106,-0.479409851321474,-1.04909851892401,-0.70193958421951,0.722905043483569,0.505805453948602,-0.870634385756451,0.415787681928036,-0.353148128111646,0.538992472803681,2.19258446122347,2.15155944355969,2.28302402457116,-0.458917472092496,-0.503574913707849,0.407536812739644,-0.416411438568161,-0.416411438568161,0.166575563999287,-0.166231075028149,0.40330939697166,0.328836213154315,0.861823472199247,0.247579144497265,-0.219193092236147,-0.241914409053658,0,5.0000000001,0.00492137579767882,0.0133809637892015,0.365138091345592,0.26296504701145,3330.18951549673,0.0312500660060792,1562,2,"SNETWORK (2 43 3330.18951549673 0.365138091345592 100001245 1562)",100
17,100001246,0.264996211939519,247,0.152577399052067,0.406018494492994,0,0,0,-0.509469725396797,-0.583658210974414,-0.177425105368646,0.691179727759203,-0.0790645961319998,-0.378125928529533,0.156978711438087,-0.0790645961319998,-0.0790645961319998,0.374794437464827,0.239140652347114,0.30590772702323,0.017136178822789,0.270512716377264,-0.443531827515401,0.0161216029479497,0.044324905863371,-0.265923265923267,0.264996211939519,9,-0.491780475365921,0.669739748680216,0.672012185031215,0.695890972499676,0.266788432637667,1.32535013968175,0.691482206971845,-0.563047401048285,0.204332492152219,1848.0000000001,0.603720569781223,0.150623592287761,2988.0000000001,0.719565228107754,1.32328579778898,0.055194791856622,-0.436731495638792,-0.455201980063035,1.03823788588727,0.941802961160205,-0.162444976552528,0.797698381089414,-0.148311187330888,0.903704600653362,0.19673406206859,0.389164294398112,0.249871674814032,0.134355275644524,-1.01826823032672,0.62875848622369,0.121428129376515,-0.277526342387342,0.0477401105445009,0.0649287505696928,0.0780905632802209,0.924414479277452,-1.4528840755482,0.841065191240899,1.1655547593363,1.1655547593363,0.976117129961026,1.06316675953723e-11,-0.547292486339789,-0.414480939417075,-0.203910658143003,-0.536099929920835,1.36254504706668,-0.772493654030737,0,2988.0000000001,0.0251814318425689,0.0300133599140532,0.862855947988702,0.860821678303182,2563.75091449114,0.125,666,2,"SNETWORK (2 17 2563.75091449114 0.862855947988702 100001246 666)",100
36,100001247,0.817516306217772,188,1.29896932353205,1.22104076566898,1.45807027539656,1.42805593959054,1.43873085382348,0.425435673922881,0.373641334233081,-0.223851785632392,-0.0475124974203873,-0.32918283015139,0.851578724502099,-1.69490232789485,-0.32918283015139,-0.32918283015139,-0.608464662017279,-0.564981744451348,-0.682312949191076,-0.946802082054015,-0.566790009153527,0,0.0419161676646709,0.81118881118881,0.42997542997543,0.817516306217772,12,-0.0802914032815241,0.0525446187112144,0.0523218660045745,0.0270847333762299,0.816261728577645,0.402417232926372,-0.0453945017213222,0.45372732816346,0.175707427625011,380.0000000001,0.427002855258435,0.116745817448886,1078.0000000001,0.804854085411505,1.23185694056994,0.0572631361776598,0.12420973398801,1.27378289413428,0.0118890348711222,0.0354452665981746,0.0382242063670789,0.358980727103663,0.0387132172692173,0.210211813315107,0.0419418614331465,0.0435387537768989,-0.134080703585025,-0.144089624906761,-1.16596410383392,-0.165481713647451,0.596004386864676,1.11697181886013,2.19258446122347,2.15155944355969,2.28302402457116,-0.320133742571044,-0.521485947644022,-1.82395204209303,-0.29975933419735,-0.29975933419735,0.521571481136117,1.06316675953723e-11,-0.37777314525363,-0.231049644296105,-0.0836711137062844,-0.379482471743344,0.190300203957368,-0.197732085194328,0,1078.0000000001,0.019849319995842,0.0374138160818178,0.561897083754273,1.88540295076348,5354.4192362083,0.0156249669969604,1036,2,"SNETWORK (2 36 5354.4192362083 0.561897083754273 100001247 1036)",100
12,100001248,0.277399896120276,225,0,-0.0695595240108285,-0.467885001197052,-0.45962963966976,-0.447550990366083,-0.614518426970073,-0.702079785429334,0.0477138979026911,0.0896027056263149,-1.04266535146964,-1.68073207736808,0.0309835329978293,-1.04266535146964,-1.04266535146964,-5.64584420291553,0.528310046557684,0.665667891898185,1.79291192194004,0.309991393512428,0.184804928131415,-0.778443113772456,0.103496503496504,0.51023751023751,0.277399896120276,7,0.0616622320417878,2.13434629764061,2.17715414307575,0.124272497704753,0.277832043808146,0.389303357249755,0.0915196040732682,-0.0144376760829416,3.9600992789929,3141.0000000001,19.8869895034877,0.0738321140346094,1982.0000000001,0.233961279545029,20.1209507829327,0.650085301764394,0.254923964955371,-0.182182589715186,0.175880634259759,-0.107483567273598,-0.434652521720722,-0.168830831549664,-0.306580789452292,0.0594712464246479,-0.810093410535876,-0.947771982613784,-0.264364394337361,-0.285150942871666,0.079830046236901,-0.197746948054323,0.223123099423871,0.103212322371745,-0.751834212897414,-0.690544926566661,-0.641104661755909,-0.106388766291455,-0.284434274048389,0.117988690189571,-0.104631747350932,-0.104631747350932,2.20201904059872,-15.8678286685331,0.998069891422138,1.02047195179127,1.36903026136241,0.776455345354456,-0.499788849767302,-0.165015230898217,0,3141.0000000001,0.642526275723355,0.00755902594103938,0.058523841559772,0.446223166771233,2648.82458662576,0.0312499302740435,225,2,"SNETWORK (2 12 2648.82458662576 0.058523841559772 100001248 225)",100
3,100001249,-0.582436081168605,36,-0.494845044588713,-0.486027089260215,-0.640656641110964,-0.630828421199535,-0.621755757978306,-0.302546065791487,-0.388856210824951,0.672908601613881,1.15482060636206,-0.0111329821344548,-1.14787116051851,0.400852706825898,-0.0111329821344548,-0.0111329821344548,-4.82554544853639,0.260462839611623,0.266394044520019,1.2730580559597,0.067481012508091,0.0221765913757709,0.149700598802395,1.22237762237762,0.834152334152334,-0.582436081168605,7,0.724426725701571,0.911897658880363,0.917630479650205,-0.526509160989152,-0.580739355528764,0.274998763706657,1.15391998528243,-0.268167713651848,1.23381878386256,2971.0000000001,5.86069423477826,0.11282334016968,2100.0000000001,0.378802888372761,6.23949712305102,0.249449545195931,2.09766394148945,2.0717986195278,1.0012996655818,0.759538458069393,-0.351966974333689,0.0398547612747897,-0.30813828153504,0.729808442699794,-0.232570165671034,-0.588751616182919,-0.994568262697034,-1.1402088660284,-1.46352253909041,-0.432156633251648,-0.471792152073761,-0.752292666128179,-1.48074956831335,-1.423857898781,-1.44749212629168,-0.108364846901508,-1.10960491701242,0.213543551397573,-0.106526406726527,-0.106526406726527,7.11170915027443,-21.051316525902,1.20984925095535,0.910139721083371,-1.50350531228541,1.70235095886854,-0.289570883625184,-0.290893099507393,0,2971.0000000001,0.234305342558664,0.015144202537267,0.24464656841945,0.994344525039196,1543.25267138501,0.0624998605480869,37,2,"SNETWORK (2 3 1543.25267138501 0.24464656841945 100001249 37)",100
17,100001250,-0.746564842382627,81,-0.254295665086778,0.276450920905401,-0.358045591966192,-0.357303355798844,-0.355675841278248,-0.0931941568926558,-0.0819465275301887,0.248520044055068,1.21446654365158,0.64693858340096,-0.0163310126405586,-0.0510476025307905,0.64693858340096,0.64693858340096,0.497153569923021,0.00234497552064937,0.00730178321031719,-0.412648150825079,0.0506632956534445,-0.596303901437372,0.141716566866268,0,-0.395577395577396,-0.746564842382627,9,1.19362864535127,0.474776044056362,0.475261387286872,-0.710513282313599,-0.746976222534314,-0.744756672327611,1.21364225148646,0.289335916542311,0.0928594118523522,186.0000000001,0.0276143896440176,0.133830390219423,2569.0000000001,0.549686945282315,0.577301334826333,0.0249168324113482,2.92897213530678,2.56055181616703,-0.474345370397231,-1.06768965365425,-0.811614528878798,-0.936304150015144,-0.76828010419358,0.188263992133776,-0.486023673940981,-1.2675900930094,-0.181996560514772,-0.172243014688223,-1.11037974682019,-0.221256566008964,-0.658232714974315,0,-1.4058558810172,-1.37829262321506,-1.40813399619979,-1.02741963909268,-0.918739748638033,-0.388386779397497,-0.822603156679829,-0.822603156679829,0.929495970042878,1.06316675953723e-11,-0.280682995102564,-0.485700985871362,-0.414698087577656,-0.193175699969463,0.468916972164905,-0.0909075894439061,0,2569.0000000001,0.00119186129021286,0.0237249710211353,0.276731698825252,0.475043708807789,1587.78011930224,0.125,500,2,"SNETWORK (2 17 1587.78011930224 0.276731698825252 100001250 500)",100
17,100001251,-1.06440222193974,1,-0.711340194022643,-0.147031598306002,-0.358045591966192,-0.357303355798844,-0.355675841278248,0.00247585790389471,-0.00467205180205088,0.406733542827605,1.43867551911635,0.60483481907053,0.0680282796397233,-0.114651735048509,0.60483481907053,0.60483481907053,0.515372092839206,0.0231152611643165,0.00198988372235284,-0.580632316909354,0.107599408171032,-0.596303901437372,0.141716566866268,0,-0.395577395577396,-1.06440222193974,9,0.951231891155548,-9.7661887073078,-8.03582335955118,-0.678225059596024,-1.06361516373135,-0.274200409860337,1.43694064567302,0.997903138391611,0.434768371682031,1e-10,1e-10,0.160037118135394,111.0000000001,0.0284014345589553,0.0284014345589553,0.00856222643389305,-5.8876893089323,-0.602779323414437,-0.48297989000287,-0.133406925687787,-0.440655487425921,2.72924391781725,-0.436724961781643,2.02472409640631,0,-0.000117896751581071,-1.76288523442293,-1.7324754756619,0.320449862188019,-0.47824741368881,-0.675181930528773,-0.587156310063935,-1.4058558810172,-1.37829262321506,-1.40813399619979,-1.00940193738958,0.315148498573482,-1.20573882238972,-0.811316205689852,-0.811316205689852,6.41830459484779,1.06316675953723e-11,0.194609906782727,0.7104519269322,-0.409491159645405,0.326126904529714,-3.27688636651399,-1.77562353733204,0.436288395944693,111.0000000001,0,0.00856222633389305,0.00149354186144568,0.654032568971161,1129.47387569998,0.125,420,2,"SNETWORK (2 17 1129.47387569998 0.00149354186144568 100001251 420)",100
3,100001252,-0.0164219192495648,168,-0.226804037760009,-0.273941878615531,-0.467885001197052,-0.45962963966976,-0.447550990366083,-0.410298842881694,-0.483788809657214,0.524658568961855,0.595172023315919,-0.380998254243451,-1.26839088081142,-0.554972373402884,-0.380998254243451,-0.380998254243451,-4.61648518314374,0.172526558149411,0.249066281186888,1.06057821218439,-0.00448415971857331,0.0739219712525668,-0.0898203592814364,1.0005994005994,0.837837837837838,-0.0164219192495648,7,-0.141295540832451,2.46757481617861,2.52574952392091,0.45583263493398,-0.0141391206259165,0.467652833657614,0.597114843784164,-0.272358091025658,0.143424563423029,4461.0000000001,1.02294149049008,0.0577236699573713,701.0000000001,0.0646944443522769,1.08763593474236,0.0331665184006586,2.24334372911547,4.38797508468184,-0.0189607995093895,0.386224682981047,0.552575315033237,-0.192138366722309,0.371324220337045,0.367402110117154,-0.0294680634303427,-0.044398289444838,-0.0479606732705767,0.410425085474901,0.146114397327385,0.847480087443624,-0.183656619125852,-0.461007527196321,-0.751834212897414,-0.690544926566656,-0.641104661755904,0.919372743874902,-0.865227498717103,1.02271504346463,1.15773582577535,1.15773582577535,-1.13778471128513,-17.5980830830732,-0.0899065147323397,-0.0706293666233576,0.264486520994784,-0.148306880174635,-0.285366102110785,-0.196813823178309,0,4461.0000000001,0.0311937171078131,0.00197280119284551,0.786471482221183,1.1886564730656,2324.51040494043,0.0624998605480869,169,2,"SNETWORK (2 3 2324.51040494043 0.786471482221183 100001252 169)",100
43,100001253,-0.349441941877564,39,0.12371145778112,0.869954874556633,0.532114998802948,0.540517197237357,0.552449009633917,-0.329469608970841,-0.275869806785939,-0.721110129677057,-0.0232713193178786,-0.396653721219143,0.583667952668044,-1.23733286051147,-0.396653721219143,-0.396653721219143,0.383857428387277,0.656534888255056,0.454033844295448,0.0607419555180409,0.788746965014874,0,0.0419161676646709,0.81118881118881,0.429975429975429,-0.349441941877564,11,0.0346124534194641,-0.120503448445486,-0.119726641636087,-0.117994339107109,-0.350715589255489,-0.264691654647827,-0.0212190851884859,0.476272600010019,1.54822441040826,14.0000000001,21.3614343558316,0.0757368729518486,1.0000000001,0.0746407224914667,21.4360750782231,1.02730033846327,0.27745545243409,-0.220679537792336,-0.39854842605032,-0.270711316824667,0.204936096727491,-0.209328678692416,0.215001841200207,-0.0581771697807793,0.260277977320661,0.282937634713008,0.0460993932495115,0.166568815166924,-0.722960374966337,0.131837863539554,-0.353148128111646,0.538992472803681,0.102215627178156,0.139017963839617,0.167198521564845,0.00714347752203296,-0.865792656752824,-0.0336899077867161,0.00721285519577962,0.00721285519577962,0.251465762822401,1.06316675953723e-11,0.000361370276699838,0.00116559868175054,0.0625269598654251,-0.000652419158448373,-0.724833471109339,0.0373182377787725,0,14.0000000001,1.02372326377807,0.00357707458520185,0.152074283264512,1.5843057371676,3019.39997346473,0.0312500660060792,1510,2,"SNETWORK (2 43 3019.39997346473 0.152074283264512 100001253 1510)",100
3,100001254,0.0935244491062463,185,-0.226804037760009,-0.273941878615531,-0.467885001197052,-0.45962963966976,-0.447550990366083,-0.387271370495555,-0.463218031969063,0.545156921556181,0.552377287918039,-0.593600342514734,-1.20884803678277,-0.789721409052967,-0.593600342514734,-0.593600342514734,-4.72764926613913,0.205408301861607,0.292994991835283,1.13523796856937,0.0233013100242812,0.0739219712525668,-0.0898203592814364,1.0005994005994,0.837837837837838,0.0935244491062463,7,0.105886991161494,-0.27067375304509,-0.268403888351661,-0.201518350302184,0.0936422958990935,0.296055719949286,0.553590951107814,-0.0698154503936502,0.795132322851189,5927.0000000001,7.53475906810539,0.106823462396323,1952.0000000001,0.333381501138759,7.86814056914415,0.38719211134059,0.369555869490825,-0.00336093487465514,-0.173344026773427,0.919168101882571,1.67390974844477,0.358242167639847,1.80635418303289,0.625851485467848,1.65907052852883,2.95248562432143,1.17082159971641,1.0272230326083,-0.618292397294684,3.9082882938646,-0.0133181143210749,-0.224741548936887,-0.751834212897414,-0.690544926566661,-0.641104661755909,1.04020794179669,-0.820178056607129,1.08432726975246,1.35029572789226,1.35029572789226,-0.2644079931084,-0.406934605165339,-0.942548600223609,-0.970440208301006,-0.944982262756009,-0.789973110562295,-0.532048900429864,-0.686265821190759,0,5927.0000000001,0.370786368854186,0.0164057423864042,0.853509685112347,0.661439918726007,2421.17283798525,0.0624998605480869,186,2,"SNETWORK (2 3 2421.17283798525 0.853509685112347 100001254 186)",100
17,100001255,-0.155246076883327,187,0.152577399052067,0.406018494492994,0,0,0,-0.311881429192202,-0.322803805790091,0.0100276914356076,0.933382871976373,0.415022077469315,-0.175494163478601,-0.0825952600324541,0.415022077469315,0.415022077469315,0.439358847056322,0.0458680123987239,0.0878526367522054,-0.205004153976461,0.0675196820852863,-0.443531827515401,0.0161216029479497,0.044324905863371,-0.265923265923267,-0.155246076883327,9,-0.230628659265242,0.240630957261124,0.24018005519355,0.24783785544672,-0.155664809454172,0.0504393891420716,0.93333438889668,-0.801691396355741,0.114438524245249,1039.0000000001,0.190100986537531,0.0956921332699797,5103.0000000001,0.780725525999259,0.97082651243679,0.043660540259972,0.98945450891186,1.13175869303098,-0.273643146406732,-0.273002336204113,0.00767498301027105,0.0153577123971027,0.00749250887457973,0.631175071225782,-0.0107645932561645,-0.00582035545120027,0.401632377359398,0.535716486825141,0.178223807119247,1.11921930962302,0.121428129376515,-0.277526342387342,0.102215627178156,0.139017963839617,0.16719852156484,0.418826811155061,-0.436864641141726,0.482565825541975,0.466369653775049,0.466369653775049,-0.449515013032563,1.06316675953723e-11,-0.634386704564722,-0.542430351546043,-0.414878210763941,-0.58052358511716,0.425256295831876,0.381286507905804,0,5103.0000000001,0.00854932539164813,0.0351112147683239,0.652361906554627,0.473404183876933,2213.25178859053,0.125,606,2,"SNETWORK (2 17 2213.25178859053 0.652361906554627 100001255 606)",100
17,100001256,0.495310918769032,269,0.152577399052067,0.406018494492994,0.0737102907633875,0.0682577010310203,0.067165878475577,-0.530442206896559,-0.618976486003801,-0.168990966283329,0.644118520825506,-0.235410809345084,-0.382071051714542,0.138010808060578,-0.235410809345084,-0.235410809345084,0.364999146173656,0.249921844658756,0.318142079016038,0.0130489050409926,0.284854517230105,-0.443531827515401,0.0161216029479497,0.044324905863371,-0.265923265923267,0.495310918769032,9,-0.572881064165525,-0.704298268698268,-0.694357689501499,0.677976973138268,0.493442275296941,0.789327367632493,0.645170119112784,-1.49073618819203,4.03210618770851,144.0000000001,0.928305722562031,1.07430631918781,429.0000000001,0.736854935996682,1.66516065845871,0.0884719384985456,-0.0762136359336669,0.132801872850305,0.747783531465264,1.36695557976022,0.944568597413588,0.847823709407897,1.09980999938485,0.90420386629375,1.38378991876231,2.6101585432542,-0.145736493956838,0.0363907557135735,0.151284834903614,0.201207554814042,0.247185316517616,-0.0693874253701061,0,0,-4.84823954093274e-15,0.532836186445614,-0.15633781686514,0.678097850131884,0.609935930378199,0.609935930378199,0.744138821019751,1.06316675953723e-11,-0.017322374841829,0.0548387564358227,0.540621275392001,-0.135518128956229,0.0924376280187287,0.737481090855644,0,429.0000000001,0.049321971594999,0.0391499668035467,0.937021523436605,0.0656946604887202,2687.24595116441,0.125,688,2,"SNETWORK (2 17 2687.24595116441 0.937021523436605 100001256 688)",100
12,100001257,0.266386605008064,223,0,-0.0695595240108285,-0.467885001197052,-0.45962963966976,-0.447550990366083,-0.615317454025197,-0.701922982073719,0.0512693751468324,0.0899610166659989,-1.04186037385993,-1.68077598155657,0.0316516938979046,-1.04186037385993,-1.04186037385993,-5.6553410385182,0.529514784152939,0.666978378720736,1.79412235188378,0.311290725192147,0.184804928131415,-0.778443113772456,0.103496503496504,0.51023751023751,0.266386605008064,7,0.639022469758933,3.68542155703712,3.81673118343165,-0.273176182175175,0.266684867274009,-0.120847509042038,0.0917699233811805,0.301366331345921,0.457765739183865,3181.0000000001,2.32810191899968,0.104098855290607,3696.0000000001,0.615138558295628,2.94324047719531,0.0727169831927292,-0.534937074352998,-0.688136425930959,-0.108161673176185,0.372387097289619,0.76290498545217,-0.889104045901712,0.415869032082193,-0.363015244489057,0.0658254555730267,0.502186376552856,-1.5436204122891,-1.68398401138577,-1.65185136742683,-0.459582645197775,0.223123099423871,0.103212322371743,-0.751834212897414,-0.690544926566652,-0.641104661755904,0.725362004861843,-1.41483997349298,0.0691196140838029,0.870427809342273,0.870427809342273,-19.2533613611525,-24.402049777295,1.00226919272624,1.06153899613668,0.384811616728541,1.01882144129735,-1.02380438292397,0.950101728930376,0,3696.0000000001,0.0575191015454686,0.0151978815472606,0.0215083185857585,1.43848597165508,2638.43457236436,0.0312499302740435,223,2,"SNETWORK (2 12 2638.43457236436 0.0215083185857585 100001257 223)",100
12,100001258,0.285239537571908,226,0,-0.0695595240108285,-0.467885001197052,-0.45962963966976,-0.447550990366083,-0.614518426970073,-0.702079785429334,0.0477138979026911,0.089310916467416,-1.04324425838967,-1.68085809264673,0.0306159816622457,-1.04324425838967,-1.04324425838967,-5.63914823598779,0.527054628528634,0.664349296793095,1.79176060865954,0.308621529592859,0.184804928131415,-0.778443113772456,0.103496503496504,0.51023751023751,0.285239537571908,7,-0.337322902338942,1.09285695436984,1.10205071000353,0.551286100562745,0.281507092257041,0.17749132360568,0.0912723006606319,-1.0907118580948,1.95911636490136,1478.0000000001,4.62945322895815,0.0674486390473433,3686.0000000001,0.397487573288123,5.02694080214628,0.194714437573628,0.934072834623666,0.262050841717356,0.481646452340493,0.392432561641195,-0.137223601484261,-0.0831269755414489,-0.115911215790196,0.104710692787767,-0.997924095109114,-1.16551994773703,-0.0141666722378152,-0.0980330613176866,0.0797819817885669,-0.0145148538808032,0.223123099423871,0.103212322371745,-0.751834212897418,-0.690544926566656,-0.641104661755904,0.282397741407315,-0.0294485505444208,0.627699590411149,0.304325357388824,0.304325357388824,-0.835490512165977,-13.557383446505,0.967053799374755,0.97058073297371,1.22528823902473,0.777210507027615,0.279351396249305,1.1668055884295,0,3686.0000000001,0.179318081665225,0.015396355808403,0.079622593344875,0.952938127331436,2654.74686772114,0.0312499302740435,226,2,"SNETWORK (2 12 2654.74686772114 0.079622593344875 100001258 226)",100
29,100001259,-0.403025745841468,164,-0.790377993358492,-0.853832397374456,-0.715996162004961,-0.715344983900652,-0.711097017555422,0.560198509617248,0.541143758515437,1.76628230854512,-0.266446590111069,1.15160671777622,-0.226566068148516,3.66231781621643,1.15160671777622,1.15160671777622,0.0871091757820967,-0.802900105266783,-0.878944471718379,1.00468096303559,-1.22398476426062,-0.720739219712526,0,-0.434965034965035,-0.700859950859951,-0.403025745841468,8,0.626036554840689,-0.754456053071571,-0.743298361662338,-0.571366623283431,-0.400150543084922,0.293845707315101,-0.2637287322835,0.634934337377166,3.01028739091489,288.0000000001,1.38610207252921,0.059587085823877,2000.0000000001,0.19053594006793,1.57663801249714,0.0845163648053911,0.217293511619231,-0.313234547832614,0.517532429877095,0.216683922834897,-0.467766827771786,0.484721967653672,-0.551181233704235,0.0304579558066008,-1.82913227510074,-1.30280134969662,-2.35338664970216,-1.33172696125338,0.00548861716692139,-0.419248288687755,-0.471792152073761,-0.752292666128177,-0.897784372821835,-0.860982036160378,-0.83280147843515,0.534660085557995,-0.229639965201026,0.122868710491023,0.612295391098578,0.612295391098578,-2.46733784106803,1.06316675953723e-11,0.763970883685773,0.702359526939935,0.00665646796238967,0.849182224382166,0.434332712974399,0.586634135241056,0,2000.0000000001,0.0743026029761974,0.0102137617291938,0.994239429064564,1.80198111254613,1610.81138715026,0.25,959,2,"SNETWORK (2 29 1610.81138715026 0.994239429064564 100001259 959)",100
43,100001260,-0.318185126670842,45,0.12371145778112,0.869954874556633,0.532114998802948,0.540517197237357,0.552449009633917,-0.354977072078551,-0.326195811632882,-0.756862896697189,-0.0815218089718363,-0.48515119506212,0.535258702363297,-1.16720351810132,-0.48515119506212,-0.48515119506212,0.405886814191815,0.706344517869621,0.49661645407407,0.100365583144266,0.84428674244342,0,0.0419161676646709,0.81118881118881,0.429975429975429,-0.318185126670842,11,0.787675899520527,-0.724932460916112,-0.714499601382595,-0.633199181869291,-0.313036308780063,0.437080915593247,-0.0793263394721882,0.507198844811348,1.01659190664755,1.0000000001,1.0018786283668,0.0929909070091082,4.0000000001,0.366580145605126,1.36845877387193,0.0729740781401239,2.56970236265066,0.783546347491431,0.212542250608751,0.775875590249094,0.811584053629606,0.593654793927544,0.948257552982359,0.290364237314525,0.531594026753487,-2.54798124560333,0.0428585250653026,0.11140109029156,-0.820210830336039,-0.0585405242678566,-0.353148128111645,0.538992472803681,0.102215627178161,0.139017963839613,0.167198521564845,-0.805007976772338,0.283409369940398,0.188319922618593,-0.676397273865456,-0.676397273865456,-0.192443568685689,-0.447135634736563,0.84366928740211,0.575110272290415,0.322681842763801,0.860125814928005,1.12616314777857,1.05741357864011,0,4.0000000001,0.0534259201717529,0.019548157868371,0.178669800617297,2.09205800235301,3058.19402644172,0.0312500660060792,1516,2,"SNETWORK (2 43 3058.19402644172 0.178669800617297 100001260 1516)",100
12,100001261,0.345076158157153,237,0,-0.0695595240108285,-0.467885001197052,-0.45962963966976,-0.447550990366083,-0.62651119435097,-0.723912326668828,0.00704493602911489,0.0805511942567427,-1.08152048148577,-1.70662804618354,0.00179854456169128,-1.08152048148577,-1.08152048148577,-5.54545172742845,0.509149109430938,0.646556179411396,1.75931843595241,0.291985799787249,0.184804928131415,-0.778443113772456,0.103496503496504,0.51023751023751,0.345076158157153,7,-0.124668541834423,0.0293034732089975,0.0291706081252711,0.0775991812739764,0.344320400246644,-0.0320369077167146,0.0823316791147744,0.208219917894105,0.0708352672137102,3128.0000000001,0.354251187563281,0.0360032085511265,522.0000000001,0.0300473892958792,0.38429857675916,0.0179374378912086,0.285302803776274,2.45825726519068,-0.0926565867479217,0.571033656779026,0.971384978203413,-0.00906683322317734,0.994300416538429,0.136201664628304,0.661979443764835,0.775056234855839,-0.38215264750471,-0.348294272858686,0.182519495819524,-0.217801586252107,0.223123099423871,0.103212322371743,-0.751834212897418,-0.690544926566656,-0.641104661755909,-0.303785840908169,-1.15467610724733,-0.64939893533402,-0.285513782560785,-0.285513782560785,0.686024758493644,-21.1755033020565,1.01429528198732,1.13749046150838,2.15612387331699,0.604080344307572,-0.802424086291676,-0.383358600745712,0,3128.0000000001,0.0165349523092826,0.00140248548192605,0.337564513631692,0.820471857106922,2727.14947114439,0.0312499302740435,237,2,"SNETWORK (2 12 2727.14947114439 0.337564513631692 100001261 237)",100
3,100001262,-0.288910025526986,110,-0.226804037760009,-0.273941878615531,-0.467885001197052,-0.45962963966976,-0.447550990366083,-0.356439683449587,-0.421715880402443,0.573149352277351,0.783100872116976,-0.0460155600000773,-1.21518701207029,-0.137336935960661,-0.0460155600000773,-0.0460155600000773,-4.38899247781959,0.167233444520042,0.231566476542995,1.14153675041355,-0.0259776594348569,0.0739219712525668,-0.0898203592814364,1.0005994005994,0.837837837837838,-0.288910025526986,7,-0.186293629488245,-0.462866194824246,-0.457820311570973,0.0904131873524258,-0.289291665889341,0.506583904980721,0.783117169039422,-0.987618289868742,0.654760525337836,3620.0000000001,3.78953649021818,0.137980058075731,1597.0000000001,0.3523029451137,4.14183943523188,0.210857702853405,0.592371264445638,0.395153352798766,0.390112579244953,0.46733003412417,0.114398622174802,0.57654457771158,0.126948924514909,0.842988268368348,-0.302407826510026,-0.573551217790427,1.20317779402588,1.07416497146132,0.268029517422633,2.02917319633457,-0.183656619125852,-0.461007527196321,-0.827188737091713,-0.778542139486029,-0.740078327957471,-0.809515332298291,0.322381469653288,-0.247463500152989,-0.679513582161653,-0.679513582161653,-0.0825595696842048,-2.67141108636639,-0.633949405439609,-0.638838778085657,0.199305247912691,-0.72841917555271,0.272698444473623,0.348073529261145,0,3620.0000000001,0.192922244167362,0.0179354585860431,0.556352585753573,0.538819415048407,1992.70180234017,0.0624998605480869,111,2,"SNETWORK (2 3 1992.70180234017 0.556352585753573 100001262 111)",100
3,100001263,-0.526173043205295,53,-0.494845044588713,-0.486027089260215,-0.640656641110964,-0.630828421199535,-0.621755757978306,-0.319339511920851,-0.394835742736086,0.671442274528138,1.04787005252961,0.0750209311927016,-1.12887036177933,0.381930895524661,0.0750209311927016,0.0750209311927016,-4.83605081460785,0.249310770192492,0.277309434479136,1.34436619146581,0.040368253745627,0.0221765913757709,0.149700598802395,1.22237762237762,0.834152334152334,-0.526173043205295,7,0.842937397778399,0.720353708224457,0.723236907355168,-0.583127600973765,-0.525580914578831,0.613060814914574,1.04793086964848,-0.682909461398382,0.0792469595722652,980.0000000001,0.124166293950617,0.121554231568886,3052.0000000001,0.59312966502914,0.717295958879756,0.029654602040384,0.426951638492785,-0.479344778270059,0.780327077292126,0.924918170332665,0.215194950863868,0.340631050726583,0.195523247387084,0.840413671587463,-0.52457157579757,-1.25060248118512,-0.0753053529644759,-0.189184867960684,0.187767743420845,-0.253296720301382,-0.471792152073761,-0.752292666128179,-0.897784372821835,-0.860982036160378,-0.83280147843515,-0.763339339703204,-0.626928405288373,0.379908534979861,-0.647275403008837,-0.647275403008837,0.139632249556623,-10.2730300394994,0.76133751013037,0.723653042130856,-0.297822652966357,0.919853634992753,-0.337234832576139,-0.521430483559535,0,3052.0000000001,0.00513330930348008,0.0245212926369039,0.324828339946172,0.838975540758091,1658.86682551441,0.0624998605480869,54,2,"SNETWORK (2 3 1658.86682551441 0.324828339946172 100001263 54)",100
3,100001264,-0.230861308338312,123,-0.226804037760009,-0.273941878615531,-0.467885001197052,-0.45962963966976,-0.447550990366083,-0.37882634417443,-0.442595499313772,0.550679293100753,0.749523952790631,-0.0495009759075858,-1.24255366533055,-0.160699347585222,-0.0495009759075858,-0.0495009759075858,-4.37659843238052,0.156913328378832,0.225819675015252,1.11365342308486,-0.0338860192602192,0.0739219712525668,-0.0898203592814364,1.0005994005994,0.837837837837838,-0.230861308338312,7,-0.110855097635678,3.44407742405778,3.55889789327057,0.568388673480307,-0.227553417853817,0.492634665676827,0.750577166958455,-0.469883931070907,2.26301628084207,4365.0000000001,15.7930845643506,0.0997072365231732,7076.0000000001,1.12800113794731,16.9210857021979,0.435825431993669,-1.61482380568235,-0.994819610397117,0.514656207823456,0.868491035722367,0.570747529436397,-0.398258736489349,0.324743038350239,0.328681989925737,0.246276790200278,0.5074848968301,-0.791833347545121,-0.704743749648275,0.161619368351887,-0.325901938221136,-0.183656619125852,-0.461007527196319,-0.751834212897418,-0.690544926566652,-0.641104661755909,-0.0842159038980263,-1.03754086446246,0.569243426076108,-0.0832521211553212,-0.0832521211553212,2.44104320684069,-22.175338963144,1.1483596169035,1.03715147843331,0.894194718771538,1.05576958926276,0.474112594106515,-0.77990884822507,0,7076.0000000001,0.40677223804229,0.0290531938513793,0.609903417242227,1.15000166764956,2069.91678484306,0.0624998605480869,124,2,"SNETWORK (2 3 2069.91678484306 0.609903417242227 100001264 124)",100
3,100001265,-0.459390732866704,72,-0.494845044588713,-0.486027089260215,-0.467885001197052,-0.45962963966976,-0.447550990366083,-0.353335550341304,-0.422906472934749,0.587682880147798,0.893433458842988,0.00776577377699478,-1.19007337075905,0.103486299142675,0.00776577377699478,0.00776577377699478,-4.84299898403747,0.23638621963882,0.288533429204865,1.25585059620784,0.0402772277687247,0.501026694045174,-0.58882235528942,1.04055944055944,1.3033033033033,-0.459390732866704,7,1.17838684133643,0.0716394307545572,0.0713530489882242,-0.718524240715364,-0.461115468334414,-0.741739398213491,0.912103994100909,-0.235301279975866,0.0355195079585245,143.0000000001,0.00812078508190712,0.258488461350954,7325.0000000001,3.02721888942996,3.03533967441187,0.140625021785167,-0.225054432755889,-0.250998690986495,-0.441824205388423,-0.816781291447983,-0.573522937528899,-0.853548730335825,-0.583107884513132,0.126042616034823,-0.56242633010999,-1.21346009589406,-0.112106155257116,-0.193398587240634,0.278983801081759,-0.0940356583171323,-0.183656619125852,-0.461007527196321,-0.897784372821835,-0.860982036160378,-0.83280147843515,0.152097752811112,0.908148515330798,-0.332450034366656,0.158911820158592,0.158911820158592,1.40239447022966,-6.76806489277611,0.25032662792149,0.0730336384615146,-0.247683989659818,0.348060972750439,0.733893691187016,0.560010423142419,0,7325.0000000001,0.000376229907264056,0.140248791777903,0.401193226578539,1.7949485406466,1768.97741056487,0.0624998605480869,73,2,"SNETWORK (2 3 1768.97741056487 0.401193226578539 100001265 73)",100
43,100001266,-0.448573675054116,20,0.12371145778112,0.869954874556633,0.532114998802948,0.540517197237357,0.552449009633917,-0.292638243236164,-0.240895216298135,-0.649781818761461,0.0331770321111702,-0.272610772906509,0.474727089467026,-1.22981155768252,-0.272610772906509,-0.272610772906509,0.409487276087638,0.563007262196156,0.374311647365472,-0.0012521478202209,0.682183539192138,0,0.0419161676646709,0.81118881118881,0.429975429975429,-0.448573675054116,11,-0.386442635758631,-0.140478701816865,-0.139537065566607,0.430427232382308,-0.4491429737997,-0.46245525817756,0.0351525213638482,-0.108544164627112,0.675968220557435,2.0000000001,1.332369673913,0.0542067308978868,2.0000000001,0.106844378350172,1.43921405216317,0.0692160382807868,0.276773168403628,0.257838633391253,-0.113399588015049,-0.494027872177977,-0.574704205099358,-0.432999929027451,-0.606758770285636,-0.132416808011304,-0.546333306544849,-0.597098997445999,0.304525932075463,0.536696719129712,0.174370518515976,1.17292342493156,-0.353148128111646,0.538992472803678,0.385410854197415,0.426912104353179,0.461969992744147,0.5634761446416,-0.317229983667286,-0.514850900576818,0.649840921581419,0.649840921581419,-0.372382768805738,-0.0820019519844153,-0.71277467845957,-0.584882121920752,-0.60038098469366,-0.62156366539181,-0.305121755811988,-0.852184720575866,1.58157347016431e-13,2.0000000001,0.0640775776760657,0.00513846050472116,0.0760710165984839,0.679228849709034,2908.53637512389,0.0312500660060792,1491,2,"SNETWORK (2 43 2908.53637512389 0.0760710165984839 100001266 1491)",100
13,100001267,0.827240756399122,309,0,-0.0695595240108285,-0.110963835372034,-0.110383201657025,-0.109843962764069,-0.965645735605279,-1.17193511566218,-0.528430442838505,-0.317127192103853,-1.38881923225518,-1.75419095742195,-0.22497545113921,-1.38881923225518,-1.38881923225518,-3.01668905392932,0.572723707305959,0.811051757009255,1.73424252841015,0.376724819779335,1.07186858316222,-1.64670658682635,0.299300699300701,1.38452088452089,0.827240756399122,7,-0.5394474423617,-0.227188449144735,-0.225411382093566,0.687956311293329,0.825494817664835,0.0459691363138333,-0.314174104618391,0.150869369107668,0.0445748722931598,2529.0000000001,0.180232858457844,0.0424945656348642,1348.0000000001,0.0915837285282807,0.271816586886125,0.013273888224573,0.529087966665422,0.407028289529242,0.283707398579099,0.592857796003348,0.466083609710521,0.128271031103321,0.498730561057479,-0.214026051342392,0.440499898777381,0.28939913968824,0.23220008715386,0.0203096417215582,0.0953413584128553,-0.00368287337274111,0.223123099423871,0.103212322371745,0.000480866141918987,0.0349290148369443,0.115671933158063,0.322661418543442,0.403080430711097,1.03990845953962,0.351079175755855,0.351079175755855,0.857052212510799,-18.5335271809074,-0.0291918082521577,0.175095183166917,0.407472140316046,-0.116352182871305,-0.105198729363925,-0.437805156022803,0,2529.0000000001,0.00880148936641774,0.0044723987581553,0.260815152563017,1.41822818432495,3126.38148364856,0.0156249651370217,309,2,"SNETWORK (2 13 3126.38148364856 0.260815152563017 100001267 309)",100
41,100001268,-0.118034428954692,171,-0.886598059773572,-0.0928456434617663,0.315622755524543,0.310024668600395,0.31737100022456,0.913644964094951,0.88097806742204,-0.175982474401173,-0.375829728174965,0.872273756472536,0.50501264709585,0.81981082893846,0.872273756472536,0.872273756472536,0.485936838322311,-0.649734632798523,-0.769755324192001,-0.136192084781015,-0.822032671867472,-0.720739219712526,0,-0.434965034965035,-0.700859950859951,-0.118034428954692,10,-0.585130024498736,0.118290647157863,0.117887459850173,0.857775321128885,-0.118208634723497,0.155770030301183,-0.372834775685249,-0.407864876677047,0.126751560694637,1376.0000000001,1.11539139181297,0.130790631799025,61.0000000001,0.0510225326837471,1.16641392439672,0.0535973148424218,0.494967668929974,0.619653740012412,-0.238189520365583,-0.0622524048134101,0.270956191784269,0.139263359132952,0.27291877418753,-0.298082180570079,1.29169315250393,0.753836963121901,0.737000970537964,0.450360943048258,0.0768254306307208,0.631285010508428,-0.509952817057897,0.2619655285746,0.102215627178161,0.139017963839617,0.16719852156485,0.0668549539308639,-0.763904242215053,0.80079970500989,0.0684609423406619,0.0684609423406619,0.267152437389176,-0.0897186218521032,-0.801356980988279,-0.658873874238585,0.438245729887023,-0.969493950802349,-0.144061978856408,-0.403262579748867,0.000837813849698803,1376.0000000001,0.0512528033465248,0.00234451139589697,0.521440140965769,0.0941646187566221,2646.50674723873,0.0625,1377,2,"SNETWORK (2 41 2646.50674723873 0.521440140965769 100001268 1377)",100
28,100001269,0.672538659929144,248,-0.268041164135857,-0.507523118116241,-0.715996162004961,-0.715344983900652,-0.711097017555422,0.682852878389107,0.767000430040086,2.19806927513937,-0.639188342342765,-1.86020828496399,-0.24366057910802,1.15518826262269,-1.86020828496399,-1.86020828496399,-0.537152332100646,-1.1417312364183,-1.14153033375721,0.117498477773976,-1.48874106943465,0.468172484599588,-2.26546906187625,-1.53286713286713,0.194922194922195,0.672538659929144,8,-0.587310887945736,0.33236727777286,0.332123727177837,0.821804045830786,0.669680939281448,-0.0566772612911512,-0.607972066777953,0.325217645721235,0.0638399923291727,6046.0000000001,0.617100266565577,0.0219413153929015,871.0000000001,0.0305545280737478,0.647654794539325,0.0286609804294114,1.81372782592037,0.324942860661054,0.266275725423287,0.0349969506818046,-0.341192288400695,-0.106429370275878,-0.331203618225441,-0.967973217824609,-0.539196259248349,-0.0604159512761731,-0.848685348148429,-0.530764695714854,-0.160929017125213,-0.170326563111057,0.121428129376515,-0.277526342387342,-0.897784372821839,-0.860982036160378,-0.83280147843515,0.786269122153976,-0.513859406039909,1.75851356500997,0.95783607887246,0.95783607887246,-1.76715124404881,1.06316675953723e-11,-0.685795610851396,-0.770813061711709,-0.216571841503084,-0.684735913132717,-0.380753972817752,0.0796150471161265,0,6046.0000000001,0.0273088360501613,0.00135214427925011,0.587120808840174,1.08229563360326,2082.26038487324,0.125,789,2,"SNETWORK (2 28 2082.26038487324 0.587120808840174 100001269 789)",100
35,100001270,0.936789812889029,212,1.95876350285277,1.6240746339498,1.45807027539656,1.42805593959054,1.43873085382348,0.639260714716776,0.559071947205128,-0.112821020374383,-0.270316954084028,0.0331619481416281,1.14406798603812,-0.22934171289958,0.0331619481416281,0.0331619481416281,-0.594786028113906,-0.495537625366469,-0.606154532473891,-0.833200485298541,-0.500036656367934,-1.3305954825462,1.62674650698603,0.565034965034965,-1.23832923832924,0.936789812889029,12,0.432115857495643,-0.708217726301709,-0.698184542785796,-0.472543085110826,0.932732092589159,0.046058787336023,-0.267575506708105,-0.305011045373177,0.141941659315193,208.0000000001,0.188812296554909,0.10041551557639,1116.0000000001,0.716674708713884,0.905487005168793,0.0481429996067222,0.0241566940707728,0.0889349876746335,-0.0548420713355291,0.226702834136397,0.436027139118318,0.25156189672526,0.507457017428114,-0.0882372743350295,0.671183644783313,0.481518872445389,-0.167883829848878,0.0499369140886659,-1.11881171982869,0.114090296514916,0.596004386864676,1.11697181886013,2.19258446122347,2.15155944355969,2.28302402457116,-0.0645252797336837,0.412239492228053,0.305015726487176,-0.064079366784696,-0.064079366784696,0.952159716142937,-1.33166155130566,0.363991704555232,0.525985995260854,0.5093898342797,0.289657992531914,-0.960612019274907,-0.506200337823142,0,1116.0000000001,0.0100387860280791,0.0381042134786431,0.216520670722153,0.156184767134131,5492.06486707268,0.0156249669969604,985,2,"SNETWORK (2 35 5492.06486707268 0.216520670722153 100001270 985)",100
41,100001271,-0.666882009568777,58,-0.886598059773572,-0.0928456434617663,-0.0369605603324269,-0.0422694509956289,-0.0386919408759992,0.982287484617856,1.16354909928965,0.862774173972271,-0.108801827537488,0.427563319412123,0.479387792226275,0.37888817874747,0.427563319412123,0.427563319412123,0.557723957816535,-0.3833531749058,-0.524026333978539,0.104420708988239,-0.530250563306837,-0.720739219712526,0,-0.434965034965035,-0.700859950859951,-0.666882009568777,10,-0.0432433370506713,0.700739105783112,0.703378497262212,0.0649643650880661,-0.667375697486516,-0.828375789844901,-0.106203998172367,0.256853854761139,0.0431856569902731,8.0000000001,0.00220945456878949,0.0696101811797232,529.0000000001,0.235496238702951,0.237705693171741,0.00986110149403274,0.796569767944249,0.745166199842028,-0.495622756735457,-0.795760925232813,-0.438026154451294,-1.10110625953004,-0.398260068994607,-0.685603947575607,-0.328456806264275,-0.299631376420964,-0.76510717113978,-0.675041927791519,-1.18049009095903,-0.319903553170957,-0.658232714974315,-1.30374704394875e-15,-1.4058558810172,-1.37829262321507,-1.40813399619979,0.0497554928390767,0.907863812677246,-0.750125867135239,0.0507465098115629,0.0507465098115629,-2.19205570705164,1.06316675953723e-11,0.752584097946951,0.889206012778948,-0.00151567581086208,0.838685164722938,0.390982643040754,0.18915620449327,0,529.0000000001,9.16581099118073e-05,0.00976944328412094,0.14623950592449,0.0794292803464808,2008.70554226973,0.0625,1264,2,"SNETWORK (2 41 2008.70554226973 0.14623950592449 100001271 1264)",100
3,100001272,-0.579558191236247,37,-0.494845044588713,-0.486027089260215,-0.640656641110964,-0.630828421199535,-0.621755757978306,-0.302546065791487,-0.388856210824951,0.672908601613881,1.15468000329586,-0.0109525698022976,-1.14784543306332,0.400884265536951,-0.0109525698022976,-0.0109525698022976,-4.82510007381603,0.260163951410989,0.266136147387211,1.27334435354874,0.0670522733898896,0.0221765913757709,0.149700598802395,1.22237762237762,0.834152334152334,-0.579558191236247,7,0.752037230331996,0.970428276356349,0.977199637350187,-0.533167754732208,-0.577029813270507,1.00408823028336,1.15374204746114,-0.101908630665578,0.929467697692977,2965.0000000001,4.40609678938755,0.0782751282970623,1437.0000000001,0.17983556773865,4.5859323570262,0.18147433854212,1.24986873865606,2.11315656228859,-0.142298044608012,0.277285767848252,0.609079173584913,0.529750302132915,0.529297012616679,0.971725981277594,0.625815526101251,1.58830590998668,-0.424681649139392,-0.622760898905472,-1.29836730196734,-0.371992718658297,-0.471792152073761,-0.752292666128179,-1.18926697056759,-1.14241875549932,-1.14014680236341,-1.28168056438569,-0.57608198279242,0.0228507661410864,-0.972153696502077,-0.972153696502077,0.865410831160271,-30.1648877591221,0.999058053912001,0.811020068529604,-0.711691177340283,1.28019824893799,-0.918314086244972,-0.443901051531987,0,2965.0000000001,0.174357892292124,0.00711644614999548,0.248930979935246,1.70679302420467,1549.43036743624,0.0624998605480869,38,2,"SNETWORK (2 3 1549.43036743624 0.248930979935246 100001272 38)",100
35,100001273,0.899677492926869,205,1.95876350285277,1.6240746339498,1.45807027539656,1.42805593959054,1.43873085382348,0.622397853864253,0.541364967949893,-0.11904182846489,-0.260647091595338,0.0106197953841921,1.13510954053635,-0.289774603370879,0.0106197953841921,0.0106197953841921,-0.575457174988059,-0.457751432683026,-0.560562415065949,-0.780900523178909,-0.461974056080332,-1.14579055441478,2.23053892215569,2.01958041958041,-0.227886977886978,0.899677492926869,12,-0.0924716836607223,-0.282967393882762,-0.280549220577984,-0.000168746978618923,0.895564296293369,0.244816023028359,-0.257800990118419,-0.46491928199301,0.21221086528632,225.0000000001,0.305356519030086,0.117649729844938,1314.0000000001,0.988651799220632,1.29400831815072,0.063816607443717,-0.023397396923399,-0.129865109279795,-0.26596170532996,-0.09096453832101,0.276789778385957,0.318604628707423,0.298827045951795,-0.0424171262240532,0.146863553595019,0.10834937325707,0.0617561792237222,0.130721746717351,-0.911315169409621,-0.144746208103447,0.596004386864676,1.11697181886013,2.19258446122347,2.15155944355969,2.28302402457116,-1.4180478155909,0.105682516859228,-0.913801381976503,-1.04533615265086,-1.04533615265086,0.39677824469965,-0.120192617894663,0.772917633092605,0.920350570711652,0.602790980188653,0.714967084871519,-1.43081009825292,-1.38214582129847,0,1314.0000000001,0.0150592672369837,0.0487573401067333,0.050742876312238,1.17950366995437,5450.90568548155,0.0156249669969604,978,2,"SNETWORK (2 35 5450.90568548155 0.050742876312238 100001273 978)",100
3,100001274,-0.64892060606989,22,-0.494845044588713,-0.486027089260215,-0.640656641110964,-0.630828421199535,-0.621755757978306,-0.305326278254252,-0.391263880644846,0.668044132110469,1.18684182079459,-0.00177814907247062,-1.14661113407582,0.370678901834303,-0.00177814907247062,-0.00177814907247062,-4.86144729818172,0.264808563054923,0.262803891239404,1.16043484869795,0.0935749174713556,0.0221765913757709,0.149700598802395,1.22237762237762,0.834152334152334,-0.64892060606989,7,-0.200232088834637,1.22276355889675,1.23489295293511,0.350298233975151,-0.643110258912106,1.861882543311,1.18577688708337,-0.947306410025964,0.886238403614328,4316.0000000001,6.11543051322003,0.308550819665237,541.0000000001,0.266881828185889,6.38231234130592,0.241668315856025,-0.0249906203104561,-0.542731201977569,0.919393676093266,0.264653494318345,-1.02881643462609,0.919460614337415,-0.853763380835531,1.16498927513028,-0.837019096239931,-2.15697302031061,0.697302799190078,0.593591337225362,-0.783525304672812,0.772809759473763,-0.471792152073761,-0.752292666128179,-1.42346632323779,-1.36854843076081,-1.38709147922194,-0.0713263712756644,0.528774830365326,-0.720970132371706,-0.0707215362598766,-0.0707215362598766,4.49856419346564e-05,-2.37564157168935,-0.374998004422039,-0.437345068861783,-1.41567235464324,-0.0546584616169281,0.0448073605337557,0.0350278003964332,0,4316.0000000001,0.231562749238543,0.0101055665174825,0.18832495589706,1.44119841046631,1462.04249771343,0.0624998605480869,23,2,"SNETWORK (2 3 1462.04249771343 0.18832495589706 100001274 23)",100
29,100001275,-0.633045089867002,123,-0.790377993358492,-0.853832397374456,-0.715996162004961,-0.715344983900652,-0.711097017555422,0.634249578752949,0.594123104880608,1.85541919724149,-0.0891476354873068,0.985086693788366,-0.120382550572685,3.02021590528378,0.985086693788366,0.985086693788366,0.0611004247986008,-0.708656217147594,-0.83012790735968,0.426360340483325,-0.999298723849448,1.05602816075095,-3.18648417450813,-1.88851148851148,0.604422604422604,-0.633045089867002,8,-0.328318112833222,-0.0966743220457921,-0.0960806811893086,0.343325270963576,-0.63040175941383,1.50449724870495,-0.0868117915473503,-1.86474062488891,0.0775325893939987,2105.0000000001,0.260934289658003,0.0594926081783876,833.0000000001,0.0792323935492116,0.340166683107214,0.0162337946227142,-0.467436896045604,-0.485358478094965,1.50365147350572,-0.222508208873419,-2.72659596252456,1.11061188929857,-2.85477911357121,0.520607933303808,-2.58122596353737,-2.42829298777167,-0.280629327920054,-0.124945172780039,0.0470834818445169,-0.0232817243387568,-0.471792152073761,-0.752292666128179,-0.897784372821835,-0.860982036160378,-0.83280147843515,0.0656166519832787,0.413409006628278,-1.59558291561025,0.0671733471145301,0.0671733471145301,0.0457593256935251,1.06316675953723e-11,0.236076712973481,0.0879534016359992,-2.25476950438496,0.817324870478713,0.240899674684313,0.601469984463764,0,2105.0000000001,0.0124525823727575,0.00378121214995669,0.751703602488503,0.537600306910676,1385.8072962195,0.25,918,2,"SNETWORK (2 29 1385.8072962195 0.751703602488503 100001275 918)",100
17,100001276,0.0601841692368531,219,0.152577399052067,0.406018494492994,0,0,0,-0.398926882100312,-0.428319355678493,-0.0811646988791654,0.828607886017781,0.168799675358897,-0.268496820907801,-0.0266806888075432,0.168799675358897,0.168799675358897,0.413946865044083,0.127833776691314,0.178018431286799,-0.0919728247108213,0.150163212263817,-0.443531827515401,0.0161216029479497,0.044324905863371,-0.265923265923267,0.0601841692368531,9,-0.64206663013971,0.927559909325545,0.93356300323882,1.15278405743917,0.0617092069815027,0.0570352906938705,0.828934650073211,0.49632216394576,0.203951838444194,2110.0000000001,0.688028857907145,0.112354985522599,2612.0000000001,0.469204420427815,1.15723327823496,0.0461385863250943,1.58521541336548,1.02419720005897,-0.251646130687967,-0.24947894997859,0.00960157668544036,-0.145565945961511,0.00894311365087866,0.502303115568706,0.230863249246706,0.491859195957942,0.0682605655165396,0.111628578641634,0.273132115848731,0.307462249844554,0.121428129376515,-0.277526342387341,0.102215627178156,0.139017963839617,0.167198521564845,0.45383668742302,-0.195190787942901,0.392031516144335,0.509645082176286,0.509645082176286,-0.40128884779641,1.06316675953723e-11,0.0178620647271338,0.0423648699285795,0.0407125691682148,0.0237850917971455,0.250440745167912,0.552125492167946,0,2612.0000000001,0.0274315294773142,0.0187070567477801,0.762806806341322,1.14109671727164,2397.15647573361,0.125,638,2,"SNETWORK (2 17 2397.15647573361 0.762806806341322 100001276 638)",100
28,100001277,0.263111204747679,223,-0.268041164135857,-0.507523118116241,-0.715996162004961,-0.715344983900652,-0.711097017555422,0.725513490283046,0.795302375945935,1.99793173723831,-0.598557079931331,-1.17847070426491,-0.458779583651475,1.99076824348601,-1.17847070426491,-1.17847070426491,-0.321173951213435,-1.02183370153911,-1.04609567347334,0.454929538043555,-1.39935677053386,0.468172484599588,-2.26546906187625,-1.53286713286713,0.194922194922195,0.263111204747679,8,-0.559115814134041,-0.00747468071470451,-0.00743730329243713,0.778037198796958,0.267019692323855,1.99110368769997,-0.594997685300376,-0.262226151163185,0.0755994039135435,8385.0000000001,1.0134823813946,0.0562190043989634,2151.0000000001,0.19333849149855,1.20682087279315,0.0566952645561152,-1.02300194476308,-0.853286981851664,2.6448441065553,1.68357869569651,-1.5724686165166,1.33014732597419,-1.62081394914294,-0.241144484904631,-1.12942509275564,-0.152995620870749,-0.540136289990175,-0.48371067334534,-1.4049739987463,-0.0956506081383342,0.121428129376515,-0.277526342387342,-0.897784372821835,-0.860982036160378,-0.83280147843515,1.27425037313851,0.51516205671546,1.68857539938596,1.75564400492205,1.75564400492205,2.99681778430677,1.06316675953723e-11,-0.266921574633523,-0.364888023560945,-0.114847516495991,-0.250541860478441,0.106910070722054,0.728552020465878,0,8385.0000000001,0.047612411194781,0.00908285326133418,0.41052629070629,0.334285538643599,1942.06511893463,0.125,764,2,"SNETWORK (2 28 1942.06511893463 0.41052629070629 100001277 764)",100
43,100001278,0.254479362197566,146,0.12371145778112,0.869954874556633,0.965149594579297,0.947078472655203,0.966783102940535,0.143340122665542,0.0770881668269737,-0.398635223936116,-0.499344230322941,-0.159963258900489,0.771087403565381,-0.201894473924744,-0.159963258900489,-0.159963258900489,0.0846902146365658,0.607923342111374,0.458550144706993,-0.362746270968643,0.804986945515031,0.147843942505134,-0.958083832335329,-0.581818181818182,-0.163390663390663,0.254479362197566,11,-0.34130896763458,-0.32644794388063,-0.323473310360129,0.352658018671471,0.252826265975642,0.397638948380867,-0.495979811597022,-1.09351101941562,0.0511345971444381,4.0000000001,0.201578075289845,0.0767626417470323,7.0000000001,0.529561515729748,0.731139590919593,0.0363354308689706,-0.263817593557177,-0.285593087593431,0.0145413339707849,0.0662000626565491,0.0832348136428765,0.455236743780886,0.0900817995900245,-0.376711130743659,0.079603297599452,0.0345459721573013,-0.374304877447461,-0.34928483470918,0.0282105499102187,-0.271730781675103,-0.353148128111645,0.538992472803681,2.19258446122348,2.15155944355969,2.28302402457116,-0.913891605972023,-0.205308069467394,-0.114666120660553,-0.749872150213709,-0.749872150213709,1.93680145723853,-1.11083709474276,0.813018720989488,0.653214650095906,0.680879969010044,0.740022597108855,0.0835123011430064,0.206288509133967,4.29561237682896e-13,7.0000000001,0.0100178218873258,0.0263176088816448,0.571452636874312,0.837545921094716,3631.13411841592,0.0312500660060792,1615,2,"SNETWORK (2 43 3631.13411841592 0.571452636874312 100001278 1615)",100
12,100001279,0.300819492508695,230,0,-0.0695595240108285,-0.467885001197052,-0.45962963966976,-0.447550990366083,-0.60909367721851,-0.699647169231775,0.0394282082897374,0.0874785410239683,-1.048999088261,-1.6827166496797,0.0263492258750179,-1.048999088261,-1.048999088261,-5.60250954003615,0.519855552707619,0.656770094440474,1.78227277082203,0.301281147161075,0.184804928131415,-0.778443113772456,0.103496503496504,0.51023751023751,0.300819492508695,7,-0.288247733058063,1.21899669478094,1.23103572463096,0.488994560133572,0.302206606252504,0.745370092206364,0.0892999051500936,-0.121090202926285,0.119714686645242,2113.0000000001,0.404428697065959,0.0611269780307556,880.0000000001,0.0860024121303995,0.490431109096358,0.018582547645579,1.00116813560107,1.40003037029553,0.870731809423432,0.560750178879151,-0.462677330613916,0.301413785772147,-0.383773333068709,0.29845478325988,-0.403537508777504,-0.466901034647538,0.0613429340874947,-0.0638263185199184,0.0794885302736184,0.100720537716393,0.223123099423871,0.103212322371745,-0.751834212897409,-0.690544926566652,-0.641104661755904,0.218725929697962,0.499250079465924,0.419930339720264,0.232162102375191,0.232162102375191,1.29637128128632,-7.45171957166604,0.753380709815412,0.68495855488124,1.06785241753578,0.581219830095652,0.604799980085835,1.18133929975301,0,2113.0000000001,0.0153238963685362,0.00325865117704276,0.17324030802761,1.61723176844991,2681.02474555514,0.0312499302740435,230,2,"SNETWORK (2 12 2681.02474555514 0.17324030802761 100001279 230)",100
17,100001280,-1.02907538274083,9,-0.711340194022643,-0.147031598306002,-0.358045591966192,-0.357303355798844,-0.355675841278248,0.00331755032528241,0.00287930957248082,0.408576497822387,1.43388745556074,0.607080381758357,0.0674966542605318,-0.104292021941391,0.607080381758357,0.607080381758357,0.515939305258513,0.0180975696672927,-0.00245995016943665,-0.575216407001531,0.100280807582651,-0.596303901437372,0.141716566866268,0,-0.395577395577396,-1.02907538274083,9,0.690744188745215,-0.0257865548703012,-0.0256515785370153,-0.562051565104708,-1.02633892488236,0.444071396579888,1.43542968213972,-0.986546747290572,0.348705153491151,386.0000000001,0.21519998918175,0.234660364995286,6094.0000000001,2.28632921655498,2.50152920563673,0.117899000055818,-0.938000053508593,-0.145435332971707,0.452833042856139,0.549599246732002,0.149015675674274,0.411853831278246,0.153719135831544,1.01191777792185,0.361825673498187,1.06026032773151,-0.612107990599979,-0.43389786734216,0.32012907856857,-0.260212306817958,-0.675181930528773,-0.587156310063935,-1.4058558810172,-1.37829262321507,-1.40813399619979,-0.473849687650637,-0.653265015783743,0.561278234545498,-0.428517655551239,-0.428517655551239,0.978719246457328,1.06316675953723e-11,0.734977261224987,0.665069262014588,-0.858847945439084,1.02651564325873,0.113016869163718,0.216621678729067,0,6094.0000000001,0.010142541389117,0.107756458566701,0.0303571439894115,0.582769400440156,1177.53541343887,0.125,428,2,"SNETWORK (2 17 1177.53541343887 0.0303571439894115 100001280 428)",100
28,100001281,-0.177473539211911,189,-0.790377993358492,-0.853832397374456,-0.715996162004961,-0.715344983900652,-0.711097017555422,0.767550357228717,0.771411588784378,2.0492277459112,-0.441013612039856,0.326244898224522,0.085331425667196,2.79698442974907,0.326244898224522,0.326244898224522,-0.0305132134484132,-0.881083362234055,-0.951087051670264,0.688341966145781,-1.26464008775333,0.468172484599588,-2.26546906187625,-1.53286713286713,0.194922194922195,-0.177473539211911,8,-0.514387328785863,2.36188058895686,2.41495219871547,1.1463023300765,-0.165969339959894,2.27470665079269,-0.437818271198351,-0.211741163042291,0.118461937706937,6429.0000000001,1.2176347201623,0.0358032048398636,5110.0000000001,0.292507878451311,1.51014259851361,0.0469021289248524,0.161898717357014,0.804916470134128,2.5822205117156,1.2623587987947,-2.0226723032262,0.78921471997963,-1.37641073072355,-0.0991423260373179,-0.769224349079653,-0.369960168614851,-0.464418276508597,-0.510772807522954,-0.051044067158766,-0.0857414560995304,-0.471792152073761,-0.752292666128179,-0.897784372821839,-0.860982036160378,-0.83280147843515,0.940189662421185,-0.119870049380792,1.76313335322449,1.19013887903031,1.19013887903031,1.04365959828378,1.06316675953723e-11,-0.441526210494387,-0.457684803194204,-0.0971792006195716,-0.446044193615127,0.939201889901246,0.630058274908657,0,6429.0000000001,0.0378173958949097,0.00908473292994274,0.16715243873316,0.384837833088673,1748.85492045038,0.125,730,2,"SNETWORK (2 28 1748.85492045038 0.16715243873316 100001281 730)",100
17,100001282,0.380502325322546,259,0.152577399052067,0.406018494492994,0,0,0,-0.522258664216283,-0.60591108171553,-0.174298542976584,0.659031517008813,-0.197765912176459,-0.400412391094554,0.203006439726043,-0.197765912176459,-0.197765912176459,0.369713005859726,0.247387211418809,0.313014947571601,0.019301357207932,0.280514146173791,-0.443531827515401,0.0161216029479497,0.044324905863371,-0.265923265923267,0.380502325322546,9,-0.626981014343049,0.406714390886116,0.40679001547471,1.00969330039806,0.381058390291663,0.729396578796309,0.659355382543697,-0.550019997776105,2.47838102112131,3214.0000000001,12.7353393466537,0.349945106701954,3192.0000000001,1.78590923196342,14.5212485785171,0.634281148307766,0.251077757310103,0.217550831891871,0.697373435971765,0.366287129382069,-0.510856242198515,0.503431104463296,-0.489402761656228,0.749847444358505,-0.677029027073711,-1.25582241168953,1.06142103357978,0.579438281374912,0.152777561440539,1.22133253054759,0.33670458338411,0.0787745742297452,0.0499335532096728,0.0679119336849203,0.081678472300376,0.127743563688269,-0.444293638778349,0.651959962998069,0.132701060487683,0.132701060487683,0.697232431245666,-0.0299097118813338,-0.709893782747803,-0.760559472567835,-0.341234260277166,-0.681013000018086,0.0958281361322977,-0.761846296974341,0,3214.0000000001,0.556273492594405,0.0780076556133616,0.903206548672363,0.882347048260272,2630.93975353301,0.125,678,2,"SNETWORK (2 17 2630.93975353301 0.903206548672363 100001282 678)",100
3,100001283,-0.211611063908564,127,-0.226804037760009,-0.273941878615531,-0.467885001197052,-0.45962963966976,-0.447550990366083,-0.381371822674489,-0.446621932969033,0.553302190705057,0.747177544632024,-0.0515257533805101,-1.24274014911598,-0.162714228078814,-0.0515257533805101,-0.0515257533805101,-4.37557234394132,0.154295861409914,0.223481234228223,1.10990665844581,-0.036499384756928,0.0739219712525668,-0.0898203592814364,1.0005994005994,0.837837837837838,-0.211611063908564,7,0.210875314367461,0.683493029220498,0.685925489846461,-0.200634118406512,-0.212507461059737,-0.176889627322137,0.747457223295378,-0.598336588711253,0.0891839518794667,1458.0000000001,0.207892714894869,0.0864728508487423,3076.0000000001,0.425266469943839,0.633159184738707,0.0263457684127533,-0.155899324471204,-1.15514870770577,-0.0480517311376259,-0.628329577153395,-0.913770343990816,-0.30611816533304,-0.83372337541327,0.378581304495164,-1.1908142802989,-2.39070786250298,0.594003620614589,0.536374899644393,0.161412569250569,0.964110975750431,-0.183656619125852,-0.461007527196321,-0.819458266673913,-0.769514680835134,-0.729924816845926,0.387639816995481,-0.863140277384924,0.913875820663202,0.428411281164348,0.428411281164348,0.100110154779244,-2.7970475816582,0.0332197207589294,-0.045083860947639,0.727720068033999,-0.125361446059597,-0.568605533278373,-0.71791936937722,0,3076.0000000001,0.00865042066951971,0.0176953476432336,0.624788982925937,1.83444412708162,2091.38029272635,0.0624998605480869,128,2,"SNETWORK (2 3 2091.38029272635 0.624788982925937 100001283 128)",100
3,100001284,0.118530870324956,190,-0.226804037760009,-0.273941878615531,-0.467885001197052,-0.45962963966976,-0.447550990366083,-0.391632837034453,-0.463327878509003,0.542611650885189,0.530751629219131,-0.691312822713123,-1.19171487102415,-0.851813671234531,-0.691312822713123,-0.691312822713123,-4.79807719817655,0.22198793015422,0.316322348769807,1.19199768722825,0.0338134360360266,0.0739219712525668,-0.0898203592814364,1.0005994005994,0.837837837837838,0.118530870324956,7,-0.257561261778145,-0.0280353956776797,-0.0278878438361745,0.247337371104338,0.120520331568694,1.07894453506764,0.540366250322324,-0.844287468645224,0.0586049634159775,5086.0000000001,0.476547053607973,0.0656839246294987,1268.0000000001,0.133159875877995,0.609706929385968,0.0287473416900573,-0.0100183179480599,0.0553256667204584,0.395238475220116,0.946098086995345,0.84453741064906,0.847143294068857,0.873139829604254,0.850006968533252,0.871365075721638,1.56050153468743,0.157959533097281,0.311615258745905,-1.07146487669495,1.00674677643074,-0.183656619125852,-0.461007527196321,-0.751834212897414,-0.690544926566656,-0.641104661755904,1.09471982265163,1.08987140610797,-2.74377940329969,1.44078701351294,1.44078701351294,-0.190464983663342,1.06316675953723e-11,-0.638139027261302,-0.473727952371088,-1.25743563935184,-0.381088387628911,0.366712921251128,0.11820317970328,0,5086.0000000001,0.0224689277305287,0.00627841385952853,0.87292475856958,1.36311299633235,2449.16744639036,0.0624998605480869,191,2,"SNETWORK (2 3 2449.16744639036 0.87292475856958 100001284 191)",100
3,100001285,-0.324633779667564,100,-0.226804037760009,-0.273941878615531,-0.467885001197052,-0.45962963966976,-0.447550990366083,-0.347443159974422,-0.416437622919845,0.574459370066242,0.799208238432563,-0.0574527965399121,-1.20945304249339,-0.13085095905295,-0.0574527965399121,-0.0574527965399121,-4.43433241773045,0.177568671214204,0.239656393333375,1.15761642159495,-0.0158918327076189,0.0739219712525668,-0.0898203592814364,1.0005994005994,0.837837837837838,-0.324633779667564,7,0.518307641824376,0.0241421145847404,0.0240310687556241,-0.473199454191212,-0.323912520059458,0.0102355031782868,0.79980411760182,-0.584476361483056,0.468196665481413,1634.0000000001,1.22313784210848,0.103122591704069,318.0000000001,0.052429531148867,1.27556737315735,0.0595922334938174,1.71548315588469,2.33318675191543,0.189407141598529,0.457618529526689,0.382007808869606,0.0320450078237565,0.391195449680119,0.582265685860984,0.542475916170705,1.13504251337213,0.0263055076979917,0.435189909471648,-1.02980822439993,0.622073606824429,-0.183656619125853,-0.461007527196319,-0.897784372821835,-0.860982036160378,-0.83280147843515,0.081943200698371,-0.199044421912617,1.13983446999324,0.0842097912686593,0.0842097912686593,-0.35270157050925,-19.761944027667,0.822472048578466,0.749328663681365,1.06621627866494,0.657286557698948,-0.234884003044374,-1.11521318584997,0,1634.0000000001,0.0571428191825526,0.00244941421126488,0.512456780478164,0.877467874728609,1929.40840908988,0.0624998605480869,101,2,"SNETWORK (2 3 1929.40840908988 0.512456780478164 100001285 101)",100
3,100001286,0.139668346117751,195,-0.226804037760009,-0.273941878615531,-0.467885001197052,-0.45962963966976,-0.447550990366083,-0.397595646676173,-0.468532684358229,0.535662363121374,0.525195540312638,-0.720511043708587,-1.20507023875926,-0.801816236040123,-0.720511043708587,-0.720511043708587,-4.81286805497363,0.223402949459484,0.31727942878198,1.21002319715058,0.0322971751845612,0.0739219712525668,-0.0898203592814364,1.0005994005994,0.837837837837838,0.139668346117751,7,-0.218173204933664,0.28091762060808,0.280532282537486,0.235957170772205,0.137774862128373,-0.136901938246479,0.52670122882653,-1.26650797551679,0.0923703631801408,4176.0000000001,0.616720202334492,0.0812177116933191,4971.0000000001,0.645490041052225,1.26221024328672,0.0563643463328159,-0.141414841828321,-0.214032668805921,0.151218694364478,-0.30727766267394,-0.709657157601808,-0.172022853697558,-0.695195052341187,0.34118728606506,-0.661676504731698,-1.13995442448962,0.67865728989296,0.768253951290309,0.138682283031885,2.42421130521145,-0.109032519804972,-0.357501066058931,-0.751834212897409,-0.690544926566656,-0.641104661755904,0.941402785323606,0.41858910587207,-1.17369108787128,1.19203692862516,1.19203692862516,0.137806693550746,-1.83690119337286,-0.546482010914367,-0.469833772565692,-0.911604051777399,-0.364247782291153,0.23380767530649,0.00163708806848803,0,4971.0000000001,0.0275398105784307,0.0288245356543852,0.891063718116574,0.0676398292909797,2475.32202522894,0.0624998605480869,196,2,"SNETWORK (2 3 2475.32202522894 0.891063718116574 100001286 196)",100
17,100001287,0.0223765535093607,214,0.152577399052067,0.406018494492994,0,0,0,-0.384868041505901,-0.418583410642736,-0.0753459857369764,0.852257926497857,0.186133748981284,-0.286066190323292,0.00169978310727998,0.186133748981284,0.186133748981284,0.418178331136533,0.11985977281517,0.168692008165603,-0.0876242437294022,0.139314200338798,-0.443531827515401,0.0161216029479497,0.044324905863371,-0.265923265923267,0.0223765535093607,9,-0.516554571857514,-0.0231193626113741,-0.0229991339059912,0.688134177268959,0.0227363771018346,0.515155462199724,0.852318394096083,-0.312549229578743,0.385096951551357,4808.0000000001,2.96026857036567,0.0950894151861326,3444.0000000001,0.523590663102498,3.48385923336817,0.164119857707684,0.408228319472701,0.461050312059611,0.874563175927605,0.6444771129196,-0.356365189261915,0.465081371531086,-0.36860179986115,0.820464099766899,-0.438381311933323,-0.933382803014999,1.33241983727746,0.821459601018539,0.171359506030875,1.77678523699529,0.121428129376515,-0.277526342387344,0.102215627178156,0.139017963839617,0.167198521564845,-0.303915877171732,-0.525386369073662,0.476458434356565,-0.285627525906536,-0.285627525906536,-0.0257437665126466,-0.154792846812428,-0.700692295098595,-0.641629022487928,-0.119765426572576,-0.724437697788382,0.208388888739343,-0.290190095917043,0,4808.0000000001,0.139454215484116,0.0246656421235687,0.745656439951795,0.551240039354028,2368.59895273937,0.125,633,2,"SNETWORK (2 17 2368.59895273937 0.745656439951795 100001287 633)",100
3,100001288,-0.0792359561957665,154,-0.226804037760009,-0.273941878615531,-0.467885001197052,-0.45962963966976,-0.447550990366083,-0.401044860716289,-0.47033273719353,0.533208231459442,0.669198781742465,-0.188828270419566,-1.28068858442191,-0.32495434560287,-0.188828270419566,-0.188828270419566,-4.46650471501994,0.145326821104453,0.217660809683881,1.042432834011,-0.0354531252563727,0.0739219712525668,-0.0898203592814364,1.0005994005994,0.837837837837838,-0.0792359561957665,7,-0.357632466770415,-0.533291678375479,-0.526981535432799,0.219123457521575,-0.0775882300635613,1.35021749424186,0.670070858459511,-1.04205166363404,3.63777730608762,621.0000000001,3.61179210113262,0.153734327220791,3655.0000000001,0.898365917265952,4.51015801829857,0.232485504981583,0.0140112654641496,-0.0765180810519287,1.33912284925718,1.29118162187256,-0.0889580408691426,1.15021173055493,-0.101472742144681,1.05333135428947,0.0370911281273504,0.0853139419745924,0.646889123457808,0.789373920311773,0.153726063259395,2.21977666425643,-0.183656619125852,-0.461007527196321,-0.751834212897414,-0.690544926566656,-0.641104661755904,0.750365952139342,0.266589203942576,0.110705658647902,0.906010473243177,0.906010473243177,-0.0666753931197694,-3.29292996616603,-0.146858383282642,-0.0931333596592222,0.238668154933608,-0.204445762487086,0.216354635647922,0.0219615781542286,3.37567218498396e-14,3655.0000000001,0.186177359362515,0.0463081455190684,0.728593562891026,1.2649609770085,2241.05619136152,0.0624998605480869,155,2,"SNETWORK (2 3 2241.05619136152 0.728593562891026 100001288 155)",100
13,100001289,0.844506864132676,311,0,-0.0695595240108285,-0.110963835372034,-0.110383201657025,-0.109843962764069,-0.965054133009344,-1.17426867471898,-0.53163340817078,-0.318353311315599,-1.39543552119979,-1.75802787879076,-0.237600258232026,-1.39543552119979,-1.39543552119979,-2.94941239147091,0.569945760979714,0.80740928143383,1.73111641045985,0.373794910247559,1.07186858316222,-1.64670658682635,0.299300699300701,1.38452088452089,0.844506864132676,7,0.699325019588696,-0.255595049233978,-0.253501674253109,-0.577523146736679,0.84457646359141,0.420627424402853,-0.315464907796542,0.642234680335163,0.122421475244727,1406.0000000001,0.275193368059437,0.0687765543024751,2596.0000000001,0.28545663104609,0.560649999005527,0.0275163377144693,0.794077350648206,0.669656694759071,-0.176889263126773,0.287836128027887,0.699727259058049,0.454515400339816,0.752752546641134,-0.0550097860896507,0.677008524948789,0.46335218803282,1.10767102443619,1.0204158602966,-0.628908390924624,2.08010319923248,0.223123099423871,0.103212322371746,0.000266486407404731,0.0193569620871753,0.064103074052999,-0.0540169981139182,-1.17402852302553,-0.556745900580558,-0.053775046697315,-0.053775046697315,-0.206952905045079,-1.37558070488947,-0.805026295229564,-0.687211175014579,-0.312330564157207,-0.792188656302546,-0.495723245827982,-1.27481183908579,0,2596.0000000001,0.0135063116682726,0.0140100259461967,0.274933956589018,1.09616395026153,3137.92762987348,0.0156249651370217,311,2,"SNETWORK (2 13 3137.92762987348 0.274933956589018 100001289 311)",100
17,100001290,-0.351724062473188,157,0.152577399052067,0.406018494492994,-0.241215637293384,-0.241906399880321,-0.243823950879704,-0.240765784878326,-0.237418989384331,0.0931856768118674,1.00628782959513,0.496231506108879,-0.160008690182883,0.00137816765474697,0.496231506108879,0.496231506108879,0.456257414793722,0.0127408517123287,0.0481012964934683,-0.241640482037903,0.0324618712926329,-0.443531827515401,0.0161216029479497,0.044324905863371,-0.265923265923267,-0.351724062473188,9,-0.43848499544465,-0.25124449416788,-0.24920093241794,0.501747459574242,-0.346717873439086,1.08326893257901,1.00567365298807,-0.207180342663416,0.965765601568374,4980.0000000001,7.68949201049239,0.10364387522207,225.0000000001,0.0372840203401698,7.72677603073256,0.378934145643741,-0.428483966381627,-0.161034719329034,0.703704108598845,0.81663412989589,0.169278524735906,0.912135215967502,0.181530121333845,1.09335180020197,0.380978828892009,0.902449725143539,-1.19179626274305,-1.15219101004859,0.184354998178843,-0.415787681928036,0.121428129376515,-0.277526342387342,-1.4058558810172,-1.37829262321507,-1.40813399619979,0.464676169958325,-0.50088590320987,1.31734627566207,0.52318781882487,0.52318781882487,-4.50645612060264,1.06316675953723e-11,-0.228777789227211,-0.04931543011224,0.323848456219562,-0.314744983658433,0.906488580881637,1.22446184130371,0,4980.0000000001,0.377105674225802,0.00182847131793823,0.54553558382154,2.56244655419141,2035.3724886064,0.125,576,2,"SNETWORK (2 17 2035.3724886064 0.54553558382154 100001290 576)",100
37,100001291,0.214687609773879,58,1.29896932353205,1.22104076566898,1.45807027539656,1.42805593959054,1.43873085382348,0.102257503719871,0.0296681115322349,-0.50564356712723,0.671449942662674,-0.342921651406278,0.613526898317737,-1.10286609039609,-0.342921651406278,-0.342921651406278,-0.518774595643119,-0.553617560240308,-0.599149549411189,-0.474414812000758,-0.638940880340839,0.170020533880904,-0.850299401197607,-0.17062937062937,0.240786240786241,0.214687609773879,12,-0.286299006361492,-0.511563103132676,-0.505657288449313,0.218491767710154,0.21343804632144,0.238545968461058,0.671878887677504,-1.14085120609002,0.114792798599925,166.0000000001,0.121865224770942,0.489339303706522,342.0000000001,1.07026979149134,1.19213501616228,0.0612154010639467,-0.403250476333484,-0.451161088708928,0.460541226141151,0.425452904583767,-0.0582739357064018,0.373202766120267,-0.0664999463097682,0.693119987717065,0.00608887016528235,0.0148554665367373,-0.357248264953326,-0.317973599072696,0.153969555610905,-0.128838671014464,0.528207847926239,1.07109749798066,2.19258446122347,2.1515594435597,2.28302402457116,0.40401711778355,0.173866771806738,-0.570329728032162,0.448275484472236,0.448275484472236,0.596035995841451,-2.31853269326074,0.543032253451162,0.726938787947233,0.674714069154885,0.445811634009239,-0.277616261684319,-0.896400899405215,0,342.0000000001,0.00625770444729846,0.0549576965166482,0.338418226065685,1.21679206838601,4575.2442251139,0.0312499339939208,1106,2,"SNETWORK (2 37 4575.2442251139 0.338418226065685 100001291 1106)",100
17,100001292,0.0810214369590134,222,0.152577399052067,0.406018494492994,0,0,0,-0.475923726019285,-0.525626508215538,-0.142923890656161,0.727077353608396,0.0567472825329638,-0.351497425262995,0.209674443645699,0.0567472825329638,0.0567472825329638,0.385303631011247,0.234472199208799,0.298091857567448,0.00186840749591591,0.26742278518362,-0.443531827515401,0.0161216029479497,0.044324905863371,-0.265923265923267,0.0810214369590134,9,-0.566872757813125,-0.127020398687336,-0.126190948755533,0.887934623859972,0.0814687452417396,0.773095245504583,0.743512432274302,-0.601398616912163,0.121233669612426,1022.0000000001,0.198093726178165,0.109382032763275,4526.0000000001,0.79151128995144,0.989605016029604,0.0474802417812835,0.645459301119252,1.3690053633721,0.213852159718814,-0.329294350805526,-0.802264152600329,0.677119833369423,-0.844808998524774,0.872203026630774,-0.982356546338926,-1.74941380119716,-0.436658062967606,-0.448428372717958,0.159459462938005,-0.104175517473251,0.121428129376516,-0.277526342387342,0.102215627178161,0.139017963839617,0.16719852156485,1.05598864112307,-0.98113390981911,1.90916703242105,1.37625555336609,1.37625555336609,-1.42301851421146,1.06316675953723e-11,-0.392145774054888,-0.187725886413803,-0.211240707984184,-0.364406202202546,-0.477256181385402,0.793229462759848,0,4526.0000000001,0.00950433540487056,0.037975906276413,0.77505609440979,0.964471218196408,2417.55308521316,0.125,641,2,"SNETWORK (2 17 2417.55308521316 0.77505609440979 100001292 641)",100
29,100001293,-0.397073335752883,165,-0.790377993358492,-0.853832397374456,-0.715996162004961,-0.715344983900652,-0.711097017555422,0.557796964669989,0.539617174341007,1.76628230854512,-0.26652974246205,1.151541263279,-0.226317673383265,3.66245033714294,1.151541263279,1.151541263279,0.0869830665608648,-0.803703907328384,-0.87973453279469,1.00441311353226,-1.22494866598048,-0.720739219712526,0,-0.434965034965035,-0.700859950859951,-0.397073335752883,8,0.516088687142147,-1.85523617943773,-1.79910856643147,-0.499414566736322,-0.393944440625367,0.519630657327904,-0.263846352199266,0.0785596655175333,0.178956700278776,1063.0000000001,0.304141717017126,0.0639344020605624,1510.0000000001,0.15434988859549,0.458491605512616,0.0299026850342882,-0.262147297333612,0.224249552156561,0.986855429929346,0.296271576397499,-1.07374665053995,0.97463163441944,-1.53873332698089,0.258506310623213,-2.04788516546985,-0.47097877485044,2.28422175731297,1.38474818187405,-0.189355579032629,4.16435068607232,-0.175187898417739,-0.514914215799575,-0.448902310233279,-0.430500774342175,-0.41640900387072,0.462830515134736,-0.157717981218679,1.00362767309654,0.52087702952961,0.52087702952961,-0.0784617242175076,-0.355943956540049,-0.826252557832484,-0.766769858127932,0.155608424890182,-0.92848117229886,0.235117490935242,-0.0250849789250401,0,1510.0000000001,0.0198360315194029,0.0100666534148853,0.999065968947427,0.739440784789622,1615.2890399326,0.25,960,2,"SNETWORK (2 29 1615.2890399326 0.999065968947427 100001293 960)",100
3,100001294,0.0669312030572469,181,-0.226804037760009,-0.273941878615531,-0.467885001197052,-0.45962963966976,-0.447550990366083,-0.404395710241312,-0.479716743280981,0.523061176069181,0.569948135610901,-0.494856237995556,-1.23941835922633,-0.66831630656279,-0.494856237995556,-0.494856237995556,-4.67416682414262,0.185499094611741,0.267801264240606,1.09439603355529,0.00567894481455471,0.0739219712525668,-0.0898203592814364,1.0005994005994,0.837837837837838,0.0669312030572469,7,-0.307120588502172,-0.180870981048267,-0.179564484773422,0.155565826012217,0.0736096090760109,1.34480418162251,0.570476948758431,0.0176208092521286,0.057386224101892,5300.0000000001,0.486271205126252,0.0418386112778025,2230.0000000001,0.149168511993931,0.635439717020184,0.0307785849665944,-0.169196912391075,-0.0388472199569871,1.37218172776644,1.1558242556452,-0.349940154528245,1.04644697139725,-0.372319322776923,0.956571906247758,-0.386702195264556,-0.62462936485683,1.23522294382798,0.664503445713172,0.143308133820437,2.21401461332643,0.0194896807449936,-0.179235890631952,-0.751834212897414,-0.690544926566661,-0.641104661755904,1.10513686678579,-1.41369424450079,1.7170083388395,1.45834343050863,1.45834343050863,0.00721243534324182,-0.503729302571487,-1.26187046568249,-1.2546219537585,-1.00253783961536,-1.12580356645329,-0.798024356375502,-0.941925569144051,0,5300.0000000001,0.0235533586484359,0.00722522621815856,0.836034927448071,2.6449886183757,2395.97597231986,0.0624998605480869,182,2,"SNETWORK (2 3 2395.97597231986 0.836034927448071 100001294 182)",100
3,100001295,0.2079385502444,211,-0.226804037760009,-0.273941878615531,-0.467885001197052,-0.45962963966976,-0.447550990366083,-0.420172526288795,-0.492713100867809,0.500669683017958,0.492261161880241,-0.860814296556253,-1.24328230840345,-0.637645472437388,-0.860814296556253,-0.860814296556253,-4.87780883657143,0.233380016493672,0.327740214208502,1.28447668633597,0.0312466444453441,0.0739219712525668,-0.0898203592814364,1.0005994005994,0.837837837837838,0.2079385502444,7,-0.155592663123968,1.1422808845164,1.15254751521646,0.153883704483244,0.20669288168481,0.844490101334677,0.495364568960707,-0.849104609689688,0.135149034241576,7429.0000000001,1.60523396020837,0.10136279142873,1893.0000000001,0.306777998820881,1.91201195892926,0.0734235662081621,-0.0626282113729554,-0.397028093208145,0.994577615572321,0.551179236141812,-0.699272453584296,0.385307260849675,-0.588323604253912,0.607585014945504,-0.524055712200958,-0.8740429877138,0.872027543300981,0.673431902681073,0.238942165535755,1.52695193695506,0.223123099423871,0.103212322371745,-0.751834212897414,-0.690544926566652,-0.641104661755904,0.558161241168138,-1.58699453904371,0.217318174553001,0.642877862397851,0.642877862397851,-0.0584948191159086,-2.07136294207397,-0.709912254131994,-0.67397762272845,-0.348921849066929,-0.679176059383376,-0.7263675085176,-0.628985411871944,0,7429.0000000001,0.0616429208221335,0.0117806452860286,0.956933127369732,0.0984188956759662,2570.2991738851,0.0624998605480869,212,2,"SNETWORK (2 3 2570.2991738851 0.956933127369732 100001295 212)",100
41,100001296,-0.79121881989699,29,-0.886598059773572,-0.0928456434617663,-0.0369605603324269,-0.0422694509956289,-0.0386919408759992,0.938584418723227,1.11619709046639,0.897483006843865,-0.0753065487011981,0.324205114728758,0.428845042080583,0.353488815057406,0.324205114728758,0.324205114728758,0.554176424512621,-0.283550005730272,-0.436951293350765,0.055273414544336,-0.395430295429867,-0.720739219712526,0,-0.434965034965035,-0.700859950859951,-0.79121881989699,10,0.193873940973627,2.77672337633847,2.85101139813101,0.0507207366597189,-0.789914927112761,-0.279848884007123,-0.0731000236747779,0.0243163501799254,0.0485258724142019,951.0000000001,0.295127315545263,0.220544090906629,3151.0000000001,4.44425908035255,4.73938639579781,0.136988948631991,-0.235713771663557,-0.445455950306209,0.0160408487804735,-0.736037533953317,-1.17074415218945,-0.850413660573208,-0.740422330296039,-0.48275610921578,-0.75326490281963,-0.721958224185187,0.277879028312175,0.107648670183008,-0.989998192565675,-0.0135976524144063,-0.658232714974315,-1.30374704394875e-15,-1.4058558810172,-1.37829262321507,-1.40813399619979,-0.454368424284119,0.474047235202473,-0.0372925587114811,-0.412706506089031,-0.412706506089031,0.84299068724405,-0.0930853447686621,0.227262803010546,-0.235094087886851,-1.00500829842572,0.505754557359538,0.0844409484857632,-0.126418616453898,0,3151.0000000001,0.0085304672905791,0.128458481241412,0.0505387247842113,0.412871608108029,1846.02438497097,0.0625,1235,2,"SNETWORK (2 41 1846.02438497097 0.0505387247842113 100001296 1235)",100
15,100001297,0.997222401273131,357,0.288659805977357,0.708741764562854,0.0737102907633875,0.0682577010310203,0.067165878475577,-0.438626729165944,-0.586051828801529,0.140647822436617,-0.0235464780065811,-0.857490324380925,0.0846428691672686,0.146559188518589,-0.857490324380925,-0.857490324380925,0.284219646056543,0.576781163936359,0.686853751580381,-0.277602773112355,0.75013768278225,0.279260780287472,-1.27411842980705,-0.441958041958041,0.405132405132405,0.997222401273131,9,1.52424747074082,0.144090813599598,0.143646497709991,-0.742224132415172,0.992316837387889,-0.0775660643985705,-0.0214874998680546,0.788646400132088,11.9367511250477,2389.0000000001,45.593072851336,1.60515205277954,2315.0000000001,5.94105740089834,51.5341302521344,2.35729674505557,-0.477347881907967,-1.40877836139956,-0.580155623009811,-0.589196645839718,-0.00332180942279618,-0.0808947904667426,-0.00350644898527341,0.00993951597834941,-0.237512465555768,-0.237780035259338,0.59390224364167,0.42868946354027,-0.96726352363585,1.05076681981493,0.562105955755759,0.451834062908153,-4.52365144789511e-15,-4.51494518067087e-15,-4.84823954093274e-15,0.7977859007928,0.990229595459806,-2.34552994508415,0.974645348384731,0.974645348384731,-0.404283118959419,1.06316675953723e-11,-1.01023476494351,-0.927590326217008,-1.98273067661193,-0.613406691184046,1.38074862291746,0.448682425743334,0,2389.0000000001,2.08553829664173,0.271758448313838,0.0480769649907218,0.728204719572391,3183.84307141212,0.0625,343,2,"SNETWORK (2 15 3183.84307141212 0.0480769649907218 100001297 343)",100
37,100001298,-0.0333898446215682,10,1.29896932353205,1.22104076566898,1.50580654500643,1.48232234240258,1.49987706507974,0.0801281111542591,0.0114550137532095,-0.463798548574546,0.728448611469128,-0.27106175945753,0.61354879816855,-1.11009825088685,-0.27106175945753,-0.27106175945753,-0.495620952523779,-0.49686354158368,-0.529576259947105,-0.385711852318047,-0.583628437811251,0.170020533880904,-0.850299401197607,-0.17062937062937,0.240786240786241,-0.0333898446215682,12,1.21511816195268,0.231064286177405,0.230603705102742,-0.730226843010417,-0.0348005013440379,0.315189202017114,0.728647084458639,-0.460852337130411,0.187483909826143,5.0000000001,0.0059950260567543,0.383737166519339,1e-10,1e-10,0.0059950260567543,0.000270065418315852,1.17560477039196,0.214508848984161,0.0798826487629304,-0.153326185403814,-0.346799420822001,0.243575320707798,-0.34279005061418,0.656504757763732,-0.394374095518052,-0.784443961654214,-0.143099242452213,-0.129894285813285,-1.03101248271149,-0.033877370726643,0.528207847926239,1.07109749798066,2.70840082864406,2.67872578178211,2.82264244254143,0.0507083138993778,-0.229658298547975,1.09503400995136,0.0517298797457537,0.0517298797457537,-0.616633056893283,1.06316675953723e-11,0.569816084791772,0.597834171166336,1.23079151222504,0.340808818814945,-0.22746141085398,0.816272886593255,0,5.0000000001,0.000270065318315852,0,0.0532368552768846,0.625981000026669,4285.75180106473,0.0312499339939208,1058,2,"SNETWORK (2 37 4285.75180106473 0.0532368552768846 100001298 1058)",100
37,100001299,0.509701360741434,122,1.29896932353205,1.22104076566898,1.45807027539656,1.42805593959054,1.43873085382348,0.174943749743352,0.10037015470271,-0.467833250785621,0.551497384858562,-0.498605588633,0.641658575859806,-0.951348416290272,-0.498605588633,-0.498605588633,-0.550005996173384,-0.645490412032378,-0.700482228533182,-0.539853928086975,-0.742785548805867,1.28439425051335,-2.76197604790419,-0.927972027972028,1.1480343980344,0.509701360741434,12,1.16167266902897,0.461847982956079,0.462246903648444,-0.702898945560671,0.508181254206809,0.818023970212184,0.552931977989996,-0.398191753715409,0.0497652163217869,53.0000000001,0.0168678150092701,0.101112190194533,839.0000000001,0.54252847844671,0.55939629335598,0.0241988661180416,1.28319746332173,0.154739288031787,0.892776800434234,-0.285666103000871,-1.76990926868482,0.547950621917458,-1.67939485223415,0.716879712840299,-2.26065498733451,-3.98308707729471,-0.228288860318178,0.0407602721631899,-1.08354172179228,0.133452813360756,0.528207847926239,1.07109749798066,2.19258446122347,2.15155944355969,2.28302402457116,0.313211450959503,-1.15147922074793,0.759583233228601,0.340026841815724,0.340026841815724,-0.0116148062151498,1.06316675953723e-11,0.242334937500666,0.236116092895871,0.442124049937621,0.172664842639226,-1.04560682381442,-1.07613506380558,0,839.0000000001,0.000729683049257833,0.0234691829687838,0.721041350882988,0.236908665858209,4963.65141873337,0.0312499339939208,1170,2,"SNETWORK (2 37 4963.65141873337 0.721041350882988 100001299 1170)",100
41,100001300,-0.683353493570521,55,-0.886598059773572,-0.0928456434617663,-0.0369605603324269,-0.0422694509956289,-0.0386919408759992,0.98573244822785,1.16709529261224,0.868422883090435,-0.106700340849046,0.420902629289687,0.47852850784992,0.37427162793935,0.420902629289687,0.420902629289687,0.555686377901388,-0.373431415385859,-0.513976601966131,0.107999305368385,-0.518395862069495,-0.720739219712526,0,-0.434965034965035,-0.700859950859951,-0.683353493570521,10,0.0297459859521599,0.539205272695648,0.540181120485701,-0.0381680403699171,-0.681877562098193,-0.528081300604159,-0.101351422673199,0.34582360152174,0.246575739296317,534.0000000001,0.842067954258044,0.150970309844457,669.0000000001,0.645911777126704,1.48797973128475,0.0635007607839785,1.34655979607585,1.0498515562822,-0.553369571320967,-0.521461865344459,0.0571356257312192,-0.66153034684995,0.0536892460775831,-0.392752333565173,-0.0225380393960244,-0.0156047660050548,0.131331533167104,-0.0571817877542461,-1.01716149569388,-0.125378064254746,-0.658232714974315,-1.30374704394875e-15,-1.2263858579099,-1.19772338222992,-1.22066010030859,-0.480151467147433,0.306548942907219,-0.361677098077463,-0.433601502567453,-0.433601502567453,0.58843975456755,1.06316675953723e-11,0.571255066206073,0.552551112658992,0.000274906804513409,0.639653637360623,0.701311182203023,0.28789311989005,0,669.0000000001,0.0359359435588966,0.0275648171250818,0.13653774735802,1.2511897079141,1992.21358376509,0.0625,1261,2,"SNETWORK (2 41 1992.21358376509 0.13653774735802 100001300 1261)",100
41,100001301,-0.822475635103712,19,-0.886598059773572,-0.0928456434617663,-0.0369605603324269,-0.0422694509956289,-0.0386919408759992,0.922869803423001,1.10096846881879,0.90195245300849,-0.0703582278873331,0.32379357362009,0.412973611029096,0.349551356040288,0.32379357362009,0.32379357362009,0.55561965342358,-0.277545732676696,-0.431853557183319,0.0348022273979975,-0.384113391711821,-0.720739219712526,0,-0.434965034965035,-0.700859950859951,-0.822475635103712,10,0.196479496463554,-0.283790012613927,-0.281361773587255,-0.0894572139640215,-0.823221473568709,-0.704662781271821,-0.0681705428460702,0.0511841965653649,0.0537101914163847,374.0000000001,0.12846471010883,0.0766362347059107,1402.0000000001,0.68712810311501,0.815592813123841,0.0402284304970717,-0.382171989856184,-0.249179983670107,-0.75959572552773,-0.700891858634483,0.1049756903281,-0.726964946836674,0.112969957081033,-0.400016395484697,0.308123913872185,0.297637367828111,-0.429076196915011,-0.704421503300864,-1.29836730196734,-0.301008077562607,-0.658232714974315,-1.30374704394875e-15,-1.4058558810172,-1.37829262321507,-1.40813399619979,0.412967326090334,-1.57748394900933,0.0187913128652554,0.459195687828497,0.459195687828497,-0.775148472927859,1.06316675953723e-11,-0.757512709826412,-0.619484060722326,-0.340168487383602,-0.733424492001376,-0.175340148594738,-0.389661503464216,0,1402.0000000001,0.00633641390966889,0.0338920164874029,0.019625245085606,0.220122744329274,1793.47475482606,0.0625,1225,2,"SNETWORK (2 41 1793.47475482606 0.019625245085606 100001301 1225)",100
17,100001302,-0.237608143696584,174,0.152577399052067,0.406018494492994,0,0,0,-0.281638645109898,-0.283811099325968,0.0475647970234431,0.963482511170762,0.458923241623736,-0.17133208679924,-0.035074288699223,0.458923241623736,0.458923241623736,0.446349022791375,0.0283545862749701,0.0668738288020011,-0.234540360708721,0.0508457099139029,-0.443531827515401,0.0161216029479497,0.044324905863371,-0.265923265923267,-0.237608143696584,9,-0.310565793380114,-1.11707595828823,-1.09501942042881,0.121495930224129,-0.238547815947704,-0.399933324925677,0.963151037543372,-0.665642293200765,0.124652965194454,1488.0000000001,0.29655286176276,0.100096253667244,3307.0000000001,0.529235042295558,0.825787903958318,0.0472098099888929,0.409514860621891,0.337171785016579,0.553626147314619,-0.303513985716935,-1.30327967851942,-0.126999206076841,-1.63598434749017,0.568973762899986,-0.798136559747631,-1.82044361380202,0.45924860456784,0.615615502709468,0.18084428263741,0.867315272529816,0.121428129376516,-0.277526342387341,0.102215627178165,0.139017963839626,0.16719852156485,0.079869023881553,-0.595958877738204,0.880667019713087,0.0820382143251012,0.0820382143251012,-0.509211901640029,1.06316675953723e-11,-0.60521380961482,-0.627807475590845,-0.397493784168319,-0.552771944466199,0.504649081543866,0.160933717324228,0,3307.0000000001,0.0169537530831986,0.0302560568056943,0.606195784571075,0.241975129204225,2136.37937314725,0.125,593,2,"SNETWORK (2 17 2136.37937314725 0.606195784571075 100001302 593)",100
29,100001303,-1.08722585052931,21,-0.790377993358492,-0.853832397374456,-1.31184600508887,-1.30651564302517,-1.32383268064034,0.426128553524761,0.38156636659777,1.56439065162962,0.256147793476774,0.587237604776816,-0.147817955684425,2.06856595115489,0.587237604776816,0.587237604776816,-0.237095439508458,-0.345139832526799,-0.486748016690597,0.0769409377957182,-0.477070170947059,0.279260780287474,-1.27411842980705,-0.441958041958041,0.405132405132405,-1.08722585052931,8,0.819024943654495,9.83877725600669,10.6301869520268,0.250497352230401,-1.08746384486189,-1.10622396187349,0.257484321114434,0.744364195734359,0.142057515994238,2967.0000000001,0.673870629356997,0.0858846271177912,37905.0000000001,5.20483181408742,5.87870244334442,0.0507858922569477,-1.91861238408721,-0.601151077849127,-1.09855671556101,-1.1314475987209,-0.0347340360097407,-2.30668452063164,-0.00221302820891533,-1.91057932588209,0.00264335310729551,0.00355035399289167,-1.22603279111519,-1.4288499929878,0.105028492348628,-0.481935914064412,-0.471792152073761,-0.752292666128179,-2.3587188560243,-2.29529197602235,-2.43477706343215,-2.66677062114878,-0.030499915533446,-0.511257350441792,-1.53704996231577,-1.53704996231577,0.332110160265165,1.06316675953723e-11,-0.0243034278045528,-0.0727832217213253,-0.349705858368193,0.082586840312599,-2.54973937591052,-1.53691302154259,0,37905.0000000001,0.00582154334831291,0.0449643488086348,0.134721088504293,8.39701612601453,813.423448278363,0.25,817,2,"SNETWORK (2 29 813.423448278363 0.134721088504293 100001303 817)",100
17,100001304,-0.0318032182533998,208,0.152577399052067,0.406018494492994,0,0,0,-0.384304753792972,-0.412507244631986,-0.0665416870881602,0.857466287391155,0.204096495957336,-0.284541485900455,0.00106378945429387,0.204096495957336,0.204096495957336,0.419603194640232,0.118548565457852,0.167483066804309,-0.0911474672895257,0.138304981237212,-0.443531827515401,0.0161216029479497,0.044324905863371,-0.265923265923267,-0.0318032182533998,9,-0.760236668106341,0.255981240625671,0.255550597457789,1.32082562645272,-0.0326766087245164,0.558069797401046,0.857748513540616,-1.17984526021794,0.162534499425088,2891.0000000001,0.751259927626253,0.11176681664551,2805.0000000001,0.501236075961522,1.25249600348777,0.0561761760083517,-0.328061847670868,-0.412989638090234,0.57674748351373,-0.316295620696252,-1.40016903631786,0.422869688818891,-1.37764313121259,0.802463439011225,-0.736575590888516,-1.57925055457366,0.213394392064224,0.139851222163685,0.275780464405821,0.664478700387419,0.121428129376515,-0.277526342387344,0.102215627178156,0.139017963839617,0.16719852156484,1.00395202337496,0.627828379681737,0.41118658113413,1.29137345667393,1.29137345667393,-1.55219386204285,1.06316675953723e-11,-0.408563527517144,-0.266272904915294,-0.136416224924167,-0.40046328920152,0.981157584591756,1.69708019098706,0,2891.0000000001,0.0336950455150828,0.0224811303932689,0.723666990737067,1.02510997405978,2331.98374654974,0.125,627,2,"SNETWORK (2 17 2331.98374654974 0.723666990737067 100001304 627)",100
17,100001305,-0.989680942183045,20,-0.711340194022643,-0.147031598306002,-0.358045591966192,-0.357303355798844,-0.355675841278248,-0.00540571534674578,-0.00529063184906588,0.39343500997786,1.41650710234467,0.6186249703329,0.0639029061200265,-0.0961633946306594,0.6186249703329,0.6186249703329,0.516166566953459,0.00568138093700822,-0.0107721009546489,-0.553695204166616,0.0806884226124008,-0.596303901437372,0.141716566866268,0,-0.395577395577396,-0.989680942183045,9,0.606356045001201,-0.0987856481164799,-0.0981763687692135,-0.51784843231928,-0.982240821845408,0.978777218100622,1.41495024526768,-0.30362368431317,0.386109951884121,1611.0000000001,0.994496159960026,0.16305716165538,587.0000000001,0.153029286766508,1.14752544662653,0.0547838037423297,0.482490287999401,0.47697473890549,1.22231770414814,1.00800203965216,-0.336531651937364,0.804425919972161,-0.352850480811917,1.19074016962396,-0.161120646565197,-0.459512784151108,1.85380916009647,1.28667455125779,0.318967024232613,2.40323383854441,-0.344006412625812,-0.539303802943683,-1.4058558810172,-1.37829262321507,-1.40813399619979,-0.28526167522779,0.52538628889037,-0.21682606830554,-0.269239793675521,-0.269239793675521,-0.169480340217795,-0.156036492326503,-0.837778697797468,-0.868064227648465,-0.992579323215789,-0.663726308419266,0.507034333252945,0.2636718200342,1.68277337645277e-15,1611.0000000001,0.0474780602989991,0.00730574334333065,0.0663000797594071,1.73008647678571,1237.38493451727,0.125,439,2,"SNETWORK (2 17 1237.38493451727 0.0663000797594071 100001305 439)",100
17,100001306,-0.106226514110671,195,0.152577399052067,0.406018494492994,0,0,0,-0.356035360816811,-0.376827227477058,-0.0347281784298646,0.897837509723156,0.313864043973845,-0.240060482228436,-0.0235733246806176,0.313864043973845,0.313864043973845,0.430317373326633,0.0873902307395805,0.13464467211502,-0.134409072541564,0.106942128512314,-0.443531827515401,0.0161216029479497,0.044324905863371,-0.265923265923267,-0.106226514110671,9,-0.487680489865404,-0.107997792986337,-0.107318936989896,0.487136144399888,-0.109042205786312,0.0487323417298125,0.898455560029134,-1.09508065618163,0.073219736984622,340.0000000001,0.0398018864721609,0.112783841997431,5691.0000000001,1.02620008112447,1.06600196749663,0.0509744955430551,-0.262524570581197,-0.152906620555529,0.416167294663813,-0.300112018192456,-1.11421908783106,0.100746928524301,-1.16918848296024,0.660308701170701,-1.09989333628546,-2.42548557296986,0.652131667378113,1.09286293726343,0.279388266948972,3.87003030141041,0.121428129376515,-0.277526342387344,0.0569579962560034,0.0774654999679575,0.0931686575546928,0.802204437115841,1.14095062632455,-0.572858304381791,0.981118450474303,0.981118450474303,0.0291015576852823,1.06316675953723e-11,-1.14515554731134,-1.07900915216864,-1.04078913610487,-0.988731719735881,0.722253411420194,0.238325099022925,6.66393943503915e-14,5691.0000000001,0.00190326203661482,0.0490712334064402,0.680147967959906,0.347135591312321,2259.51908512976,0.125,614,2,"SNETWORK (2 17 2259.51908512976 0.680147967959906 100001306 614)",100
37,100001307,0.179559426507915,50,1.29896932353205,1.22104076566898,1.45807027539656,1.42805593959054,1.43873085382348,0.0970902644557617,0.0243337363939068,-0.502329900193988,0.678309255688188,-0.337846880480247,0.604134967382632,-1.07216763705363,-0.337846880480247,-0.337846880480247,-0.515514129533588,-0.545151333733616,-0.589154032047251,-0.453266074048428,-0.632138352342633,0.170020533880904,-0.850299401197607,-0.17062937062937,0.240786240786241,0.179559426507915,12,-0.649583211584664,0.0436258088619332,0.0434359335894067,0.990256718196097,0.177378584748312,0.145486023621148,0.678690287158469,0.115779113629828,0.0514159684138132,20.0000000001,0.00657635249382861,0.911002874226037,30.0000000001,0.174782547094276,0.181358899488105,0.00844375323272054,-0.120929159368324,0.399582948206747,-0.181980956621011,0.638743717375487,1.26123650047645,0.149212512957637,1.28783809332764,0.585498950642032,0.642270765613191,1.24299437324414,0.444339712524027,0.298825685140882,0.258861949151865,0.209980052274857,0.528207847926239,1.07109749798066,2.19258446122347,2.15155944355969,2.28302402457116,-0.0984456814640397,-0.404200255627006,0.824519912644725,-0.0969982733712372,-0.0969982733712372,0.19471397900818,1.06316675953723e-11,-0.152349625175788,0.0236116407930306,0.991293240976839,-0.392278951522724,-0.368268680233179,-0.316656255552032,0.00260640776645889,30.0000000001,0.000306183464470819,0.00813756966824973,0.294651563083734,1.18499907758087,4530.81594663223,0.0312499339939208,1098,2,"SNETWORK (2 37 4530.81594663223 0.294651563083734 100001307 1098)",100
16,100001308,0.886084097319606,336,0.288659805977357,0.708741764562854,0.0737102907633875,0.0682577010310203,0.067165878475577,-0.740767033918235,-0.844390101139873,-0.40961499655721,0.343844798404684,-0.511674220794159,-0.472109075351051,0.598874018227833,-0.511674220794159,-0.511674220794159,0.345002436409048,0.607472418634841,0.696848299348455,0.277679566524338,0.687178038136979,-0.443531827515401,0.0161216029479497,0.044324905863371,-0.265923265923267,0.886084097319606,9,-0.85519588005103,-0.0697467658473288,-0.0693425257284521,1.53312120347,0.883073826663034,-0.257662439822111,0.344952823858144,-0.728743291380281,9.08007008754856,1944.0000000001,28.2216262444504,0.335121332312936,1849.0000000001,0.990684936638291,29.2123111809887,1.38750181524887,0.165674638697387,0.199124352728704,0.162889774499772,0.71640518716104,0.846270384509721,-0.213739384649683,0.881344632454764,0.213496089760193,0.73426533393427,1.11410821531827,0.704538798934225,0.761723558829601,0.220974680884438,1.56451218105444,0.562105955755759,0.451834062908154,-4.52365144789511e-15,0,-4.84823954093274e-15,0.38411877845615,-1.33990779103844,0.436491005978849,0.424160390947134,0.424160390947134,-0.17714008817793,-0.0650698709321334,-0.602486723250842,-0.554112697127737,-0.444043000206649,-0.538539884646758,-1.26807000848534,-2.49330343717053,0,1944.0000000001,1.34044709430957,0.0470547208393015,0.754620270557719,1.01774391308114,3062.39816523551,0.0625,404,2,"SNETWORK (2 16 3062.39816523551 0.754620270557719 100001308 404)",100
41,100001309,0.552172545626649,257,0.680412427894334,0.334368660703197,0.315622755524543,0.310024668600395,0.31737100022456,0.958316458881972,0.83508780302106,-0.629038821628654,-0.660120056876208,0.298962925141784,0.592583931617251,1.94460119594769,0.298962925141784,0.298962925141784,0.260209343573295,-0.513585894945455,-0.642310459591229,-0.0861281476999526,-0.659553098483686,-0.720739219712526,0,-0.434965034965035,-0.700859950859951,0.552172545626649,10,-0.468095964718281,0.158479771643232,0.158019754014975,0.626583143394799,0.551576580928334,0.645167374579298,-0.656304804471969,-0.814457387462163,0.113311517340401,1253.0000000001,0.907989162961973,0.0815708100936063,117.0000000001,0.0610346103907671,0.96902377325274,0.0442134748996158,1.54322835287219,1.98199337095865,0.559005807334498,1.29981587148918,1.05933973461459,0.511235469918549,1.06010890016809,-0.847318653209633,-0.283951538236936,-0.0502364872287327,1.2545401590725,1.16377916348908,-0.170623649770713,3.03982229924964,0.562105955755759,0.451834062908155,0.0611741359489439,0.0831996442622866,0.100065179572212,0.0624769461529933,0.507506568717114,0.139303675410529,0.0639119953687781,0.0639119953687781,-0.0807381783591547,-0.0543255221334795,-0.847074771237675,-0.775980404643677,-0.607067220862262,-0.767039596700975,0.835568349053397,-0.621015959240358,0,1253.0000000001,0.0414286595259767,0.00278481527363917,0.805595125606008,0.0766005348414183,3129.54002243975,0.0625,1463,2,"SNETWORK (2 41 3129.54002243975 0.805595125606008 100001309 1463)",100
3,100001310,-0.337137387201162,97,-0.226804037760009,-0.273941878615531,-0.467885001197052,-0.45962963966976,-0.447550990366083,-0.353127712508444,-0.422634133701232,0.569437619227147,0.801084457842892,-0.0565381601103089,-1.20893196894978,-0.1236805055877,-0.0565381601103089,-0.0565381601103089,-4.49594115124705,0.183178038000383,0.245391432355948,1.16403351569112,-0.00999507278657436,0.637577002053388,-1.16766467065868,0.37272727272727,1.11578624078624,-0.337137387201162,7,0.542514330365277,-0.0247841595581075,-0.0246547470296183,-0.489562640323832,-0.336578118536956,0.116396910476357,0.801004443921689,0.203099541646789,0.246378493166038,2532.0000000001,0.997382009723076,0.044464283611594,760.0000000001,0.0540281287388332,1.05141013836191,0.0495450227503094,-0.118793731045164,-0.0760890950975597,0.333823674102234,-0.15054632568374,-0.749755290765188,0.140918197204299,-0.775352792554837,0.638272245824064,-0.804892464687074,-1.66995489813387,-1.37015077528548,-1.61773379809976,-1.46352253909041,-0.458429109611202,-0.183656619125852,-0.461007527196321,-0.897784372821835,-0.860982036160378,-0.83280147843515,-0.25436926377969,-0.508394393092456,0.864644549554492,-0.241784699287238,-0.241784699287238,-0.481449029929584,-17.0242752785122,1.23786434527978,1.22336095450842,1.51477034405264,1.00388030419317,0.380591399157534,-0.622444920248157,0,2532.0000000001,0.0469990848095445,0.00254593784076487,0.499682771346325,1.80576553888386,1910.98955611995,0.0624998605480869,98,2,"SNETWORK (2 3 1910.98955611995 0.499682771346325 100001310 98)",100
43,100001311,-0.35608944926936,38,0.12371145778112,0.869954874556633,0.532114998802948,0.540517197237357,0.552449009633917,-0.327823993604589,-0.273803333569369,-0.721110129677057,-0.0210428363115734,-0.39467357655274,0.584791059166899,-1.24052843726998,-0.39467357655274,-0.39467357655274,0.383877783263856,0.655080574513928,0.452645218870142,0.0581899439596093,0.787380080482824,0,0.0419161676646709,0.81118881118881,0.429975429975429,-0.35608944926936,11,0.427400015644927,-0.193845514770872,-0.192412834551366,-0.428538034768831,-0.355599710396218,-0.268990191287409,-0.0147711010882858,0.35597907138856,0.0609522673990958,6.0000000001,0.360420579241293,0.0757368729518486,1e-10,1e-10,0.360420579241293,0.0174975637771917,-0.225624800209414,-0.26630230582925,-0.265672246749782,-0.0199965455822921,0.388543795827996,-0.196598279442461,0.413262001417117,-0.0454794206638694,0.37573560826186,0.410656429613681,0.28302555445519,0.471635999988651,0.164190865610471,0.635668445737405,-0.353148128111645,0.538992472803682,0.102215627178165,0.139017963839617,0.167198521564845,0.0586975838634984,0.727579266034951,-0.824665788383313,0.0599925440146476,0.0599925440146476,0.00475077010055803,-0.175542688590035,-0.82097676940446,-0.73516613009441,-0.734334713314398,-0.707710528830736,0.534082829100879,0.417869395223195,8.34233454812222e-14,6.0000000001,0.0174975636771917,0,0.147675742972184,0.799795253085785,3012.98395971104,0.0312500660060792,1509,2,"SNETWORK (2 43 3012.98395971104 0.147675742972184 100001311 1509)",100
35,100001312,1.01032157968134,225,1.95876350285277,1.6240746339498,1.11742223327512,1.09970853501445,1.1005013034785,0.65963883016458,0.63240073649952,-0.123310148365428,-0.443243606907088,-0.150944198660606,1.12095489830837,-0.774962904571163,-0.150944198660606,-0.150944198660606,-0.777246013660444,-0.521912403701128,-0.630410979854016,-0.921429743722848,-0.517137361628953,-1.3305954825462,1.62674650698603,0.565034965034965,-1.23832923832924,1.01032157968134,12,-0.174468738515418,-0.461925482367018,-0.456895583299024,0.049393132502923,1.00826639509032,0.296929817415636,-0.440096780079409,0.745060342459756,0.104626300803011,67.0000000001,0.0448304125755301,0.0700424456233807,847.0000000001,0.379403884755152,0.424234297230682,0.0215938348534397,0.109255054967539,-1.18653982841213,0.30499959068927,0.653923471998361,0.547746040452181,0.409370314571529,0.61078948336462,-0.283110659505515,0.591727418438219,0.291124147037596,-0.00628508086552127,-0.0969007389663153,0.0520497888749294,-0.0557776658629431,0.596004386864676,1.11697181886013,2.19258446122347,2.15155944355969,2.28302402457116,0.217491403009476,0.814526763194798,0.417520989686455,0.230784040955704,0.230784040955704,0.256075828962364,-0.540861546157675,-0.111609505017864,0.00684094663396381,-0.132273612422094,-0.0762277740584035,-0.342620924919949,-0.453455333920807,0,847.0000000001,0.00228190065129726,0.0193119341021425,0.517147465270591,2.29590948603833,5566.70425331873,0.0156249669969604,998,2,"SNETWORK (2 35 5566.70425331873 0.517147465270591 100001312 998)",100
15,100001313,0.9604080652104,352,0.288659805977357,0.708741764562854,0.0737102907633875,0.0682577010310203,0.067165878475577,-0.679770846578753,-0.819055712113861,-0.357355930456911,-0.0171558418684182,-0.667603607069893,-0.364551069925762,0.656274985150532,-0.667603607069893,-0.667603607069893,0.310464751455543,0.655393650569652,0.751148262320871,0.351558497970419,0.734067834438543,-0.123203285420946,-0.548902195608782,-0.19020979020979,-0.0057330057330057,0.9604080652104,9,1.06025372497898,2.7687712848944,2.84262305866101,-0.578986413204681,0.956811233265721,0.739288534660076,-0.0142448273626147,-0.601220996292024,1.66434256205263,3140.0000000001,8.35543263547176,1.1388788091088,1647.0000000001,2.9989393718515,11.3543720072233,0.328642868416463,3.98423584535518,-2.77470500801357,0.290352665166635,-0.299200450214775,-0.885646660582563,-0.0870381755140503,-0.560434428891071,0.0132687391943281,-0.729079099592261,-0.268721447900717,2.52957294562262,1.5598307851708,-0.100732560038906,3.40122781202434,0.579055171310218,0.784402590912209,0.654752681800181,0.634268248046905,0.655321585673747,-0.232445635123782,-0.303276063937299,0.318974878637044,-0.222058658176858,-0.222058658176858,-0.0751343030967456,-0.328946404744639,-0.203610130564882,-0.154141414208002,0.278876357988432,-0.276315859563907,-0.56501179421549,-1.2409308350136,0,3140.0000000001,0.241841058720893,0.08680180959557,0.00545475070673374,1.47030500147957,3154.09398251114,0.0625,338,2,"SNETWORK (2 15 3154.09398251114 0.00545475070673374 100001313 338)",100
3,100001314,-0.0383515961408413,162,-0.226804037760009,-0.273941878615531,-0.467885001197052,-0.45962963966976,-0.447550990366083,-0.405241716804561,-0.478851937758154,0.537039120709554,0.609251984128484,-0.319129503370503,-1.24732978523846,-0.540733263815276,-0.319129503370503,-0.319129503370503,-4.62284500861669,0.173901774961204,0.250937413606138,1.04919582813967,-0.000666695302926508,0.0739219712525668,-0.0898203592814364,1.0005994005994,0.837837837837838,-0.0383515961408413,7,-0.116557474134363,-0.525701720756114,-0.519534262682891,-0.00205214704797183,-0.0360227164831176,0.82175552160502,0.659700702552805,0.0172569851972815,3.36540530869323,2200.0000000001,11.8373664051101,0.37773779473023,155.0000000001,0.0936089068029082,11.930975311813,0.614182001405604,-0.864702232263793,-0.201606824379273,0.855117573467116,1.58438023117853,1.13834981668514,0.820136846031683,1.28458008618996,0.898628695207716,1.81604871944994,3.71267218201411,0.489634121742801,0.73673426660235,-0.938760070484714,2.17713523657327,-0.183656619125852,-0.461007527196321,-0.751834212897414,-0.690544926566656,-0.641104661755904,1.0105208922076,0.129528545373543,0.357132795123831,1.3019751285147,1.3019751285147,-0.227664476556276,-4.12853667482365,-0.261854592458985,-0.178483252613177,0.177233854353064,-0.315552969770688,0.0817899746881284,-0.0175800623664406,0,2200.0000000001,0.609363207857731,0.00481879344787337,0.760834256910059,0.514826345233506,2287.54407129459,0.0624998605480869,163,2,"SNETWORK (2 3 2287.54407129459 0.760834256910059 100001314 163)",100
37,100001315,0.0608796634643081,30,1.29896932353205,1.22104076566898,1.50580654500643,1.48232234240258,1.49987706507974,0.0829748516155294,0.0154707455236894,-0.486627858212176,0.699316563267978,-0.308936456206511,0.600783239158868,-1.07854523446467,-0.308936456206511,-0.308936456206511,-0.510528410786314,-0.524480200620967,-0.561753652913679,-0.415150008853287,-0.613056964027286,0.170020533880904,-0.850299401197607,-0.17062937062937,0.240786240786241,0.0608796634643081,12,-0.508240365697291,-0.179110041354748,-0.177820333856021,0.643729260661431,0.0615633056144139,0.0828173155547311,0.699887507106203,-0.297210285230385,0.396689236335964,311.0000000001,0.788983402919188,0.200911294768913,5.0000000001,0.00642438301533715,0.795407785834525,0.0385149439105571,-0.159578761785472,0.64631424994762,-0.101813095894661,-0.19092138849298,-0.131298393535546,0.14988571321863,-0.139964328408893,0.596034755978081,-0.239884797319344,-0.466372127992676,-0.433413267659645,-0.297517145298041,-1.1465096367979,-0.135984964648355,0.528207847926239,1.07109749798066,2.30838018097095,2.26990413792035,2.4041635982989,0.0217056321403205,-0.0853922546328786,0.0392097657406971,0.0219925910308332,0.0219925910308332,1.99032017794871,-0.489035207422292,0.63613201780987,0.801861489028764,1.12280888633907,0.439527575556692,0.512423990853861,0.493549125289115,0,311.0000000001,0.03820386469939,0.000311079111167133,0.174041199082101,1.3377345437184,4408.38232993522,0.0312499339939208,1078,2,"SNETWORK (2 37 4408.38232993522 0.174041199082101 100001315 1078)",100
17,100001316,0.175787386415149,235,0.152577399052067,0.406018494492994,0,0,0,-0.482661107521516,-0.538575665104178,-0.158627150076819,0.711970839226441,0.010374686686455,-0.344620751556122,0.171075885242426,0.010374686686455,0.010374686686455,0.380681961192548,0.23437130847008,0.299132719406147,0.00163983272734225,0.267335867476791,-0.443531827515401,0.0161216029479497,0.044324905863371,-0.265923265923267,0.175787386415149,9,-0.474911772762095,-0.470070459233489,-0.464901376612845,0.530200367270974,0.174332578835325,0.140577745093467,0.712119978345872,-0.411143439106522,0.0742156731507905,424.0000000001,0.0503104338416736,0.0999846223354476,4181.0000000001,0.668359233488563,0.718669667230237,0.0366335146067819,-0.445770139517194,-0.856680050687941,0.378593000031878,0.00217170389602104,-0.597312531163562,0.276652404149521,-0.668713270031906,0.665094784810183,-1.36938104504572,-2.68117902566855,0.556328685694135,0.648228498201817,0.157825331763505,1.77056177183066,0.121428129376516,-0.277526342387341,0.0941053598367586,0.1279876264722,0.153932206555935,0.715501833302722,-0.788505234895552,0.803512201914657,0.85650985932953,0.85650985932953,-0.582872450939411,-0.14573745288841,-0.422202476766576,-0.366257402741926,-0.189601736000811,-0.402552698475532,0.937245928528893,0.527599978436501,0,4181.0000000001,0.00256452733239414,0.0340689871743878,0.821914932735709,0.100088451006971,2495.57896072991,0.125,654,2,"SNETWORK (2 17 2495.57896072991 0.821914932735709 100001316 654)",100
16,100001317,0.617365608501622,289,0.152577399052067,0.406018494492994,0.0737102907633875,0.0682577010310203,0.067165878475577,-0.659066397364752,-0.742282151285805,-0.34613982804554,0.451521045482068,-0.14294533515599,-0.471412314412634,0.542084633449339,-0.14294533515599,-0.14294533515599,0.383443419357516,0.539437568970349,0.631184777183242,0.297996158447888,0.597686615829019,-0.443531827515401,0.0161216029479497,0.044324905863371,-0.265923265923267,0.617365608501622,9,0.197843350612898,3.70323839183457,3.83580223932108,0.166719467326829,0.618944494254822,0.296943609880589,0.452567507045885,-0.690380292330301,0.238720757204292,1583.0000000001,0.604181847245424,0.0960676926473636,5181.0000000001,0.795769933872574,1.399951781018,0.0344817747191003,-0.299723247205572,-0.305022653566914,0.844685816784942,-0.00721641579587639,-1.33578210898449,-0.584171253926122,-0.719314596716049,0.0685858922885364,-0.871301726122033,-1.17883123594164,-0.77863067107277,-0.714727969526798,0.130072195510846,-0.312070765187984,0.562105955755759,0.451834062908154,-4.52365144789511e-15,0,-4.84823954093274e-15,-0.264729940402463,0.542562295244599,-1.41235304425331,-0.251036768387391,-0.251036768387391,0.085419109878824,1.06316675953723e-11,0.0682518546482444,0.221973661002662,0.18509662423342,0.0440937227302591,1.08200036127489,1.19710170177582,0,5181.0000000001,0.014881414178822,0.0196003604402783,0.0217950942005499,0.490917166300025,2799.91948607672,0.0625,357,2,"SNETWORK (2 16 2799.91948607672 0.0217950942005499 100001317 357)",100
16,100001318,0.617365608501622,289,0.152577399052067,0.406018494492994,0.0737102907633875,0.0682577010310203,0.067165878475577,-0.659066397364752,-0.742282151285805,-0.34613982804554,0.451521045482068,-0.14294533515599,-0.471412314412634,0.542084633449339,-0.14294533515599,-0.14294533515599,0.383443419357516,0.539437568970349,0.631184777183242,0.297996158447888,0.597686615829019,-0.443531827515401,0.0161216029479497,0.044324905863371,-0.265923265923267,0.617365608501622,9,0.197843350612898,3.70323839183457,3.83580223932108,0.166719467326829,0.618944494254822,0.296943609880589,0.452567507045885,-0.690380292330301,0.238720757204292,1583.0000000001,0.604181847245424,0.0960676926473636,5181.0000000001,0.795769933872574,1.399951781018,0.0344817747191003,-0.299723247205572,-0.305022653566914,0.844685816784942,-0.00721641579587639,-1.33578210898449,-0.584171253926122,-0.719314596716049,0.0685858922885364,-0.871301726122033,-1.17883123594164,-0.77863067107277,-0.714727969526798,0.130072195510846,-0.312070765187984,0.562105955755759,0.451834062908154,-4.52365144789511e-15,0,-4.84823954093274e-15,-0.264729940402463,0.542562295244599,-1.41235304425331,-0.251036768387391,-0.251036768387391,0.085419109878824,1.06316675953723e-11,0.0682518546482444,0.221973661002662,0.18509662423342,0.0440937227302591,1.08200036127489,1.19710170177582,0,5181.0000000001,0.014881414178822,0.0196003604402783,0.0217950942005499,0.490917166300025,2799.91948607672,0.0625,357,2,"SNETWORK (2 16 2799.91948607672 0.0217950942005499 100001318 357)",100
43,100001319,-0.170130736054781,71,0.12371145778112,0.869954874556633,0.545150200838989,0.54037036033024,0.554967563992924,-0.122210130877123,-0.116579388060416,-0.471525695796218,-0.280546205115684,-0.547828747325062,0.608436353448695,-0.689748081383351,-0.547828747325062,-0.547828747325062,0.26757261260885,0.602846663434157,0.409005512639903,-0.045829074409037,0.740570420314301,-1.14579055441478,2.23053892215569,2.01958041958041,-0.227886977886978,-0.170130736054781,11,0.356418396480789,-0.00603285262587272,-0.00600279701119214,-0.375307788294484,-0.163476679471418,0.0103553826861636,-0.277826534751407,1.17097615786851,0.0876592212425304,2.0000000001,0.172781033802056,0.0390207756068938,3.0000000001,0.115368067031168,0.288149100733224,0.0135335264307536,1.47431945143178,2.10406515346481,-0.725291211026926,0.992319550600345,2.47492468147728,0.0396564246118021,2.54953411928764,-0.208753392069217,2.11874018914253,1.47457810334963,-1.58734695962661,-1.34056239259462,0.00160591984962249,-0.455891331320742,-0.353148128111646,0.538992472803681,0.102215627178161,0.139017963839617,0.167198521564845,-0.874632711228852,0.188147106710479,-0.212359368346483,-0.723810007952326,-0.723810007952326,0.367751084618476,1.06316675953723e-11,1.08182842642941,1.05066285349519,0.807832013143487,0.916990799785896,-1.38072443944689,-2.64125563045913,0,3.0000000001,0.00811502331231636,0.00541850301843725,0.283276061935771,2.63779033035661,3210.77992238364,0.0312500660060792,1542,2,"SNETWORK (2 43 3210.77992238364 0.283276061935771 100001319 1542)",100
41,100001320,-0.836962982409261,15,-0.886598059773572,-0.0928456434617663,-0.0369605603324269,-0.0422694509956289,-0.0386919408759992,0.925222676367377,1.10287661799446,0.904828320016868,-0.0694858841324904,0.32315929169146,0.408574378294212,0.350277086457121,0.32315929169146,0.32315929169146,0.556006005591684,-0.277286132606109,-0.431197609947154,0.0339554131998413,-0.383630772346549,-0.720739219712526,0,-0.434965034965035,-0.700859950859951,-0.836962982409261,10,0.333425858076725,2.10413112096474,2.14565134870954,-0.167796252373477,-0.836488789096138,-0.322189222792014,-0.0672114881482855,0.0121654122937726,0.0512164133537741,1201.0000000001,0.393375862267487,0.0797281002558656,2187.0000000001,1.11510493492822,1.50848079709571,0.0489937027765525,-0.623075308237093,-0.490324118757195,-0.308500868820488,-0.37605571552572,-0.0990792416652103,-0.757434604734437,-0.0691394723132028,-0.41803077958788,-0.43279034661183,-0.415195453204616,-0.276983266103,-0.64057327424747,0.0510423685389265,-0.299162420624091,-0.658232714974315,0,-1.4058558810172,-1.37829262321507,-1.40813399619979,-0.0956647363264729,-1.19507634573422,0.0991479811628536,-0.0943190236486364,-0.0943190236486364,1.327841080595,1.06316675953723e-11,-0.584249408088567,-0.473079122949469,-0.612637653923235,-0.477836335015246,0.0896365704273729,-0.309686353636716,0,2187.0000000001,0.0127763907035147,0.0362173119730379,0.0071437782933913,0.642040409147739,1772.25758775229,0.0625,1221,2,"SNETWORK (2 41 1772.25758775229 0.0071437782933913 100001320 1221)",100
28,100001321,0.763632095721111,253,-0.268041164135857,-0.507523118116241,-0.715996162004961,-0.715344983900652,-0.711097017555422,0.688305353669151,0.775507773929862,2.20967291786018,-0.64067147791209,-1.91777238192969,-0.254908129575659,1.09917440117628,-1.91777238192969,-1.91777238192969,-0.546976388626884,-1.15096532538842,-1.14641406732547,0.109593451445305,-1.49893579169098,0.468172484599588,-2.26546906187625,-1.53286713286713,0.194922194922195,0.763632095721111,8,-0.715060862579495,-0.593732009318122,-0.586229911065393,1.02150511198388,0.763505939846349,0.873315893336087,-0.636956328328455,-0.0599533600400701,0.0524677424576214,4776.0000000001,0.400637374493151,0.0607439433749896,2708.0000000001,0.262994343109744,0.663631717502895,0.0345760238901445,-0.311754723691523,-0.477991763080759,1.75166445139608,1.26435074792312,-0.78322708048662,0.873786953204314,-0.896101784246276,-0.596287137914084,-1.38481563495381,-0.317256885277552,0.408297056270654,-0.00613195402353054,-0.0585344385613464,0.298475926275009,0.121428129376515,-0.277526342387344,-0.897784372821835,-0.860982036160378,-0.832801478435155,0.608372461061075,0.56441775617768,0.935973059873438,0.709354661207197,0.709354661207197,0.583895597475179,1.06316675953723e-11,-0.642107879576837,-0.736430531762555,-0.178109598780722,-0.646178744827867,0.146415327303409,0.57891121440911,0,4776.0000000001,0.0208736969993686,0.013702326790776,0.624233906645585,1.0192295024398,2111.72381709989,0.125,794,2,"SNETWORK (2 28 2111.72381709989 0.624233906645585 100001321 794)",100
17,100001322,-0.823965554600854,60,-0.711340194022643,-0.147031598306002,-0.358045591966192,-0.357303355798844,-0.355675841278248,-0.0384993252557895,-0.030483490696569,0.323680459999708,1.31374742700168,0.691209024227696,0.061335240565024,-0.0940376900311805,0.691209024227696,0.691209024227696,0.509981707393449,-0.00870137329991319,-0.0105242162373146,-0.455727840372096,0.0446219700505186,-0.596303901437372,0.141716566866268,0,-0.395577395577396,-0.823965554600854,9,0.765727806297757,0.0021412658075902,0.0021308124327172,-0.597148223075565,-0.822767194643019,0.123852312469098,1.31237663103386,-0.16898587226899,4.52415011231902,114.0000000001,0.824590700114537,0.20339037311678,3829.0000000001,1.24512322436962,2.06971392438416,0.0970686314035214,0.0697393363786001,-0.0596166116080063,0.252016160213143,-0.0949799298446956,-0.534142503883769,0.140707787823889,-0.549838022877969,0.8372062882021,-0.488457110017446,-1.33706421647494,-0.185280049773106,0.104755507683051,0.207678905545755,0.0633853737314625,-0.572551030391727,-0.670484389643454,-1.4058558810172,-1.37829262321507,-1.40813399619979,-0.0826599060018627,0.850103145207972,-0.558015196489056,-0.0817434564362558,-0.0817434564362558,-0.38515109402677,1.06316675953723e-11,0.100780113390132,0.0587070613947396,-0.862152950970313,0.332714836006159,0.537711513554834,0.825445964477363,0,3829.0000000001,0.0386729246476454,0.058395706655876,0.203526984526353,0.281858941785407,1465.88503762315,0.125,479,2,"SNETWORK (2 17 1465.88503762315 0.203526984526353 100001322 479)",100
41,100001323,0.4414291309057,245,0.680412427894334,0.334368660703197,0.315622755524543,0.310024668600395,0.31737100022456,1.04604598660937,0.904285927347691,-0.571493823035786,-0.552451369103459,0.649089437616916,0.999973936910531,0.576956734724412,0.649089437616916,0.649089437616916,0.354867605160607,-0.807027793362612,-0.926332908967413,-0.469110794161016,-0.959388686887128,-0.720739219712526,0,-0.434965034965035,-0.700859950859951,0.4414291309057,10,-0.169610500808415,-0.0671618571497705,-0.0667748192236132,0.121667080794337,0.440740360840499,0.272005683874807,-0.548515199358217,-0.500829996355031,0.162571764848995,1666.0000000001,1.73211074788396,0.68805123976657,341.0000000001,1.50048168932183,3.23259243710579,0.153469051151272,2.03326078208711,1.40980163304997,0.995058975320643,0.556312870206898,-0.639976768273805,0.285263624581555,-0.666876441017455,-0.588284418061874,-0.500344048293365,0.0448457681428024,1.81072147981932,1.0436846028055,-0.131452854487999,2.46293633890313,0.562105955755759,0.451834062908154,0.0512340519102487,0.069680671854632,0.0838057542633842,-0.240893022089608,0.604578930733045,-0.819803695503974,-0.2296832297666,-0.2296832297666,-0.0737983365974026,-0.538288083360127,-1.1191961106968,-1.03708917601534,-0.719249406102127,-1.03797697305781,0.42181628981003,-0.72153028602709,0,1666.0000000001,0.0822328821088056,0.0712361689424666,0.764211834096243,0.191919649586688,3059.19282489941,0.0625,1451,2,"SNETWORK (2 41 3059.19282489941 0.764211834096243 100001323 1451)",100
41,100001324,0.267079478140068,221,-0.419244275461604,0,0.315622755524543,0.310024668600395,0.31737100022456,0.999570572916875,0.892098091317706,-0.433245356044503,-0.480946394703044,0.617079197096655,0.759701082728016,0.270063616425031,0.617079197096655,0.617079197096655,0.412751407879015,-0.7113601462799,-0.84223770520007,-0.342280857061904,-0.86199738545576,-0.720739219712526,0,-0.434965034965035,-0.700859950859951,0.267079478140068,10,-0.268969718046909,-0.0125864571103361,-0.0125226947653781,0.2661975308113,0.26491144281186,-0.272035912360494,-0.477501421240649,0.505044667458213,0.363425589229052,1613.0000000001,3.74891341319318,0.168639854945056,282.0000000001,0.304133925519202,4.05304733861238,0.19057968255427,0.0142171330363877,-0.136757595584281,-0.372899779012376,0.0522080210166611,0.663875713246361,-0.2427869431002,0.684435665406322,-0.691835831658512,0.672225438890597,0.303538463225493,-0.31568147171151,-0.575944604123801,-1.22301307288779,-0.13575425753104,0.562105955755759,0.451834062908153,0.10221562717817,0.139017963839617,0.167198521564845,0.867460272355647,0.828710189419905,-2.67342936389673,1.07828989358153,1.07828989358153,0.391455656351682,1.06316675953723e-11,-0.358844007207063,-0.225326108466401,-0.925862977113333,-0.155294055560189,0.297181849310894,0.134931866443714,0,1613.0000000001,0.176278900329372,0.0143007821248977,0.686360733997771,0.366394785465673,2926.85422838955,0.0625,1427,2,"SNETWORK (2 41 2926.85422838955 0.686360733997771 100001324 1427)",100
29,100001325,-1.07472263991995,26,-0.790377993358492,-0.853832397374456,-1.31184600508887,-1.30651564302517,-1.32383268064034,0.439624163437476,0.39395618075652,1.57040023454877,0.255357090211986,0.587165734764502,-0.148310894007679,2.0775669896903,0.587165734764502,0.587165734764502,-0.237095439508458,-0.346134318673219,-0.488048594333041,0.0769304349339782,-0.478297221312084,0.279260780287474,-1.27411842980705,-0.441958041958041,0.405132405132405,-1.07472263991995,8,0.750477880695135,7.97400630237002,8.52655505489846,0.0816113102058569,-1.07462213451327,-1.18273697157295,0.256697172447384,0.716291963507945,0.44771485697584,1860.0000000001,1.33140203381591,0.0707193027196937,33074.0000000001,3.73955097014908,5.070953003865,0.0601383797134536,0.897841102169655,0.542852362715786,-1.12432650595001,-1.09591430728403,0.0604050800968421,-2.28155743527214,0.0196893146645956,-1.8369815340649,-0.0597845924838199,-0.0827076922893224,-0.772964712727905,-0.43257685635575,0.105025544310637,-0.419011954567579,-0.471792152073761,-0.752292666128179,-2.3587188560243,-2.29529197602235,-2.43477706343215,-2.17581002350987,-0.0534430250139808,-0.465866683150886,-1.3770103962954,-1.3770103962954,0.141690166444902,1.06316675953723e-11,-0.128211034002861,-0.174981873380275,-0.371303536820524,-0.0471007343684137,-0.297437264222922,-0.479425242160568,0,33074.0000000001,0.0157896081589168,0.0443487714545368,0.16280549063654,5.07880544100886,839.477765532471,0.25,821,2,"SNETWORK (2 29 839.477765532471 0.16280549063654 100001325 821)",100
37,100001326,0.600000172801592,141,1.29896932353205,1.22104076566898,1.45807027539656,1.42805593959054,1.43873085382348,0.215551205971115,0.143784212610686,-0.464093415136079,0.498396293521752,-0.507126514762327,0.69255146126189,-1.07071490507612,-0.507126514762327,-0.507126514762327,-0.58444405441999,-0.71300899319829,-0.774198860386768,-0.682849604181854,-0.801729394916077,1.28439425051335,-2.76197604790419,-0.927972027972028,1.1480343980344,0.600000172801592,12,1.29940258074706,-0.136917962193557,-0.136006463138875,-0.749699863918103,0.597508375926712,-0.390662719608009,0.499279201029023,0.939942355126136,2.22123061893308,126.0000000001,1.78986905035279,0.312553883712095,489.0000000001,0.977441604354259,2.76731065460705,0.133004598133745,1.14555697263887,0.186068288101676,-0.284010859517241,-0.435907511338083,-0.220623059460737,-0.347678304346371,-0.233062804994818,0.230418783232958,0.62001887075793,1.05156005486535,-0.536338392959023,-0.348566580661291,-1.22014954296954,-0.289945389937231,0.528207847926239,1.07109749798066,2.49128335350511,2.43190516496891,2.56892317405732,-0.805487748351293,0.0608973186788134,0.371865455631703,-0.676729291874397,-0.676729291874397,-0.287530360799461,1.06316675953723e-11,1.12275238738983,1.2341202954275,1.67170785524899,0.839891892321567,-1.68723528708323,0.140000396883102,0,489.0000000001,0.0860260531914582,0.0469785448422863,0.837663752560065,2.04554904421093,5082.03678754814,0.0312499339939208,1189,2,"SNETWORK (2 37 5082.03678754814 0.837663752560065 100001326 1189)",100
29,100001327,-0.850360144716901,78,-0.790377993358492,-0.853832397374456,-0.959757100198023,-0.960709455694412,-0.961711264614227,0.509317698271437,0.463180505210433,1.70667038997037,-0.012453954385644,0.980960293694704,-0.162816755348938,2.7923943241933,0.980960293694704,0.980960293694704,-0.042870551362371,-0.538140978384578,-0.625458749093863,0.234335451287556,-0.749175395758561,1.05602816075095,-3.18648417450813,-1.88851148851148,0.604422604422604,-0.850360144716901,8,0.47398190711207,2.14257714114153,2.18573883437192,-0.282229144161198,-0.850472713842071,-0.881435172641864,-0.0096516188571868,0.567242133473131,4.51123391960088,566.0000000001,4.08231529217301,2.75953165700104,33.0000000001,0.14559420400458,4.22790949607759,0.136403928925953,1.89178078234818,2.67957987727309,-0.722404257657963,-0.867535354014279,-0.191969307139646,-1.41356895185434,-0.134383482754229,-0.835350867078048,-0.203934768544271,-0.211371801590386,-0.47799537697334,-0.607724522534672,0.166161536639664,-0.336266877491707,-0.471792152073761,-0.75229266612818,-1.4058558810172,-1.37829262321507,-1.40813399619979,-0.730544656381337,-0.625053589782269,0.261695895531749,-0.623953435736257,-0.623953435736257,-1.63230691900311,-9.0721466944632,0.84253961532597,1.49729255572844,2.00522103788247,0.452421286475194,-1.60673399350841,-2.34813941677315,0,566.0000000001,0.131706661430384,0.00469726739556888,0.474563683606696,0.813872240483761,1128.70047456374,0.25,873,2,"SNETWORK (2 29 1128.70047456374 0.474563683606696 100001327 873)",100
28,100001328,0.618557544099336,243,-0.268041164135857,-0.507523118116241,-0.715996162004961,-0.715344983900652,-0.711097017555422,0.706574096387452,0.805111305208471,2.00232003666937,-0.607325873307566,-1.45396718985466,-0.446607133616359,1.72444434959867,-1.45396718985466,-1.45396718985466,-0.37035460379168,-1.07423599004478,-1.07456640043549,0.389949097322638,-1.45352537065638,0.468172484599588,-2.26546906187625,-1.53286713286713,0.194922194922195,0.618557544099336,8,-0.453308267248355,0.419202729377685,0.419345145368081,0.644735740001223,0.622481111390782,1.01365514372309,-0.603758861077308,0.62982462600431,0.0700766572057356,7363.0000000001,0.82494110197104,0.0677505129412133,2008.0000000001,0.217505909654938,1.04244701152598,0.045433876597115,0.728832153582346,0.598943031065489,1.26902107707802,1.92667939075696,0.97154018211822,0.683977857166359,0.928943496732238,-0.562655266179341,1.17518593869171,0.332457750923648,-0.794537748063589,-0.863498035321818,-0.0327663272069266,-0.34456670671217,0.121428129376516,-0.277526342387342,-0.897784372821835,-0.860982036160378,-0.83280147843515,0.372991803534658,-0.694351521912037,0.317906344469567,0.410772856386461,0.410772856386461,5.9100760598265,1.06316675953723e-11,-0.605351476363859,-0.798131106785758,0.0443216939530308,-0.659656362288338,-0.45590373344168,-0.0701612373070372,1.23690246224255e-12,7363.0000000001,0.0359541269042855,0.00947974959282945,0.550903251325487,0.131688945926726,2053.50790625118,0.125,784,2,"SNETWORK (2 28 2053.50790625118 0.550903251325487 100001328 784)",100
3,100001329,-0.140858057544254,141,-0.226804037760009,-0.273941878615531,-0.467885001197052,-0.45962963966976,-0.447550990366083,-0.391934483133365,-0.455603816882284,0.550447947763571,0.69520883712949,-0.126943719857484,-1.26515683916614,-0.286409361464579,-0.126943719857484,-0.126943719857484,-4.43989860617438,0.148873808847916,0.221012443686134,1.06054140023717,-0.0342977068165597,0.0739219712525668,-0.0898203592814364,1.0005994005994,0.837837837837838,-0.140858057544254,7,-0.115071075729804,-1.32347434097042,-1.29352917403731,-0.0374347840069483,-0.143255282695544,-0.516797914901123,0.695399854935437,0.191235037012933,0.212035553286677,979.0000000001,0.331884075031514,0.145793549029996,1945.0000000001,0.453370176315118,0.785254251246632,0.0465724182610273,-0.0122153483644927,0.11561095275137,-0.463466226900808,-0.727995635635291,-0.396824485740493,-0.228989994117918,-0.518104527933773,0.39620223184064,-0.112384287193502,-0.207763228331441,0.517955995389762,0.736835350011725,-0.775434142564764,1.79338489543622,-0.183656619125852,-0.461007527196321,-0.751834212897414,-0.690544926566656,-0.641104661755904,0.492959575416453,0.937114498048551,0.112395159660218,0.558849460508257,0.558849460508257,-0.311726605849259,-1.07504667907447,-0.37747456562419,-0.258218559156062,0.457375475439687,-0.509861488790978,0.394143844027409,0.160743161400828,0,1945.0000000001,0.0196836169891807,0.0268888011718466,0.67924287089627,1.74820113601129,2169.89739302076,0.0624998605480869,142,2,"SNETWORK (2 3 2169.89739302076 0.67924287089627 100001329 142)",100
41,100001330,0.140758531115661,207,-0.419244275461604,0,0.315622755524543,0.310024668600395,0.31737100022456,1.02789340133868,0.930398072123057,-0.349628969518535,-0.465783941466792,0.709396681622517,0.748855579432719,0.181612306203043,0.709396681622517,0.709396681622517,0.429946236230225,-0.691541279972706,-0.818258394498283,-0.372192351161725,-0.831536079990803,-0.720739219712526,0,-0.434965034965035,-0.700859950859951,0.140758531115661,10,-0.315808382760047,-0.1029726317992,-0.102332000281583,0.464016046887759,0.145159235617584,1.4739198136546,-0.457340161320238,0.3463577362572,0.0696536672504917,498.0000000001,0.221834387322122,0.0686626104963664,1069.0000000001,0.469411316096105,0.691245703318228,0.0330249947345082,1.25422539293622,0.339056335927647,1.33525819845949,0.137757743660265,-1.79865991270024,1.09586387270022,-1.88545790327127,0.00230622169621671,-1.70679013686797,-0.765962581372825,0.55529400280224,0.27713655861605,-0.86385547466209,0.458890523845831,0.104477235890736,0.495413427643051,0.102215627178165,0.139017963839617,0.16719852156485,0.485113057854359,0.210163649814743,1.42481704145213,0.548908759562613,0.548908759562613,0.0548545387338902,-0.100902089850577,-0.239336070550288,-0.209424983628099,0.300755750336997,-0.320730368228117,0.480720053890212,-0.260337552621111,0,1069.0000000001,0.010598372494255,0.0224266221402532,0.640875556179529,1.29833572858479,2849.53426005445,0.0625,1413,2,"SNETWORK (2 41 2849.53426005445 0.640875556179529 100001330 1413)",100
13,100001331,0.898090668096579,319,0,-0.0695595240108285,-0.110963835372034,-0.110383201657025,-0.109843962764069,-0.955726454572729,-1.15382154681157,-0.451294588730727,-0.346851889788362,-1.54013432587798,-1.63070529745638,-0.0866961256999383,-1.54013432587798,-1.54013432587798,-2.91203887414171,0.606703160212694,0.845574286853488,1.7651674377922,0.413902378276579,1.07186858316222,-1.64670658682635,0.299300699300701,1.38452088452089,0.898090668096579,7,-0.0103636568050304,-0.522972277955979,-0.516855750404806,-0.129171006554346,0.892826239484859,-0.416723467198113,-0.343735910114257,-0.397387660367481,0.0462737744278336,1322.0000000001,0.0978050803525176,0.0570933945286802,706.0000000001,0.064444461699166,0.162249541951684,0.0083482411083529,0.839970125310497,0.654560089767739,-0.224083636772751,-0.538069700678208,-0.46268397004228,-0.289349099013705,-0.523095641551289,-0.477491315575531,-1.22487324465739,-0.746869321732183,-0.0982274989433261,-0.0287485478233773,0.0861694465530355,-0.0140590666490354,0.223123099423871,0.103212322371745,0.000480866141914464,0.0349290148369488,0.115671933158067,-0.0344951217187152,-0.0288184919656948,0.289000630006994,-0.034497274091842,-0.034497274091842,0.86008296903981,-10.527338860961,0.0318769843114296,0.119296583254972,0.612546571889876,-0.0990086279637468,-0.605445939431896,-0.615279086702194,0,1322.0000000001,0.00503237403613563,0.00331586697221727,0.333905788939492,1.20036171084883,3186.15391010349,0.0156249651370217,319,2,"SNETWORK (2 13 3186.15391010349 0.333905788939492 100001331 319)",100
41,100001332,-0.388041758703537,121,-0.886598059773572,-0.0928456434617663,0.315622755524543,0.310024668600395,0.31737100022456,0.933744704343827,0.965430583176664,0.229087591515865,-0.265515283780076,0.692027407949515,0.494812427485714,0.453187601216591,0.692027407949515,0.692027407949515,0.509953264455662,-0.681746016781337,-0.807113640806283,-0.131404988617761,-0.863266653756576,-0.720739219712526,0,-0.434965034965035,-0.700859950859951,-0.388041758703537,10,-0.420192372095022,-1.05947004959582,-1.0393946041981,0.449050583369844,-0.389828918617723,-0.488837140326636,-0.262692772256176,-0.301027091963312,0.0764986550483449,947.0000000001,0.463296818190549,0.0601900039268186,678.0000000001,0.260981428716255,0.724278246806804,0.0409847126644361,1.67640283559973,0.782949465241943,-0.665122390220868,0.255861894151535,1.36088913334936,-0.254366611211903,1.68777026513452,-0.344135986813123,0.678313321427557,0.489823869602534,-0.27603231534434,-0.364480036836324,0.109999336348272,-0.291785419872886,-0.658232714974315,-1.30374704394875e-15,0.102215627178161,0.139017963839613,0.16719852156484,-0.973560468550924,0.160139554521766,-0.182685861009861,-0.788579324036486,-0.788579324036486,1.70266720634022,-0.347261296662863,0.268258776675993,0.176944329736155,-0.0636086625809884,0.323232028648064,1.05313538429402,1.25386592165579,0.00951904196228733,947.0000000001,0.0262165638796903,0.0147681486847458,0.355200627601876,1.14040354528697,2363.91724169249,0.0625,1327,2,"SNETWORK (2 41 2363.91724169249 0.355200627601876 100001332 1327)",100
28,100001333,0.239989592258688,221,-0.268041164135857,-0.507523118116241,-0.715996162004961,-0.715344983900652,-0.711097017555422,0.758386270877163,0.799517467831712,2.03075080920739,-0.571778999193422,-0.777303266002221,-0.308240672323544,2.38560992722467,-0.777303266002221,-0.777303266002221,-0.198081390465892,-0.966129759329371,-1.01473432396299,0.667516223351776,-1.3680472342726,0.468172484599588,-2.26546906187625,-1.53286713286713,0.194922194922195,0.239989592258688,8,-0.653665994272338,-0.300254275553142,-0.297620832571522,1.04050938389994,0.23975017779148,0.73605971861475,-0.568190900139184,-0.287424130965022,0.0629605039726168,4878.0000000001,0.491026302933182,0.0379130202116128,1962.0000000001,0.118927461853575,0.609953764686757,0.0301730136148313,-0.27553225125033,0.574627825880163,1.6672669603776,1.58940271253707,-0.138449121946771,0.699068807272183,-0.150864750951286,-0.444670911270064,0.0505046001935477,0.0174052941628987,1.5832564639282,0.924675152272193,-0.45185708354434,2.57517253797524,0.121428129376515,-0.277526342387342,-0.897784372821835,-0.860982036160378,-0.832801478435155,0.381702450879904,0.567453926089076,0.969315030516789,0.421247242985237,0.421247242985237,-0.12717100174,-0.0211236695101154,-0.739821755183065,-0.746871963459358,0.319757663147544,-0.873473576352013,0.255959153419676,0.216560387607772,0,4878.0000000001,0.0242899447986208,0.00588306871621055,0.396852834180318,0.90102286648342,1931.21000353119,0.125,762,2,"SNETWORK (2 28 1931.21000353119 0.396852834180318 100001333 762)",100
15,100001334,1.04624196404579,367,0.288659805977357,0.708741764562854,0.0737102907633875,0.0682577010310203,0.067165878475577,-0.279346041761707,-0.487075404881643,0.290631621714338,-0.190384866876866,-0.75038110497632,0.225551563651172,0.419209361289687,-0.75038110497632,-0.75038110497632,0.229007463658739,0.526099540638278,0.644784556626663,-0.550442291633726,0.736190647277362,0.813141683778234,-1.91189050470488,-0.485914085914086,0.874692874692874,1.04624196404579,9,1.67225092580811,2.40902683322847,2.46434877657989,-0.761672680970286,1.03823308287674,-0.990613221899411,-0.06597044724219,0.727350061457135,0.0304126552276759,38.0000000001,0.0018477130743698,0.0783132951328098,17430.0000000001,2.18237540714855,2.18422312012291,0.0672854523083101,2.2623963669107,0.3022675754654,-1.03391962181697,-1.06231333617988,-0.0249995843559143,-1.60597649663101,-0.0152379476791567,-1.06154655556008,-0.167791569906022,-0.0795551424151059,1.45834136728431,0.470521565569518,0.00249839073342418,0.504759037669971,0.562105955755759,0.451834062908154,-4.52365144789511e-15,-4.51494518067087e-15,-4.84823954093274e-15,-1.53912961910381,-0.0900942861524799,-0.342849051620432,-1.10652070473251,-1.10652070473251,-0.344409979141217,-0.0188186253139972,0.551364182332909,0.788353151049231,-0.0219535799456604,0.535856864692417,-0.183133581507153,-1.29503506536119,0,17430.0000000001,5.69191864567064e-05,0.0672285330218534,0.13398172919208,1.66674137760518,3243.80214463663,0.0625,353,2,"SNETWORK (2 15 3243.80214463663 0.13398172919208 100001334 353)",100
36,100001335,0.843116272602009,193,1.53264647786662,1.1941726428676,1.45807027539656,1.42805593959054,1.43873085382348,0.446015921664268,0.396179214018688,-0.204249886976448,-0.0651604500205235,-0.353898234293931,0.921685762154624,-1.483380263763,-0.353898234293931,-0.353898234293931,-0.629704005066857,-0.55502914348256,-0.672904713036043,-0.910085797046751,-0.560963164405569,0,0.0419161676646709,0.81118881118881,0.42997542997543,0.843116272602009,12,0.545005028311408,-0.0502020502445289,-0.0499236298245434,-0.492480807128673,0.843201557767424,-0.46570223430174,-0.0629002658511686,1.25746117981151,0.39553741163273,1119.0000000001,2.83057531903134,0.0609166879330877,421.0000000001,0.164011930241695,2.99458724917303,0.141745484886002,-0.25933607345046,-0.193745514070239,-0.293153366306017,0.615695045834137,1.41858024856748,-0.457223651472024,1.47257629903001,-0.234692666754392,1.29549488056964,1.26194140001857,0.444857158684286,0.273860696169982,0.156053466528659,0.198681030529304,0.596004386864676,1.11697181886013,2.19258446122348,2.15155944355969,2.28302402457116,-0.3939033414093,0.590627463231347,-0.166544329389769,-0.362705982476682,-0.362705982476682,0.340112939686706,-1.67946054601553,-0.143058777060262,0.0278795539135419,0.295445338794785,-0.214000419345934,0.806632398369555,0.965435564171167,0,1119.0000000001,0.133982160957044,0.00776332382895803,0.709493335481503,1.81365655676927,5382.68100054544,0.0156249669969604,1041,2,"SNETWORK (2 36 5382.68100054544 0.709493335481503 100001335 1041)",100
29,100001336,-0.96060691960547,54,-0.790377993358492,-0.853832397374456,-0.959757100198023,-0.960709455694412,-0.961711264614227,0.438700459772394,0.365478771749117,1.59835935387032,0.116683158549611,0.889322806951132,-0.205310635102636,2.93126960710424,0.889322806951132,0.889322806951132,-0.0835293744267505,-0.359346006373109,-0.459884238666755,0.486125541214075,-0.569860069610936,0.388090349075976,-1.93862275449102,-1.29510489510489,0.10534398034398,-0.96060691960547,8,1.0895090065106,0.061037107007004,0.0607849178985085,-0.696673719339684,-0.957800575886307,0.372603210811132,0.118955203399517,-0.200884339027358,0.134542225776929,3209.0000000001,0.690276503445493,0.186320972501749,2333.0000000001,0.694978303497056,1.38525480684255,0.0642976874790934,-0.352536130366047,-0.264393011442868,-0.109366564601528,0.557592284172778,1.04390742117673,0.333346897978926,1.06263314844898,0.33744022413899,1.11922117034818,1.3529933197055,-0.237439681391213,-0.130729931339353,-1.13162962101867,-0.130222913718352,-0.471792152073761,-0.752292666128179,-1.4058558810172,-1.37829262321506,-1.40813399619979,-0.284586274369227,-0.891960932372332,0.477817947267759,-0.268643770115381,-0.268643770115381,0.318817818860188,1.06316675953723e-11,-0.0478184365619223,-0.253482570311377,0.285679975093051,-0.107330083334505,-0.731271696347011,-0.815673870253805,0,3209.0000000001,0.0320397248226195,0.0322579625564739,0.326297870985902,0.740594417713378,991.152076639155,0.25,849,2,"SNETWORK (2 29 991.152076639155 0.326297870985902 100001336 849)",100
3,100001337,-0.65150051210282,20,-0.494845044588713,-0.486027089260215,-0.640656641110964,-0.630828421199535,-0.621755757978306,-0.304116866472842,-0.390724881498779,0.667556502190482,1.19003335921135,-0.00122335065203647,-1.14817817967775,0.376244543569563,-0.00122335065203647,-0.00122335065203647,-4.8622311201797,0.265677412795068,0.262923966705504,1.15055050518919,0.0964795277164995,0.0221765913757709,0.149700598802395,1.22237762237762,0.834152334152334,-0.65150051210282,7,-0.0392265606045436,0.26404594746662,0.263628279276342,0.00562779770706543,-0.653052104543563,-0.10880875600845,1.18895865659961,-0.271495736368668,2.09326505918261,2028.0000000001,6.78714627766466,0.0833810154066135,305.0000000001,0.0406595018896576,6.82780577945432,0.305802812622376,-0.325166251417394,0.345744513114877,0.260727118920448,-0.199552859291934,-0.708404501109272,-0.140287229235115,-0.696044551231918,0.648471998463078,-0.239355888436744,-0.609232303841621,0.704408408659728,0.561090241663629,0.198721400221796,0.734546140016712,-0.471792152073761,-0.752292666128179,-1.21599860459602,-1.16822931241648,-1.16833319422055,-0.120173368905251,-0.636431243569591,0.527840943087065,-0.117811992456093,-0.117811992456093,-0.625993485281532,-3.10522261585181,-0.290412555053463,-0.427624889814853,-1.71846287665894,0.111131100877342,-0.202877219575775,-0.695123005704693,0,2028.0000000001,0.303981760429677,0.00182105209269905,0.181564389587081,0.229784864171245,1452.29443228058,0.0624998605480869,21,2,"SNETWORK (2 3 1452.29443228058 0.181564389587081 100001337 21)",100
29,100001338,-1.01052043407641,41,-0.790377993358492,-0.853832397374456,-0.959757100198023,-0.960709455694412,-0.961711264614227,0.425958110885024,0.353948225196925,1.58806349573805,0.12457658444915,0.872345326932508,-0.217787920141478,2.93613151939729,0.872345326932508,0.872345326932508,-0.0884849569327214,-0.334864726478654,-0.436422623469812,0.503078908682086,-0.542101043545868,0.388090349075976,-1.93862275449102,-1.29510489510489,0.10534398034398,-1.01052043407641,8,0.687918699025179,-0.290051186879546,-0.287545751690821,-0.574400078131116,-1.01055817060024,-0.720335561477312,0.126259701758116,0.480798125382374,0.102943994344959,2340.0000000001,0.385133802987062,0.126750925889892,565.0000000001,0.114497064933718,0.49963086782078,0.0246711215655707,-0.223650373404886,-0.241098954763257,-0.405392480211555,-0.729565320262933,-0.49499506087524,-0.748869300655596,-0.536786243518136,-0.246545391156045,-0.4645840273433,-0.564683690454464,-2.35338664976295,-1.8205540192299,0.189682557395281,-0.483092263152416,-0.471792152073761,-0.752292666128179,-1.4058558810172,-1.37829262321507,-1.40813399619979,-1.49200158444327,0.0331428871462807,-0.207688068447122,-1.08311668689279,-1.08311668689279,-3.76286718616116,1.06316675953723e-11,1.04389500811861,1.60126994115817,1.93242844812933,0.690539241962945,-0.331208806843039,0.0691813826485445,0,2340.0000000001,0.0190174055395511,0.00565371592601962,0.249495882056446,0.65408861552399,919.90173006272,0.25,836,2,"SNETWORK (2 29 919.90173006272 0.249495882056446 100001338 836)",100
43,100001339,0.265591981276254,148,0.12371145778112,0.869954874556633,0.965149594579297,0.947078472655203,0.966783102940535,0.142761214969049,0.078011504912511,-0.414922616130198,-0.500701881435331,-0.152986406714512,0.777280518292287,-0.20894191644146,-0.152986406714512,-0.152986406714512,0.082991963747024,0.602873011856713,0.454256199689104,-0.376146701417471,0.801072530567749,0.147843942505134,-0.958083832335329,-0.581818181818182,-0.163390663390663,0.265591981276254,11,-0.6361443851515,-0.322823997633107,-0.3198976478535,0.886472290925798,0.264070869191778,0.123857714517871,-0.496626721133735,-0.372439309545299,0.0238510855542255,4.0000000001,0.0940235413997011,0.0342901117237044,4.0000000001,0.135175304075591,0.229198845375292,0.0113832053569763,-0.147426279903714,-0.232480834275075,0.195652308023297,0.0162999076014181,-0.277746673456502,0.223632602375315,-0.303248186572529,-0.491528150820045,-0.264740826391061,-0.105837406689217,-0.615051933826623,-0.587648389672561,0.027621099455821,-0.320364967405586,-0.353148128111645,0.538992472803681,2.19258446122348,2.15155944355969,2.28302402457116,-0.537744320579029,-0.300252350662486,0.350508235841035,-0.479376532852637,-0.479376532852637,0.192191465183242,1.06316675953723e-11,0.652721557198782,0.446584496885097,-0.187719444285579,0.774294304077453,0.232497007320011,0.192655813315888,0.0688746947997409,4.0000000001,0.00466969747738807,0.00671350777958827,0.578825247154369,1.85529598831789,3641.88831544805,0.0312500660060792,1617,2,"SNETWORK (2 43 3641.88831544805 0.578825247154369 100001339 1617)",100
17,100001340,-0.332672473976392,159,0.152577399052067,0.406018494492994,-0.241215637293384,-0.241906399880321,-0.243823950879704,-0.243344810049472,-0.239326778010465,0.0931856768118674,1.00514183901251,0.496165295272659,-0.158067098454427,-8.35411747532293e-05,0.496165295272659,0.496165295272659,0.455993660311215,0.0127068753312604,0.0481868505486827,-0.24192035330945,0.0324707950115432,-0.443531827515401,0.0161216029479497,0.044324905863371,-0.265923265923267,-0.332672473976392,9,-0.528412135292097,0.0997451947143794,0.0993818856919708,0.734450769779095,-0.329372970677431,0.78359131133326,1.00530269786912,-0.411575925677917,0.212996162431256,3389.0000000001,1.1540906486399,0.109894078348625,314.0000000001,0.0551696862465469,1.20926033478644,0.0557477298362489,0.324313677688881,0.21503811717426,0.149358446677113,0.711531140979349,0.856650089134534,0.622544670492125,0.86608826923285,0.958952808194658,0.8901983959459,2.13832854162562,1.36411422623656,0.736875505600575,0.18425993088584,1.04638901158881,0.121428129376516,-0.27752634238734,-0.65943161604898,-0.62729665940656,-0.628421247972965,-0.309112975878936,-0.605885170746096,0.313666720517221,-0.290167800775268,-0.290167800775268,-0.0118180534814024,-0.00723278943565833,-0.595598417144103,-0.530497953863696,0.0726090085963329,-0.655808546928011,0.347416550452144,-0.13661994416341,0,3389.0000000001,0.0532043694153062,0.00254336032094269,0.552847333169334,1.08238815115946,2047.54747340762,0.125,578,2,"SNETWORK (2 17 2047.54747340762 0.552847333169334 100001340 578)",100
41,100001341,-0.48449648205189,101,-0.886598059773572,-0.0928456434617663,0.315622755524543,0.310024668600395,0.31737100022456,0.97941770323434,1.12774586580001,0.546889200225504,-0.195643119180753,0.625429608771669,0.537107692315386,0.314851562302756,0.625429608771669,0.625429608771669,0.536807554684994,-0.579503295845843,-0.709116056435436,-0.00349296081628698,-0.757785470133244,-0.720739219712526,0,-0.434965034965035,-0.700859950859951,-0.48449648205189,10,-0.414090721392222,1.06068429346342,1.06920889924841,0.685011611362225,-0.485928211003657,-0.328410199171527,-0.193045194698659,-0.737121573113533,0.12545537763323,1115.0000000001,0.894581038111239,0.141640574971671,688.0000000001,0.623206046589585,1.51778708460082,0.0591216631647577,-0.2487051861458,-0.15384187242034,-0.106932564557972,0.00531350461675951,0.178658836473761,-0.545609681382496,0.153316303533002,-0.422884835413872,0.246947625698757,0.203551823880996,0.405249924528543,0.394133402350801,0.127649671820501,0.209282303920052,-0.658232714974315,-1.30374704394875e-15,0.102215627178161,0.139017963839617,0.16719852156485,-1.03987605637175,-0.636458178779113,-0.161789847716832,-0.830350951259727,-0.830350951259727,1.07027696007059,-0.0692143151761649,-0.34821088022256,-0.365643284329485,-0.333440485236198,-0.286765653751032,0.253340536609321,-0.0105831342915563,0.00241728252842901,1115.0000000001,0.0348462042229171,0.0242754588418406,0.289179641506118,0.208717683411642,2251.68858173704,0.0625,1307,2,"SNETWORK (2 41 2251.68858173704 0.289179641506118 100001341 1307)",100
3,100001342,0.0869760712188048,184,-0.226804037760009,-0.273941878615531,-0.467885001197052,-0.45962963966976,-0.447550990366083,-0.387271370495555,-0.463218031969063,0.545156921556181,0.553180086070243,-0.590020854748701,-1.20666988227463,-0.794771057265484,-0.590020854748701,-0.590020854748701,-4.72687083894503,0.205233028504084,0.292971599415672,1.13327318848707,0.0234400235782497,0.0739219712525668,-0.0898203592814364,1.0005994005994,0.837837837837838,0.0869760712188048,7,-0.257561261778145,-0.269858876893104,-0.267598702458986,0.205388449369954,0.0881319950463534,0.912186277813404,0.553839762468088,-1.40184645071978,0.104633990541707,8301.0000000001,1.38866738854581,0.0399067863120286,813.0000000001,0.0518719214167962,1.44053930986261,0.0708789134323418,-0.00928833017929249,0.0929002387828714,0.294276079958399,1.7127794379766,2.17799734762535,0.809083035669649,2.35016943823126,0.839638679208745,2.20092651491933,3.91991498389968,0.150110055083616,0.316118338760018,-1.08468929053518,0.88136589867456,-0.183656619125852,-0.461007527196319,-0.751834212897414,-0.690544926566656,-0.641104661755904,0.955827708131232,1.13473094003745,-1.91441838884954,1.21468877265162,1.21468877265162,-0.306026137499929,-2.27402149980031,-0.554539411338816,-0.37579532145538,-0.869843932849945,-0.383160930557291,0.719352054026177,0.47959926223884,0,8301.0000000001,0.0683266571110235,0.00255225622131834,0.849593158937886,0.301462846342474,2415.52559607273,0.0624998605480869,185,2,"SNETWORK (2 3 2415.52559607273 0.849593158937886 100001342 185)",100
28,100001343,-0.18620733082395,188,-0.790377993358492,-0.853832397374456,-0.715996162004961,-0.715344983900652,-0.711097017555422,0.767550357228717,0.771411588784378,2.04878841551836,-0.440889639443847,0.327770583833771,0.0854959518558034,2.79691102457563,0.327770583833771,0.327770583833771,-0.0303060351678435,-0.880680326930609,-0.95061046289609,0.688796416127425,-1.26421516999667,0.468172484599588,-2.26546906187625,-1.53286713286713,0.194922194922195,-0.18620733082395,8,-0.48131618246895,1.69941789445726,1.72544415351718,0.82340391598816,-0.176697059816415,1.25286682849251,-0.436105242681553,-0.042947094858194,0.149410051046727,7790.0000000001,1.86085287236027,0.0443976581488169,4506.0000000001,0.319849749615064,2.18070262187533,0.0759897119372929,0.795336208433922,0.764524060840123,2.27010749363445,0.805916230167962,-2.20985439631146,0.480396676520938,-1.68804372200182,-0.241264148821878,-0.78989216595887,-0.376634911281039,-0.841824304452261,-0.784276976679482,0.0531760171326498,-0.214571686609703,-0.471792152073761,-0.752292666128179,-0.897784372821826,-0.860982036160378,-0.83280147843515,1.23696469945219,0.278311045503672,0.664254828738423,1.68806278285894,1.68806278285894,1.80376419351728,1.06316675953723e-11,-0.410556668558756,-0.313008296027868,-0.0156175864692552,-0.431828898731693,0.969654540799749,0.509669502583575,0,7790.0000000001,0.0648440883789725,0.0111456234583205,0.161201779913624,1.70686993934214,1744.13079761502,0.125,729,2,"SNETWORK (2 28 1744.13079761502 0.161201779913624 100001343 729)",100
43,100001344,-0.0527420381132433,94,0.12371145778112,0.869954874556633,0.965149594579297,0.947078472655203,0.966783102940535,-0.100035490632923,-0.0791517445234001,-0.462587164512346,-0.295530258762557,-0.523912982041487,0.670398618117528,-0.800845300885591,-0.523912982041487,-0.523912982041487,0.255534414556141,0.542747958359114,0.345052109920159,-0.177510745479767,0.688908856554374,-1.14579055441478,2.23053892215569,2.01958041958041,-0.227886977886978,-0.0527420381132433,11,0.571450004030165,-0.345708670257509,-0.342471589210847,-0.526738544358035,-0.0544672922826216,-0.213457014964049,-0.292434023520967,0.777988985630423,0.0635073521243168,1e-10,1e-10,0.0705294461058212,1.0000000001,0.0695086634698522,0.0695086634698522,0.0034661387336878,0.176955488439637,0.133621096715408,-0.604860258619535,-0.515022534329759,0.14858932922444,-0.100086338118443,0.161859776927241,-0.301324124105778,0.166548083115107,0.123776699484928,-2.11395115782841,-1.84132700270263,0.101661931649494,-0.48492666608521,-0.353148128111646,0.538992472803681,2.19258446122348,2.15155944355969,2.28302402457116,-1.7139356876629,0.222781599038642,-0.629144622533876,-1.18896566048429,-1.18896566048429,-1.50402373735435,1.06316675953723e-11,1.28515010750479,1.38293649389088,0.0402500516223118,1.41188387565894,-1.49502812176368,0.157399329898897,7.16258883667732e-11,1.0000000001,0,0.0034661386336878,0.369029740158951,0.13617937167882,3335.86614243467,0.0312500660060792,1563,2,"SNETWORK (2 43 3335.86614243467 0.369029740158951 100001344 1563)",100
41,100001345,-0.578865318104242,81,-0.886598059773572,-0.0928456434617663,0.315622755524543,0.310024668600395,0.31737100022456,0.989013949079907,1.1471581046931,0.671120595042897,-0.17445438828973,0.567931955029078,0.526531559059735,0.316234296561019,0.567931955029078,0.567931955029078,0.530080735317073,-0.500830172550147,-0.633196705387649,0.0435506646177578,-0.667211059338961,-0.720739219712526,0,-0.434965034965035,-0.700859950859951,-0.578865318104242,10,-0.533579295299844,-0.696390205165662,-0.686635178861239,0.792776918219966,-0.578476811534703,0.27517231889064,-0.171974642352519,-1.12770946227121,0.189259096323002,1331.0000000001,1.61098077124175,0.0611811334912469,672.0000000001,0.262931325408075,1.87391209654982,0.0994237832523114,-0.0800748712753349,0.262795782276575,-0.0978528388331755,0.375827157772902,0.730538965249278,0.453411211197174,0.849177304447309,0.12635702806024,0.878462351716334,0.732085018998492,0.903211049224326,0.800235840006581,0.13269647979453,0.883442262730391,-0.658232714974315,-2.60749408789749e-15,0.102215627178161,0.139017963839622,0.16719852156485,-0.766713161638491,0.406095276698383,0.0352949641824071,-0.649654490237815,-0.649654490237815,-0.253558564397133,-0.105729410414924,-0.0636246748862901,-0.103898629863105,0.0973881975632997,-0.0791544430517029,1.22743853161212,1.11372125006197,0.00153555440518532,1331.0000000001,0.0854734878738371,0.0139502952784743,0.223339367025155,0.178578450556487,2139.76711232154,0.0625,1287,2,"SNETWORK (2 41 2139.76711232154 0.223339367025155 100001345 1287)",100
28,100001346,0.0477802865939746,209,-0.790377993358492,-0.853832397374456,-0.715996162004961,-0.715344983900652,-0.711097017555422,0.79859178243576,0.809397079260637,2.07947586632994,-0.476844716008264,-0.0432549851509996,0.101230533448221,2.59543573365965,-0.0432549851509996,-0.0432549851509996,-0.122720125035663,-0.91045879557199,-0.97202164781329,0.773706887073915,-1.31730169367744,0.468172484599588,-2.26546906187625,-1.53286713286713,0.194922194922195,0.0477802865939746,8,-1.10777627738278,-0.120264544653891,-0.119489646852502,2.56254779783959,0.0460165954045772,0.105475232166695,-0.465737921716406,-0.261701435703036,0.0819975571663638,3037.0000000001,0.398144271424249,0.0896807250639538,3652.0000000001,0.523630150212339,0.921774421536588,0.0441731660420767,0.854603004060102,0.501929791549002,0.768676197279795,-0.0278687044547081,-1.19948309858437,0.155385772862644,-1.26136207586178,-0.45932685455113,-1.53093976804638,-0.660791638237144,0.445977860135533,0.490384482436642,0.0387793010529446,1.08533349839208,-0.454784861124633,-0.738681383349767,-0.897784372821835,-0.860982036160374,-0.83280147843515,0.67611649255555,1.26372054904515,-0.228249508583486,0.801551324310096,0.801551324310096,-0.511998500956845,1.06316675953723e-11,-0.824274552548407,-0.746334238338802,-0.664012838569115,-0.728310837535331,0.613270461995898,0.290864779329305,0,3652.0000000001,0.0190798231726624,0.0250933427694143,0.306705811089824,0.256347689777613,1859.64387560549,0.125,750,2,"SNETWORK (2 28 1859.64387560549 0.306705811089824 100001346 750)",100
3,100001347,-0.0383515961408413,162,-0.226804037760009,-0.273941878615531,-0.467885001197052,-0.45962963966976,-0.447550990366083,-0.405241716804561,-0.478851937758154,0.537039120709554,0.609251984128484,-0.319129503370503,-1.24732978523846,-0.540733263815276,-0.319129503370503,-0.319129503370503,-4.62284500861669,0.173901774961204,0.250937413606138,1.04919582813967,-0.000666695302926508,0.0739219712525668,-0.0898203592814364,1.0005994005994,0.837837837837838,-0.0383515961408413,7,-0.116557474134363,-0.525701720756114,-0.519534262682891,-0.00205214704797183,-0.0360227164831176,0.82175552160502,0.659700702552805,0.0172569851972815,3.36540530869323,2200.0000000001,11.8373664051101,0.37773779473023,155.0000000001,0.0936089068029082,11.930975311813,0.614182001405604,-0.864702232263793,-0.201606824379273,0.855117573467116,1.58438023117853,1.13834981668514,0.820136846031683,1.28458008618996,0.898628695207716,1.81604871944994,3.71267218201411,0.489634121742801,0.73673426660235,-0.938760070484714,2.17713523657327,-0.183656619125852,-0.461007527196321,-0.751834212897414,-0.690544926566656,-0.641104661755904,1.0105208922076,0.129528545373543,0.357132795123831,1.3019751285147,1.3019751285147,-0.227664476556276,-4.12853667482365,-0.261854592458985,-0.178483252613177,0.177233854353064,-0.315552969770688,0.0817899746881284,-0.0175800623664406,0,2200.0000000001,0.609363207857731,0.00481879344787337,0.760834256910059,0.514826345233506,2287.54407129459,0.0624998605480869,163,2,"SNETWORK (2 3 2287.54407129459 0.760834256910059 100001347 163)",100
41,100001348,0.274621135692272,222,-0.419244275461604,0,0.315622755524543,0.310024668600395,0.31737100022456,0.999570572916875,0.892098091317706,-0.436116062220496,-0.481206434782477,0.612796888528855,0.758707285823163,0.28097070305322,0.612796888528855,0.612796888528855,0.41291343536542,-0.712485284050121,-0.843767871847214,-0.340971135752604,-0.86365562473694,-0.720739219712526,0,-0.434965034965035,-0.700859950859951,0.274621135692272,10,-0.264952659019807,-0.0771438185718305,-0.0766894049918709,0.250845536375412,0.271604226284209,-0.372072200910469,-0.477926662474572,0.419964190388284,0.162216190731772,744.0000000001,0.771831809992778,0.0362930786311939,91.0000000001,0.021121304715981,0.792953114608759,0.0377121390362556,-0.155662098855134,0.0202512393752682,-0.391985222462319,-0.273779478877324,0.19077882411203,-0.339782676255912,0.198636791945118,-0.746023838801547,0.14142256907247,0.0636096983264353,-0.0668325114244616,0.0966687966825279,0.0363234783517013,0.276806338256023,0.562105955755759,0.451834062908155,0.102215627178161,0.139017963839622,0.167198521564845,0.499331440224857,0.0342108394886567,-0.607399026686975,0.566948788673378,0.566948788673378,-0.823736892526976,1.06316675953723e-11,0.0205813635345122,0.085804541166961,0.0373083752577495,0.0275857677497629,0.263922734775683,-0.137484210354966,0.00465763589033431,744.0000000001,0.0367076286321548,0.00100451030410077,0.689471673284845,0.0927198879539087,2932.14249456123,0.0625,1428,2,"SNETWORK (2 41 2932.14249456123 0.689471673284845 100001348 1428)",100
3,100001349,0.236021318866299,216,0,-0.0695595240108285,-0.467885001197052,-0.45962963966976,-0.447550990366083,-0.463804079952894,-0.544105677925543,0.378180723627907,0.420213429407056,-0.930382971831885,-1.32222066684149,-0.415166372372022,-0.930382971831885,-0.930382971831885,-5.12658769680714,0.317551408086367,0.422707707248838,1.45627040466113,0.105912051410234,0.0739219712525668,-0.0898203592814364,1.0005994005994,0.837837837837838,0.236021318866299,7,0.163962056577772,-0.581268527065695,-0.574020344711249,-0.280668773992986,0.234224423062352,0.314107872764856,0.421175053117456,-0.765650121382273,0.0710519165161736,2411.0000000001,0.273884869753252,0.0777809418430616,2777.0000000001,0.345337794749277,0.619222664402529,0.032191184412357,0.320444524839728,0.741007478401072,-0.0816619811850201,0.424305831809108,0.766187193909519,0.455353179330452,0.872808234072711,0.599317611416344,0.161013192442021,0.263507446528584,0.303166104908076,0.14542277687321,0.126364516565855,0.193841808068559,0.223123099423871,0.103212322371745,-0.751834212897414,-0.690544926566656,-0.641104661755899,-0.277452270797955,0.624697317020918,-0.947765497283076,-0.262336700684359,-0.262336700684359,-0.40496581968751,-1.92803340362138,-0.061473607838629,0.0770369957802119,0.0250571994048056,-0.0593246160183145,0.809306370519556,0.849341745297125,0,2777.0000000001,0.014238300417031,0.0179528838953261,0.976283072980806,1.33628687521026,2598.19987440191,0.0624998605480869,217,2,"SNETWORK (2 3 2598.19987440191 0.976283072980806 100001349 217)",100
17,100001350,-0.424461205533692,147,0.152577399052067,0.406018494492994,-0.358045591966192,-0.357303355798844,-0.355675841278248,-0.179821266780061,-0.173567617033116,0.151144199841007,1.074596729996,0.621259122217167,-0.0682922764892586,-0.0807199555598133,0.621259122217167,0.621259122217167,0.47132130292081,-0.0316291986567945,-0.0047776925810242,-0.344362051385291,-0.00467129036247053,-0.33264887063655,-0.333618477331052,-0.204195804195803,-0.181818181818182,-0.424461205533692,9,0.368834224326456,-0.605107990543804,-0.597370438604729,-0.339001814120416,-0.425138444098851,-0.334972539058609,1.07404701479146,0.257537970544399,0.0845043770526639,1059.0000000001,0.143077630448121,0.159516261274129,1872.0000000001,0.477427445060162,0.620505075408283,0.0323942235291535,-0.404031749870886,0.193502808335576,-0.221678903952805,-0.643273363843014,-0.645446384117469,-0.172704985802582,-0.740131719110884,0.588422858627254,-0.700130871637708,-1.70268451478794,0.318757284839219,0.214129258903859,-0.966736970469455,0.374069082714129,0.121428129376515,-0.277526342387341,-0.704693502638718,-0.672835765969098,-0.675701691065629,0.251095021556434,-0.741616464776966,0.878488266994343,0.268579747313067,0.268579747313067,-0.386063936024929,1.06316675953723e-11,-0.206937344464859,-0.188390281668832,-0.0813873868952652,-0.192927728224888,0.740776357986441,0.858421705175939,0,1872.0000000001,0.00746954200641812,0.0249246814227354,0.511251813808169,0.197758837174948,1978.28568776208,0.125,566,2,"SNETWORK (2 17 1978.28568776208 0.511251813808169 100001350 566)",100
3,100001351,-0.60734337288296,33,-0.494845044588713,-0.486027089260215,-0.640656641110964,-0.630828421199535,-0.621755757978306,-0.299439100078279,-0.386666343981046,0.680002044322277,1.15891774947406,-0.00878464461284695,-1.14289236916407,0.387260593136523,-0.00878464461284695,-0.00878464461284695,-4.85152556170159,0.262562825503648,0.267191282438251,1.25846804814695,0.0727979585961579,0.0221765913757709,0.149700598802395,1.22237762237762,0.834152334152334,-0.60734337288296,7,0.571700148850841,-0.40567764427647,-0.401560415135864,-0.527378499186728,-0.604031709057888,1.64754533920858,1.1579281101043,-1.4419047738542,0.652853254187787,2562.0000000001,2.6741744368705,0.106474555120731,473.0000000001,0.0805196742786487,2.75469411104915,0.138829108644421,0.524318739659083,-0.267421671850402,1.61108100699794,1.55490322810906,-0.104612024742865,1.27535826814464,-0.116394079836365,1.31451178755759,0.632092092005444,1.60871903313511,0.712192564444437,0.138854077724225,-0.821505505498795,0.288330440116029,-0.471792152073761,-0.752292666128179,-1.48074956831335,-1.423857898781,-1.44749212629168,0.31442588825756,0.847942647147697,-1.53080712681644,0.341444471920672,0.341444471920672,1.32394761937033,-4.96635660070874,-0.454338893562995,-0.634597920823852,-1.89756548365371,-0.0251401542066368,0.511240639382149,0.435612006241224,0,2562.0000000001,0.134771135449667,0.00405797309475402,0.23131505791313,0.420296327539316,1524.02995678158,0.0624998605480869,34,2,"SNETWORK (2 3 1524.02995678158 0.23131505791313 100001351 34)",100
35,100001352,1.05348563769856,230,1.95876350285277,1.6240746339498,1.11742223327512,1.09970853501445,1.1005013034785,0.673589929790201,0.642768210847855,-0.12689480444467,-0.44571549952263,-0.155712684997503,1.12143440480191,-0.778174949580755,-0.155712684997503,-0.155712684997503,-0.771173288921484,-0.536585637906665,-0.648317185962781,-0.941019580726092,-0.532048317411197,-1.3305954825462,1.62674650698603,0.565034965034965,-1.23832923832924,1.05348563769856,12,0.101933461298318,-0.0690243063731682,-0.0686248913719348,-0.177518981253702,1.05024120149185,-0.0857597080778818,-0.442574338048686,0.392202840275185,0.392988024097256,66.0000000001,0.165874762289353,0.116995513382351,2221.0000000001,1.66178497342033,1.82765973560968,0.0867975978954319,0.610067343629186,0.930745965984203,0.119248441800103,0.00543658308243649,-0.168184565121968,-0.0368646061695352,-0.175597314859289,-0.511687213110779,-0.416705146495165,-0.197631303586733,0.0935412670165004,0.0738053076524968,0.0512891372553902,0.101187578953884,0.596004386864676,1.11697181886013,2.19258446122347,2.15155944355969,2.28302402457116,0.108425408075091,0.636219271282183,-1.64702595749719,0.112121309046099,0.112121309046099,-0.381720488016209,-2.28042863236899,0.351947502138454,0.435830023211172,0.643518591988123,0.244063909443617,0.395077458903676,-0.0111005077155499,2.45416368463839e-12,2221.0000000001,0.00787757732645423,0.0789200204689777,0.641083063136752,2.60040545957674,5597.47488696321,0.0156249669969604,1003,2,"SNETWORK (2 35 5597.47488696321 0.641083063136752 100001352 1003)",100
17,100001353,-0.826446132667308,59,-0.711340194022643,-0.147031598306002,-0.358045591966192,-0.357303355798844,-0.355675841278248,-0.0384993252557895,-0.030483490696569,0.323680459999708,1.31383057935267,0.691046119919764,0.0613009343563045,-0.0941028600030367,0.691046119919764,0.691046119919764,0.509997018028599,-0.00846092226028898,-0.0102528055760608,-0.455812780808853,0.0449395391934853,-0.596303901437372,0.141716566866268,0,-0.395577395577396,-0.826446132667308,9,0.752496792268261,-0.0259321143466458,-0.0257963279521036,-0.588344802860059,-0.825828314555527,-0.0945441290059819,1.31246559994451,-0.278562447658696,0.10885193174532,65.0000000001,0.011312173965075,0.153640241819433,4348.0000000001,1.06804878866047,1.07936096252554,0.0508724185474613,-0.0652897693577821,-0.190455999916444,0.122318057076423,-0.191989612316438,-0.484767812733333,-0.0560650492886393,-0.501541794199395,0.736182945659168,-0.446098112232607,-1.2079400721418,0.149698782628745,0.0737777831321759,-0.920787218783084,-0.0606168883236877,-0.620097141616481,-0.587156310063935,-1.4058558810172,-1.37829262321507,-1.40813399619979,-0.197077610956234,0.211522244788927,0.0738480207537228,-0.189806882568142,-0.189806882568142,-0.374685268355572,1.06316675953723e-11,-0.0687752192807184,-0.204027063254634,-0.573136065249219,0.0628297104422868,0.508509864801482,0.906006534729292,0,4348.0000000001,0.000533165143495013,0.0503392533039663,0.200408745932931,0.245244524945213,1460.69277710168,0.125,478,2,"SNETWORK (2 17 1460.69277710168 0.200408745932931 100001353 478)",100
41,100001354,-0.493724292400859,99,-0.886598059773572,-0.0928456434617663,0.315622755524543,0.310024668600395,0.31737100022456,0.97247521860003,1.12306736376864,0.553086816783813,-0.193694330445931,0.621519672467626,0.529863486630522,0.313615540557069,0.621519672467626,0.621519672467626,0.537865917490091,-0.575370726540636,-0.705091284146076,-0.00429646778477509,-0.752426121978897,-0.720739219712526,0,-0.434965034965035,-0.700859950859951,-0.493724292400859,10,-0.422581147030071,0.213567014081097,0.213094594225502,0.552119777535371,-0.494514397858529,-0.0535466016214019,-0.190115252437974,-0.427475662401899,0.168454715135669,679.0000000001,0.731490154364813,0.188007379360673,643.0000000001,0.773110208444519,1.50460036270933,0.0679883813399093,0.395897497128739,0.678845376981807,0.00365082790519589,-0.212391344249282,-0.322189155422089,-0.0746743660210307,-0.319468341628521,-0.159132950391578,-0.0972083308201868,-0.0706577210782325,0.499499776373866,0.405461575623613,-0.892863294301313,0.232786294871831,-0.658232714974315,0,0.102215627178161,0.139017963839622,0.167198521564845,-0.398900101985427,-0.559036382180268,-0.130916908624825,-0.366891714413536,-0.366891714413536,0.65178764235825,1.06316675953723e-11,-0.269333026230483,-0.303157164514693,-0.387409432551654,-0.187337245241937,0.203578146192354,0.286410145370515,0,679.0000000001,0.0330538478637262,0.0349345333761831,0.282012771623339,0.97637024987489,2239.50566459834,0.0625,1305,2,"SNETWORK (2 41 2239.50566459834 0.282012771623339 100001354 1305)",100
3,100001355,-0.239691806821377,120,-0.226804037760009,-0.273941878615531,-0.467885001197052,-0.45962963966976,-0.447550990366083,-0.379196239204114,-0.441471066572974,0.550290786281217,0.753903813895967,-0.0426850636597226,-1.24480950820985,-0.145444772496887,-0.0426850636597226,-0.0426850636597226,-4.38393225766558,0.161173836663536,0.229676154081848,1.120039556522,-0.0296835119820833,0.0739219712525668,-0.0898203592814364,1.0005994005994,0.837837837837838,-0.239691806821377,7,0.394204308877454,2.03841542427766,2.07719704011372,-0.227368589599478,-0.238513967126485,0.374831153649755,0.75838833572343,0.103736333754382,3.12558672918369,1513.0000000001,7.56076111619668,0.314538559702817,11626.0000000001,5.8465443258141,13.4073054419108,0.440452544695752,0.347414211397007,0.081006190125625,1.225147098644,0.171916244004158,-1.61983451753405,-0.156631696112801,-1.16591116385205,0.464663499706772,-1.00018884386586,-2.01116963675072,-0.196754228527188,-0.188161796383906,-0.818436413698784,-0.122615205849832,-0.183656619125853,-0.461007527196322,-0.825845978931221,-0.776974098588535,-0.738314695323779,-0.218877122166588,-0.813982970978153,0.722751091491799,-0.209748623110042,-0.209748623110042,0.263820184868429,-12.9842995094179,0.985663384473313,0.914204759157793,1.29012264970139,0.781929347430143,-0.123967835221974,-0.250640603238429,0,11626.0000000001,0.248383725359182,0.19206881923657,0.598757868670992,1.29663003493284,2053.84601032866,0.0624998605480869,121,2,"SNETWORK (2 3 2053.84601032866 0.598757868670992 100001355 121)",100
41,100001356,-0.293476689351561,138,-0.886598059773572,-0.0928456434617663,0.315622755524543,0.310024668600395,0.31737100022456,0.96929359301444,1.00128383494723,0.175671383824335,-0.288501617313227,0.801092813274077,0.556520807436651,0.391887498796358,0.801092813274077,0.801092813274077,0.501389882043909,-0.757456565740528,-0.87441516060735,-0.208968090212505,-0.944516603822313,-0.720739219712526,0,-0.434965034965035,-0.700859950859951,-0.293476689351561,10,0.175412122105532,0.277199330235128,0.276806264683001,-0.209333581514576,-0.291249395774323,0.448957607163645,-0.285688973736076,-0.0433700530507042,0.052305089602499,174.0000000001,0.0582034513122655,0.0769549562400257,1128.0000000001,0.555138354858011,0.613341806070276,0.0274068476771107,1.291803789762,0.658879711576033,-0.330129232295188,0.258015014704432,0.877658340798718,0.336167819193094,0.860240919465322,-0.0707852068889281,1.1025335653047,0.757218204351741,-0.0289012276779949,-0.0733953678658418,-1.10700138497646,-0.124230155671034,-0.658232714974315,0,0.102215627178161,0.139017963839617,0.167198521564845,-0.394095976738293,-0.131169141881773,0.555618432619627,-0.362867532154005,-0.362867532154005,0.014566924222313,1.06316675953723e-11,0.718837655845612,0.683762040209233,0.976544408368445,0.565445173682311,0.5030862618782,0.784504313599508,0,1128.0000000001,0.00260078980481833,0.0248060577722924,0.41553744245777,2.62803248688564,2466.48341462779,0.0625,1344,2,"SNETWORK (2 41 2466.48341462779 0.41553744245777 100001356 1344)",100
28,100001357,-0.38824041463649,166,-0.790377993358492,-0.853832397374456,-0.715996162004961,-0.715344983900652,-0.711097017555422,0.769890572187948,0.784952620724385,2.04514201579234,-0.418985798334383,0.491802627634196,0.123649338955165,2.78223513809335,0.491802627634196,0.491802627634196,-0.00428229334512516,-0.830246265273415,-0.897958800819357,0.727920392490047,-1.20779455617342,0.468172484599588,-2.26546906187625,-1.53286713286713,0.194922194922195,-0.38824041463649,8,0.652856171323576,-1.82232800687042,-1.76807180887137,-0.631876440920786,-0.386830902997028,0.98962338266467,-0.415873109222155,-0.569552301662657,1.85343575245932,2861.0000000001,8.47793650540726,0.0783881337324829,948.0000000001,0.11881011811753,8.59674662342479,0.557381769332871,-1.38293760417761,-0.257367841197631,0.718451575642588,0.523720117832289,-0.317145162549166,1.30434393135009,-0.453573671765606,0.173732327432297,-1.24549339471463,0.191605983490303,-0.580763066811705,-0.654289737246389,-1.25511983297222,-0.294784612397975,-0.471792152073761,-0.752292666128179,-0.897784372821835,-0.860982036160374,-0.832801478435145,0.103522579656439,0.483623879720294,-0.0287109162043301,0.106927780307928,0.106927780307928,3.83260562412584,-0.629734690884161,0.952646193205812,0.949792102461946,-0.11175210799358,1.08443249403791,0.270186552653966,1.03509761373685,0,2861.0000000001,0.549678553506622,0.0077032157262494,0.00618379347635789,0.120115699809031,1621.06475873966,0.125,707,2,"SNETWORK (2 28 1621.06475873966 0.00618379347635789 100001357 707)",100
28,100001358,-0.00779007669945232,203,-0.790377993358492,-0.853832397374456,-0.715996162004961,-0.715344983900652,-0.711097017555422,0.791078353620888,0.798701408514295,2.10028505310997,-0.467165782354013,0.0712517394005164,0.0939379839401695,2.67782113360245,0.0712517394005164,0.0712517394005164,-0.0961147054170864,-0.897056430139191,-0.962312352748628,0.750686884110674,-1.29619067600726,0.468172484599588,-2.26546906187625,-1.53286713286713,0.194922194922195,-0.00779007669945232,8,-0.578762115276077,2.36745449446183,2.42078996231273,1.3005670916624,-0.00262572316973832,0.601305037286923,-0.459878037195036,0.512705920496407,0.119553159109964,7480.0000000001,1.42974115894563,0.0778302626714542,1502.0000000001,0.186901675264934,1.61664283411056,0.050161311416219,-0.962433476679557,-0.66568318060345,0.649036148550442,0.566257795488109,-0.137874155239234,-0.0787686915459521,-0.0922139596792652,-0.567742896226053,0.0837095383628321,0.0496877024196466,-1.74627771725158,-1.61678631448808,-0.061711835815177,-0.471337454175095,-0.471792152073761,-0.752292666128177,-0.89778437282183,-0.860982036160378,-0.83280147843515,0.0848371605525819,0.529964589087141,0.735296190355131,0.087243165454052,0.087243165454052,2.56700465944896,1.06316675953723e-11,0.0430472297827165,0.227916973710449,-0.479046905876863,0.17693216556424,0.953560959371524,1.82699909985208,0,7480.0000000001,0.0443621125592413,0.00579919875697777,0.265746982964978,0.242692286972232,1827.12738606676,0.125,744,2,"SNETWORK (2 28 1827.12738606676 0.265746982964978 100001358 744)",100
29,100001359,-0.96060691960547,54,-0.790377993358492,-0.853832397374456,-0.959757100198023,-0.960709455694412,-0.961711264614227,0.438700459772394,0.365478771749117,1.59835935387032,0.116683158549611,0.889322806951132,-0.205310635102636,2.93126960710424,0.889322806951132,0.889322806951132,-0.0835293744267505,-0.359346006373109,-0.459884238666755,0.486125541214075,-0.569860069610936,0.388090349075976,-1.93862275449102,-1.29510489510489,0.10534398034398,-0.96060691960547,8,1.0895090065106,0.061037107007004,0.0607849178985085,-0.696673719339684,-0.957800575886307,0.372603210811132,0.118955203399517,-0.200884339027358,0.134542225776929,3209.0000000001,0.690276503445493,0.186320972501749,2333.0000000001,0.694978303497056,1.38525480684255,0.0642976874790934,-0.352536130366047,-0.264393011442868,-0.109366564601528,0.557592284172778,1.04390742117673,0.333346897978926,1.06263314844898,0.33744022413899,1.11922117034818,1.3529933197055,-0.237439681391213,-0.130729931339353,-1.13162962101867,-0.130222913718352,-0.471792152073761,-0.752292666128179,-1.4058558810172,-1.37829262321506,-1.40813399619979,-0.284586274369227,-0.891960932372332,0.477817947267759,-0.268643770115381,-0.268643770115381,0.318817818860188,1.06316675953723e-11,-0.0478184365619223,-0.253482570311377,0.285679975093051,-0.107330083334505,-0.731271696347011,-0.815673870253805,0,3209.0000000001,0.0320397248226195,0.0322579625564739,0.326297870985902,0.740594417713378,991.152076639155,0.25,849,2,"SNETWORK (2 29 991.152076639155 0.326297870985902 100001359 849)",100
12,100001360,0.323841975493331,234,0,-0.0695595240108285,-0.467885001197052,-0.45962963966976,-0.447550990366083,-0.618162681705665,-0.708821363384134,0.0247038910340702,0.0848766283687096,-1.06610124078106,-1.69446589990238,0.0128593933933212,-1.06610124078106,-1.06610124078106,-5.58525545744862,0.513453223570453,0.650890582272932,1.77088624474888,0.295293072787398,0.184804928131415,-0.778443113772456,0.103496503496504,0.51023751023751,0.323841975493331,7,-0.1663682134842,0.687575847145142,0.690056666853257,0.221973425677734,0.323099015751899,0.187398106369271,0.0867469497989152,-0.719980237705777,0.162461049965625,2142.0000000001,0.556370066617924,0.0921873687355739,930.0000000001,0.137072205939105,0.693442272457029,0.0288335175976991,4.56182545813987,3.14007061168486,0.273942590274966,0.404819836080441,0.174148798659043,0.0239485848450175,0.159179236437437,0.156805431696638,-0.318592609288803,-0.366625680308561,0.394362775230106,0.296214035773462,0.0790599156967044,0.560064035292562,0.223123099423871,0.103212322371743,-0.751834212897414,-0.690544926566656,-0.641104661755899,0.484593117773175,0.802589112286862,0.475949138307335,0.548251337418893,0.548251337418893,0.42742062084386,-10.451452298412,0.0235768532661837,0.067889710088367,0.825029065009295,-0.159431129581783,1.00443172874029,0.781247494757014,0,2142.0000000001,0.0231340180540379,0.00569949944366119,0.268461352794206,0.677807556999783,2707.7526676165,0.0312499302740435,234,2,"SNETWORK (2 12 2707.7526676165 0.268461352794206 100001360 234)",100
29,100001361,-0.880427446959238,71,-0.790377993358492,-0.853832397374456,-0.959757100198023,-0.960709455694412,-0.961711264614227,0.493082491258102,0.441512589869123,1.69145593160737,-0.00950582557811672,0.989194204609551,-0.152633461589465,2.76629204699264,0.989194204609551,0.989194204609551,-0.0554798160526752,-0.528971367765058,-0.609847726559511,0.259788064559175,-0.742274926756897,1.05602816075095,-3.18648417450813,-1.88851148851148,0.604422604422604,-0.880427446959238,8,0.764679149681776,0.953178171911854,0.959635370666473,-0.434228120631699,-0.88103655312447,-0.933869124621846,-0.00748469810134313,0.680753170163482,0.395635683903334,1957.0000000001,1.23788712679752,3.04042942648703,187.0000000001,0.909015522456178,2.1469026491537,0.0852138011679194,1.58390665241354,0.210308082418457,-0.915561965268815,-0.854791927777834,0.105313090880946,-1.30808357118348,0.0922613453961623,-0.747080222536971,-0.00672116438004505,-0.00611108983544452,-0.150310195511409,-0.157497817807971,-0.852374265548496,0.0751401827087829,-0.471792152073761,-0.752292666128179,-1.29679337519469,-1.26724737930477,-1.28463269976233,0.133438504241024,0.829884229123248,-0.336535840916371,0.138803449876666,0.138803449876666,0.150753381922701,-2.45149564009666,0.370165482588337,0.946019757719198,1.45529298225007,-0.0711603320373511,-1.1398275265974,-1.16923310670165,0,1957.0000000001,0.049133605291994,0.0360801957759253,0.430386501901908,1.31283825592272,1087.71664652606,0.25,866,2,"SNETWORK (2 29 1087.71664652606 0.430386501901908 100001361 866)",100
29,100001362,-1.08464574603425,22,-0.790377993358492,-0.853832397374456,-1.31184600508887,-1.30651564302517,-1.32383268064034,0.426128553524761,0.38156636659777,1.56439065162962,0.256147793476774,0.587693759493953,-0.147667878938522,2.06856595115489,0.587693759493953,0.587693759493953,-0.237405511625128,-0.345139832526799,-0.486974735307754,0.0770860365409668,-0.477070170947059,0.279260780287474,-1.27411842980705,-0.441958041958041,0.405132405132405,-1.08464574603425,8,0.810883863169023,9.90128725599515,10.701123204981,0.269446930450331,-1.08506012276264,-1.09876465201568,0.257461701899863,0.667616095068491,0.0428058680483461,1589.0000000001,0.108748173303193,0.100578330652441,41466.0000000001,6.66793460215172,6.77668277535491,0.0579259749352639,-1.91351770850438,-1.92135301385523,-1.05934655528939,-1.11411385516461,-0.0730142832979345,-2.30478380358213,-0.0093102356902353,-1.90475049940652,-0.014863081544217,-0.020679352871984,-2.35338664978812,-2.4206233909695,0.105025544310637,-0.491155758252703,-0.471792152073761,-0.752292666128179,-2.3587188560243,-2.29529197602235,-2.43477706343215,-3.31289407227407,-0.0683547878439145,-0.606725177635879,-1.6987961413974,-1.6987961413974,-1.65110028429233,1.06316675953723e-11,-0.16957665091784,-0.174981873380275,-0.158176215830627,-0.133458290290386,-2.54973937591052,-2.56957849991532,0,41466.0000000001,0.000929561579501874,0.056996413255762,0.134721088504293,9.26592815554092,813.423448278363,0.25,817,2,"SNETWORK (2 29 813.423448278363 0.134721088504293 100001362 817)",100
43,100001363,-0.249416257002727,57,0.12371145778112,0.869954874556633,0.532114998802948,0.540517197237357,0.552449009633917,-0.354073476197391,-0.332719558325096,-0.820252615962331,-0.100915960942585,-0.47095571016573,0.572703146691293,-1.14909755732106,-0.47095571016573,-0.47095571016573,0.395999504656982,0.681108743271401,0.472578162670132,0.0558958065215758,0.820613500941994,0,0.0419161676646709,0.81118881118881,0.429975429975429,-0.249416257002727,11,0.799968392176544,-0.131797471817714,-0.130928736751522,-0.609002595238349,-0.251712676827255,-0.891054037699577,-0.0984079088837719,0.844693733990755,0.139849171142442,1.0000000001,0.137825114332993,0.100769051264389,5.0000000001,0.496553032354556,0.634378146587549,0.0304624583796212,0.0880475075848415,-0.4341016827407,-1.04937997530248,-0.88137062402432,0.277724033910289,-1.05111555489356,0.292091388498438,-0.642404642487821,0.281230032865283,0.263042849882057,2.18609025221585,1.4951710403717,-0.226970531323356,3.52199454743423,0.100629406745797,0.495779851214091,1.1430422830327,1.14133185461176,1.22082899151422,-0.12087350675472,0.698370650282764,-0.825720643360603,-0.118479171740374,-0.118479171740374,-0.146984721447455,-0.0546171646494232,-0.382969396980503,-0.427267638025429,-0.622000611561986,-0.25512428756387,-0.072196561218733,-1.04463060931752,0,5.0000000001,0.0066182793582234,0.0238441789213978,0.224993551437277,0.620410583407826,3125.76503923929,0.0312500660060792,1528,2,"SNETWORK (2 43 3125.76503923929 0.224993551437277 100001363 1528)",100
13,100001364,0.898090668096579,319,0,-0.0695595240108285,-0.110963835372034,-0.110383201657025,-0.109843962764069,-0.955726454572729,-1.15382154681157,-0.451294588730727,-0.346851889788362,-1.54013432587798,-1.63070529745638,-0.0866961256999383,-1.54013432587798,-1.54013432587798,-2.91203887414171,0.606703160212694,0.845574286853488,1.7651674377922,0.413902378276579,1.07186858316222,-1.64670658682635,0.299300699300701,1.38452088452089,0.898090668096579,7,-0.0103636568050304,-0.522972277955979,-0.516855750404806,-0.129171006554346,0.892826239484859,-0.416723467198113,-0.343735910114257,-0.397387660367481,0.0462737744278336,1322.0000000001,0.0978050803525176,0.0570933945286802,706.0000000001,0.064444461699166,0.162249541951684,0.0083482411083529,0.839970125310497,0.654560089767739,-0.224083636772751,-0.538069700678208,-0.46268397004228,-0.289349099013705,-0.523095641551289,-0.477491315575531,-1.22487324465739,-0.746869321732183,-0.0982274989433261,-0.0287485478233773,0.0861694465530355,-0.0140590666490354,0.223123099423871,0.103212322371745,0.000480866141914464,0.0349290148369488,0.115671933158067,-0.0344951217187152,-0.0288184919656948,0.289000630006994,-0.034497274091842,-0.034497274091842,0.86008296903981,-10.527338860961,0.0318769843114296,0.119296583254972,0.612546571889876,-0.0990086279637468,-0.605445939431896,-0.615279086702194,0,1322.0000000001,0.00503237403613563,0.00331586697221727,0.333905788939492,1.20036171084883,3186.15391010349,0.0156249651370217,319,2,"SNETWORK (2 13 3186.15391010349 0.333905788939492 100001364 319)",100
3,100001365,-0.0762585398348099,155,-0.226804037760009,-0.273941878615531,-0.467885001197052,-0.45962963966976,-0.447550990366083,-0.403105896956359,-0.470214126500654,0.531603598171382,0.666566631868668,-0.196734362296375,-1.28331354337838,-0.328948833704202,-0.196734362296375,-0.196734362296375,-4.46739811531828,0.14382134907819,0.216226133617634,1.0404366457686,-0.0369859809126566,0.0739219712525668,-0.0898203592814364,1.0005994005994,0.837837837837838,-0.0762585398348099,7,-0.443251526583893,-0.449255361481964,-0.444438434920412,0.477082760803406,-0.0738664199740946,1.34239348862327,0.667719968091828,-1.10032519229732,0.583061582365386,1498.0000000001,1.39643676608163,0.285012696677831,1306.0000000001,0.59511708510329,1.99155385108492,0.101144781334491,0.110492147946475,0.02004443719726,1.91708899700737,1.36042674765994,-0.877063846624706,1.12163491380278,-0.977899479387177,1.03941204559132,-0.75893587147436,-1.42461215349544,0.350868490582638,0.623405716924555,0.153464478653524,1.6292733569855,-0.183656619125852,-0.461007527196321,-0.751834212897414,-0.690544926566656,-0.641104661755904,0.701844380479011,0.645316617596066,-0.0924041347693532,0.837337525707154,0.837337525707154,-0.308230483847446,-6.39332613997037,-0.0944922381783322,0.048885796833548,0.327640844851362,-0.168585959706877,0.29226801910235,0.309972850935584,0,1498.0000000001,0.0709206487854499,0.0302241324490408,0.732522225899142,0.813228602413624,2246.72093338323,0.0624998605480869,156,2,"SNETWORK (2 3 2246.72093338323 0.732522225899142 100001365 156)",100
35,100001366,0.907119822512597,206,1.95876350285277,1.6240746339498,1.45807027539656,1.42805593959054,1.43873085382348,0.622397853864253,0.541364967949893,-0.11904182846489,-0.261303239237629,0.0142168842486929,1.13664351626673,-0.284425765316555,0.0142168842486929,0.0142168842486929,-0.576848844518492,-0.462032996988944,-0.565790155670691,-0.786519168352456,-0.466343513878513,-1.14579055441478,2.23053892215569,2.01958041958041,-0.227886977886978,0.907119822512597,12,0.387006448572912,-0.45752651973753,-0.452571050851384,-0.41238686548407,0.904559948575334,-0.26498152628624,-0.258636393109886,0.887103275534805,0.0772210126018049,54.0000000001,0.0266677463100026,0.156512534000069,1142.0000000001,1.14306858312712,1.16973632933713,0.0594941542998719,0.394558337050711,-0.0175340545195981,-0.430158404830722,0.246880639679195,1.04262162070742,-0.128955043631313,1.16245048694491,-0.271462394595243,1.05767265355463,0.766464154078853,-0.0962563940825062,0.108730311377817,0.110989625260053,0.060841968438141,0.596004386864676,1.11697181886013,2.19258446122347,2.1515594435597,2.28302402457116,-0.0641973776081996,0.4415838537692,0.0508774452105758,-0.0637585931799405,-0.0637585931799405,-0.0418649444301103,-0.764701393522906,0.347499204643322,0.563007053091797,0.592928051293147,0.251413628996103,-0.69465438897953,-0.291200729153601,0,1142.0000000001,0.00135635268010841,0.0581378015197635,0.0721136434612509,1.59162755074065,5456.21160289322,0.0156249669969604,979,2,"SNETWORK (2 35 5456.21160289322 0.0721136434612509 100001366 979)",100
17,100001367,-0.24534845718174,172,0.152577399052067,0.406018494492994,0,0,0,-0.281638645109898,-0.283811099325968,0.0475647970234431,0.964380556561363,0.458775293501176,-0.172133825222915,-0.0339129255159866,0.458775293501176,0.458775293501176,0.446569478936553,0.0289386466470359,0.067440137487243,-0.233511591640065,0.0513955860849962,-0.443531827515401,0.0161216029479497,0.044324905863371,-0.265923265923267,-0.24534845718174,9,-0.361999679871564,-2.20740011242231,-2.12910790140154,0.0879501945617973,-0.248196561160811,-0.131213695825748,0.965919629406788,-0.502146149148406,0.0914488208117171,466.0000000001,0.0681334846501262,0.134902146815076,3742.0000000001,0.807084893443194,0.87521837799332,0.0608067315065977,-0.227869550242313,-0.219464059083356,-0.302481002630808,-0.637735643376035,-0.513431700002953,0.468532062639819,-0.785567759888244,0.869833786461608,-0.550597025857828,-1.25659785247655,0.105659211477756,0.169008011704314,0.180982068549782,0.103950437358797,0.121428129376515,-0.277526342387341,0.102215627178161,0.139017963839613,0.16719852156484,-0.239479215104386,-0.610784939081846,0.386127212292466,-0.22840923001561,-0.22840923001561,-0.301128407954252,1.06316675953723e-11,-0.218877737031272,-0.197439422135214,0.0091147789539348,-0.227868933578796,0.747498346916183,0.592565519815764,0,3742.0000000001,0.00473364659550155,0.0560730848110962,0.599634532925403,0.111991739095098,2125.45406167071,0.125,591,2,"SNETWORK (2 17 2125.45406167071 0.599634532925403 100001367 591)",100
15,100001368,0.985712470328538,355,0.288659805977357,0.708741764562854,0.0737102907633875,0.0682577010310203,0.067165878475577,-0.439799190868724,-0.588067454030704,0.141809352822124,-0.0231292043907465,-0.859501455297518,0.0843617666065989,0.146215868338083,-0.859501455297518,-0.859501455297518,0.284539132123138,0.578573782988815,0.689176584465232,-0.275994003743041,0.752104046055365,0.279260780287472,-1.27411842980705,-0.441958041958041,0.405132405132405,0.985712470328538,9,1.34521194229431,-0.652767317193034,-0.644004920416584,-0.747357769472231,0.982007069926358,-0.454991350831431,-0.0210396394195608,1.08028155632249,7.0450649920181,464.0000000001,5.2263628608683,0.0889072834006733,2713.0000000001,0.385641451098636,5.61200431186694,0.295463695242398,0.0429437971688891,0.619889502849725,-0.585670027031724,0.0797964701316034,1.0211921283424,-0.306390267483283,1.17836125294096,-0.110933656483031,0.862923649196428,0.901946110602016,-2.35338664978474,-2.32621788687314,0.16421629297602,-0.490007849668992,0.562105955755759,0.451834062908154,-4.52365144789511e-15,-4.51494518067087e-15,-4.84823954093274e-15,-4.13329201834067,-0.22187432880158,-0.703495242973762,-1.84493664609287,-1.84493664609287,-7.11919502246035,1.06316675953723e-11,0.902339237346132,1.10619625853844,0.494446586067094,0.882888725321912,1.5028457385453,0.314598291161855,0,2713.0000000001,0.275160245290583,0.0203034498518156,0.0333744691709343,0.02374652523125,3173.58114901891,0.0625,341,2,"SNETWORK (2 15 3173.58114901891 0.0333744691709343 100001368 341)",100
37,100001369,0.362441792319304,90,1.29896932353205,1.22104076566898,1.45807027539656,1.42805593959054,1.43873085382348,0.12003435824361,0.0538569564424274,-0.516832125797613,0.625229330404355,-0.401302460924174,0.641054097222286,-1.08406021689932,-0.401302460924174,-0.401302460924174,-0.542270200648289,-0.590092219141608,-0.637841498754452,-0.50323713360892,-0.679647616313085,0.665297741273101,-1.69993346640053,-0.507226107226108,0.644007644007643,0.362441792319304,12,-0.198865263953106,0.838848824906594,0.84339513726754,0.290162867618719,0.365814047528117,0.525579577336233,0.626451965081965,0.0489145512619965,0.117625274672086,385.0000000001,0.289613259685973,0.0790168866025043,1000.0000000001,0.5053322030569,0.794945462642873,0.0321900140802409,1.12085355963542,0.468221277324655,0.301669095415826,0.654976643892809,0.525676365188845,0.247874214211752,0.467410842211483,0.609075277138771,0.464691448905843,0.866294600031721,0.181556062718923,0.117985963079207,-0.960558123697012,0.271511328563511,0.528207847926238,1.07109749798066,2.19258446122347,2.15155944355969,2.28302402457116,0.325135735168861,-0.740847594276466,0.983549533731999,0.35398111525736,0.35398111525736,0.139090961746583,1.06316675953723e-11,0.455129138215302,0.514891903767867,0.828200976612363,0.312457098684353,-0.409001890882315,-0.54011722165174,0,1000.0000000001,0.0117274144129514,0.0204625995672895,0.521952080586422,0.738493381221928,4761.55253933982,0.0312499339939208,1138,2,"SNETWORK (2 37 4761.55253933982 0.521952080586422 100001369 1138)",100
17,100001370,-0.557727842311446,121,0.152577399052067,0.406018494492994,-0.358045591966192,-0.357303355798844,-0.355675841278248,-0.126047896490177,-0.112461567285601,0.20600023214121,1.14195769359568,0.683638329186813,-0.0279277984261026,-0.0652825556105082,0.683638329186813,0.683638329186813,0.485043788019042,-0.0256234037767029,-0.00623366266436556,-0.383838666042705,0.010127323911873,-0.596303901437372,0.141716566866268,0,-0.395577395577396,-0.557727842311446,9,0.399908403391907,0.0576094020284584,0.0573688745533454,-0.3994340221985,-0.55779658011474,0.696932564414906,1.14107528730172,-1.35202001177773,1.20409589237514,1141.0000000001,2.19656112853017,0.193935034901663,4043.0000000001,1.25359308660419,3.45015421503435,0.160238253951865,0.0173686203263962,0.154544484924666,0.41450124361311,0.17937945354377,-0.363025581971482,0.574600019260555,-0.37010874412711,0.988373680733298,-0.448813789869048,-1.0721481784269,1.41034692203453,1.144251995753,0.195094258146645,3.28205914542708,0.121428129376515,-0.277526342387341,-1.15955965236641,-1.12751877038223,-1.129230597487,0.613813838367747,1.16346589524516,-0.153948866044731,0.716652837220455,0.716652837220455,0.0980442866408573,1.06316675953723e-11,-0.911503259674845,-0.862633668636062,-1.00232032310067,-0.742119001982326,0.68710027632255,-0.022647706922507,0,4043.0000000001,0.102016633973919,0.058221619877946,0.419798244869822,0.660700419588612,1826.0039616144,0.125,540,2,"SNETWORK (2 17 1826.0039616144 0.419798244869822 100001370 540)",100
16,100001371,0.731779312715532,305,0.288659805977357,0.708741764562854,0.0737102907633875,0.0682577010310203,0.067165878475577,-0.713671538148932,-0.79759861838216,-0.368142878588772,0.404340401535144,-0.252379901934321,-0.485603665203048,0.4986801956079,-0.252379901934321,-0.252379901934321,0.368605145668807,0.569317544155923,0.66345430512856,0.27120205670087,0.640260947820346,-0.443531827515401,0.0161216029479497,0.044324905863371,-0.265923265923267,0.731779312715532,9,0.255438195921714,0.392250842975978,0.392253838073745,-0.266273386475512,0.729396774950783,0.171261497061156,0.406525341814031,-0.143912343278397,0.0860158556269884,742.0000000001,0.102042007388799,0.104259872536523,5120.0000000001,0.853461087594186,0.955503094882985,0.0418420226323518,-0.270260700058555,-0.492374201356582,0.313101332051773,-0.037481908377345,-0.549261615326012,0.0837003194930782,-0.527552838772543,0.406789049974833,-0.430855681433359,-0.669365122022754,0.655167042013464,0.822093511818275,0.124529180760897,2.36936490832206,0.562105955755759,0.451834062908154,-9.04730289579023e-15,-9.02989036134174e-15,-4.84823954093274e-15,0.795574170736517,0.34291346450716,-0.355499072794543,0.971410205681891,0.971410205681891,-0.629038933643973,-0.034387041802557,-0.553472068749293,-0.417310841467948,-0.203847926015778,-0.542883208655522,0.448345702108658,0.237577855676554,0,5120.0000000001,0.00446847738279073,0.037373545149561,0.264725890256595,0.827144028752979,2886.93089962115,0.0625,373,2,"SNETWORK (2 16 2886.93089962115 0.264725890256595 100001371 373)",100
17,100001372,0.192954166182226,237,0.152577399052067,0.406018494492994,0,0,0,-0.490735191603554,-0.552633171440013,-0.164246153402853,0.70131977899617,-0.0307139864595501,-0.363571610005098,0.170461356245302,-0.0307139864595501,-0.0307139864595501,0.377556416426741,0.238670491950381,0.304855013793475,0.00951987805319025,0.271314580769665,-0.443531827515401,0.0161216029479497,0.044324905863371,-0.265923265923267,0.192954166182226,9,-0.33039988316394,-0.559528944407642,-0.552713549355185,0.276173959178322,0.19232291959658,0.341479134399841,0.701491963393063,-0.126967394305684,0.163825924213645,2360.0000000001,0.618146200332664,0.0826122650880343,1376.0000000001,0.181743772319197,0.799889972551861,0.0414238017350995,-0.37210258998023,0.230769120143277,0.21039357730204,0.383557249592274,0.26742986715733,0.472115832469444,0.302888101587907,0.755225747228405,1.49684998438892,2.96887465277529,-0.780100455156213,-1.08788991650013,0.156931349857798,-0.379831133644131,0.121428129376515,-0.277526342387342,0.102215627178161,0.139017963839617,0.167198521564845,0.693986736591215,-1.45119491536392,0.911943841537086,0.826362276469125,0.826362276469125,1.10412804032348,1.06316675953723e-11,0.078549711202695,0.103758195418239,0.298324027914711,0.0280192988338787,1.64052971999797,0.705933114953025,0,2360.0000000001,0.0320118597079543,0.00941194192714523,0.829463797869707,0.827369318343699,2508.14877321953,0.125,656,2,"SNETWORK (2 17 2508.14877321953 0.829463797869707 100001372 656)",100
17,100001373,0.500769111658564,270,0.152577399052067,0.406018494492994,0.0737102907633875,0.0682577010310203,0.067165878475577,-0.530442206896559,-0.618976486003801,-0.168990966283329,0.643734508150064,-0.236438048621147,-0.381967911762156,0.137317022852131,-0.236438048621147,-0.236438048621147,0.364863756038982,0.249595565703759,0.317798589651344,0.0121044170174652,0.284616402034627,-0.443531827515401,0.0161216029479497,0.044324905863371,-0.265923265923267,0.500769111658564,9,-0.619632854479818,-0.460180316002513,-0.455180007169014,0.822853377835517,0.503704777354237,0.750210327906947,0.644316620749661,-0.475006125711139,4.14557977380274,324.0000000001,2.14746879371097,0.539787003588252,132.0000000001,0.113918151686962,2.26138694529794,0.115070741467833,-0.335758870121883,-0.0705900707866639,1.04474209593434,0.795403962947129,-0.398097074392621,0.752909068201015,-0.445167262239469,0.85994871600526,-0.0710844842973943,-0.127712634063923,-0.590928657663137,-0.623485442789062,0.151161099171828,-0.23785622444989,0.121428129376515,-0.277526342387344,0,-4.51494518067087e-15,-9.69647908186547e-15,0.421152205026948,0.423944229706571,-0.345363014983205,0.469222160206307,0.469222160206307,2.64308316516557,1.06316675953723e-11,-0.158840186271121,0.0348354849332164,0.0251733424286121,-0.165992628045507,0.60564231328732,0.966653244816751,7.39642657168834e-13,324.0000000001,0.109274012866238,0.00579672850159551,0.940385755348142,0.894215327062481,2692.84782158452,0.125,689,2,"SNETWORK (2 17 2692.84782158452 0.940385755348142 100001373 689)",100
29,100001374,-0.714116091578191,106,-0.790377993358492,-0.853832397374456,-0.715996162004961,-0.715344983900652,-0.711097017555422,0.597443106527023,0.5595514089358,1.83857575747397,-0.0672800790400893,0.961227894992019,-0.109320630914456,2.81004635546392,0.961227894992019,0.961227894992019,0.058956428348504,-0.669777153453565,-0.791536451757276,0.24533346417395,-0.91714471537357,1.05602816075095,-3.18648417450813,-1.88851148851148,0.604422604422604,-0.714116091578191,8,0.226348680081553,0.0864169641682273,0.0860876549805164,-0.27057301517701,-0.715419210508127,-0.615356340831463,-0.0377838899922039,0.264649450668046,0.115955540491265,2562.0000000001,0.474969142225775,0.328258852778952,1466.0000000001,0.769387601041145,1.24435674316692,0.0575003924546034,-0.232750395555422,-0.179045373320873,-0.494335113670023,-0.914245426391769,-0.641796099953116,-0.678628712913518,-0.650784147051233,-0.341566138384447,-0.617084616952322,-0.566742947407455,-0.0492521435487474,-0.336745314846624,-1.20275861757642,0.0313452194390441,-0.471792152073761,-0.752292666128179,-0.897784372821835,-0.860982036160378,-0.83280147843515,0.825852921823708,0.780992440684353,-2.63566080780036,1.01599125719095,1.01599125719095,-0.477505562107759,1.06316675953723e-11,-0.157802917484895,0.119484164531415,-1.53275499049432,0.211507490815414,-1.05859587866844,-0.619450741396576,0,2562.0000000001,0.021947815351769,0.0355525770028344,0.649062323643237,0.0804293973487802,1290.58545635946,0.25,901,2,"SNETWORK (2 29 1290.58545635946 0.649062323643237 100001374 901)",100
43,100001375,-0.241281054284996,59,0.12371145778112,0.869954874556633,0.532114998802948,0.540517197237357,0.552449009633917,-0.351449391973721,-0.349163086225045,-0.670505837555016,-0.220603943084484,-0.674642131883944,0.406043694558274,-0.544402945109944,-0.674642131883944,-0.674642131883944,0.31790917276974,0.736203376732757,0.53896378670426,0.322338007998061,0.841293822436182,0,0.0419161676646709,0.81118881118881,0.429975429975429,-0.241281054284996,11,0.459951945901719,0.102669930145122,0.102299758135101,-0.433933018391235,-0.244917964337553,-1.02745065451137,-0.218037918851306,0.599089439746778,0.179646552454097,1e-10,1e-10,0.095494123896622,3.0000000001,0.282336071656434,0.282336071656434,0.0130091900765664,0.915744719381631,0.506346438455896,-0.841173290857984,-1.05698981624113,-0.30845435107315,-1.33595239507382,-0.311984735247762,-0.987280025920831,-0.260218830192228,-0.101052096501587,1.08061235476587,0.385931148296267,-0.665561983407922,0.215500142081822,-0.353148128111646,0.538992472803682,0.618220142503721,0.663584278054605,0.704295886229594,-0.573473638439597,-0.937459437347102,-0.539895581243655,-0.507161448846841,-0.507161448846841,0.366304512139394,-0.0288642789600361,-0.40380396999337,-0.412323008069715,0.520132070163634,-0.553859429257565,-1.22701520049909,-2.16711574597106,0,3.0000000001,0,0.0130091899765664,0.232076390313016,0.121101042255759,3136.09655574743,0.0312500660060792,1530,2,"SNETWORK (2 43 3136.09655574743 0.232076390313016 100001375 1530)",100
41,100001376,-0.0515501025155292,179,-0.886598059773572,-0.0928456434617663,0.315622755524543,0.310024668600395,0.31737100022456,0.937664962223505,0.904657832697929,-0.258071004047124,-0.395009195894088,0.886991351339094,0.59030444492741,0.723867037899369,0.886991351339094,0.886991351339094,0.478785688529275,-0.653073109643751,-0.777833753652531,-0.256106858013475,-0.804290170984635,-0.720739219712526,0,-0.434965034965035,-0.700859950859951,-0.0515501025155292,10,0.000465109455342091,-1.02012615055565,-1.00134902644074,-0.18018992980643,-0.0487772852575992,0.00273562048607462,-0.39047474715488,0.274260275488345,0.0964890480289649,877.0000000001,0.541169303024541,0.0631881617204171,185.0000000001,0.0747589148132428,0.615928217737784,0.0346107121319971,-0.405992279169977,1.10796749016157,0.29328730689407,1.1452198243052,1.2915582996021,0.291117708600724,1.59058971380924,-0.251610669737864,2.02284912487225,1.12340156415387,0.249114687767567,0.495016305558675,0.0699865055136681,0.644885476424265,-0.468413222179675,0.335353543031273,0.102215627178161,0.139017963839617,0.167198521564845,0.19137982195371,0.575323498222747,-0.7528868421399,0.201821966945839,0.201821966945839,0.483384484912633,-0.227383241359666,-0.988621184554872,-0.861510189694304,-0.265348492990485,-1.00461938107656,1.15950037266556,0.90097858961572,0,877.0000000001,0.0304098016095324,0.0042009104224647,0.546818574827641,0.269989289516569,2689.64738770046,0.0625,1385,2,"SNETWORK (2 41 2689.64738770046 0.546818574827641 100001376 1385)",100
3,100001377,-0.401240265078225,84,-0.226804037760009,-0.273941878615531,-0.467885001197052,-0.45962963966976,-0.447550990366083,-0.338834242032349,-0.412149963487169,0.586478698991045,0.840551587340584,-0.0453113076434589,-1.19278418149667,-0.0880777288584355,-0.0453113076434589,-0.0453113076434589,-4.663790949694,0.210725190368638,0.268032533847218,1.19962669085806,0.0182183966743762,0.637577002053388,-1.16766467065868,0.37272727272727,1.11578624078624,-0.401240265078225,7,0.837751601585494,0.394018818077974,0.394030418770267,-0.602495147146221,-0.40020640270646,-0.00848926217812158,0.841910539498426,-0.243140880991366,0.0808894349430465,3476.0000000001,0.449538201105544,0.131445896678365,2774.0000000001,0.582973111484731,1.03251131249028,0.0452002243663317,-0.402292839425403,-0.380545183696528,-0.261926730768199,-0.0776887369338763,0.294738595215693,-0.0761590678536107,0.283104172613441,0.544677764523909,0.117078839464743,0.254613252404174,-0.388546756623104,-0.568942268520382,0.170077585681592,-0.236010567511374,-0.183656619125852,-0.461007527196322,-0.897784372821835,-0.860982036160378,-0.83280147843515,0.760840208491816,0.704424549978253,-2.65336722126385,0.921040174347144,0.921040174347144,1.05010395677493,1.06316675953723e-11,0.237154640644495,0.0372844204821827,0.393281884769743,0.178789953690584,0.544253490318253,0.739963327235976,0,3476.0000000001,0.0196794236129914,0.0255208006533403,0.449205819565603,0.25720044207992,1838.20680298243,0.0624998605480869,85,2,"SNETWORK (2 3 1838.20680298243 0.449205819565603 100001377 85)",100
36,100001378,0.728801896354575,172,1.29896932353205,1.22104076566898,1.45807027539656,1.42805593959054,1.43873085382348,0.413582991976015,0.356917873285665,-0.184689840168728,-0.0167476394181452,-0.328966290826738,0.815499172940269,-1.81302659773109,-0.328966290826738,-0.328966290826738,-0.691860233340051,-0.541831075968516,-0.644688232916748,-0.868322173521685,-0.551970275965677,0,0.0419161676646709,0.81118881118881,0.42997542997543,0.728801896354575,12,0.0562398225876337,1.21535189568023,1.22730378599918,0.01355438438342,0.723557999007837,-0.370499055345455,-0.0146957037063845,0.0767689121728041,0.0789497608758128,186.0000000001,0.0939119427759052,0.154448521762887,1759.0000000001,1.73742736339857,1.83133930607448,0.0694340331900569,-0.899418292524059,-0.491641743013572,-0.419339976476612,-0.376312061455174,0.0769951222881552,-0.623435068838141,0.0648214978125756,-0.287098812476665,-0.110444469814042,-0.113183293953961,0.197703900367424,0.101584999965553,0.0611781414622392,0.326363352455765,0.528207847926239,1.07109749798066,2.19258446122347,2.15155944355969,2.28302402457116,0.367901339403758,-0.540455075070409,-2.4340049304365,0.404671376045761,0.404671376045761,-0.0494517401814443,-0.338097507810238,-0.890817598874435,-0.802889390326663,-1.13681589009175,-0.686972021752267,-0.663047770840976,-1.25691679407627,0,1759.0000000001,0.00356060993942387,0.0658734231506331,0.0791735881062799,1.23265810744994,5261.98722987783,0.0156249669969604,1020,2,"SNETWORK (2 36 5261.98722987783 0.0791735881062799 100001378 1020)",100
29,100001379,-0.917440438954921,64,-0.790377993358492,-0.853832397374456,-0.959757100198023,-0.960709455694412,-0.961711264614227,0.473056152350961,0.423723614421461,1.68234063338099,-0.00244241132746681,0.978147956243003,-0.141040759078714,2.73838733692541,0.978147956243003,0.978147956243003,-0.0746183210570794,-0.510000050631292,-0.582714933172068,0.292597813266805,-0.724365606902505,1.05602816075095,-3.18648417450813,-1.88851148851148,0.604422604422604,-0.917440438954921,8,1.03379497149879,1.54551659801698,1.56652907744398,-0.650376983823026,-0.915658303852353,-0.195545085542161,-0.000190755376210316,0.34296548790255,0.722276808277872,4161.0000000001,4.80503053211043,0.659078559512165,494.0000000001,0.520545742055232,5.32557627406566,0.190618059964386,0.57959350603588,0.552167946730263,-0.471406252506185,-0.164575186657669,0.470794303942312,-0.517464172787613,0.37069320952355,-0.211617493076818,0.470305751029314,0.495601487294187,0.402536163830706,0.196874336742268,-0.50269264673635,0.118237397623717,-0.471792152073761,-0.752292666128179,-1.4058558810172,-1.37829262321506,-1.40813399619979,0.0138620584080585,0.625435135724041,0.0363549999558095,0.0140193291447202,0.0140193291447202,0.00302115735978705,-0.746007568374061,0.158049955170503,0.291981001108313,0.687648455461818,-0.0711603320373511,-0.398751892083969,-0.490517856945806,0,4161.0000000001,0.171986194635596,0.0186318652287907,0.386407714520599,0.588946658599202,1046.91687185086,0.25,859,2,"SNETWORK (2 29 1046.91687185086 0.386407714520599 100001379 859)",100
29,100001380,-0.447185506156778,156,-0.790377993358492,-0.853832397374456,-0.715996162004961,-0.715344983900652,-0.711097017555422,0.562589791551912,0.544353486946314,1.77139001153864,-0.249415476769123,1.14354069025358,-0.167669837696892,3.48226686802708,1.14354069025358,1.14354069025358,0.104772011605026,-0.795533655141378,-0.873661161887162,0.947655765295811,-1.20425825803738,-0.720739219712526,0,-0.434965034965035,-0.700859950859951,-0.447185506156778,8,0.357796046334217,-3.23926734267696,-3.07244096031005,-0.582343051510219,-0.443924464207296,0.77823592706671,-0.246942259176992,0.809890511834874,1.13905538859155,4614.0000000001,8.40266789065767,0.0546759218977524,384.0000000001,0.0335677401756197,8.43623563073329,0.706505398481811,0.659002857603257,-0.0665509280717613,0.443417949180795,1.45025411274422,1.527748300084,1.58258316527524,2.80176266915233,0.549005164685584,0.400080662245451,0.298647597602709,0.137452689085328,-0.271263626794631,0.0100392030798719,-0.0435558156481323,-0.471792152073761,-0.752292666128177,-0.897784372821835,-0.860982036160378,-0.832801478435145,0.887903567263424,1.41583384223774,-1.56423781603749,1.10934616273823,1.10934616273823,2.04559321046988,1.06316675953723e-11,-0.393107121815739,-0.356882696495793,-0.972342558190522,-0.181592078068023,0.666350605946105,0.202298480911125,0,4614.0000000001,0.703694216877019,0.0028111815047919,0.94505794309734,1.87394524029524,1565.18499167335,0.25,951,2,"SNETWORK (2 29 1565.18499167335 0.94505794309734 100001380 951)",100
17,100001381,-1.02490845341549,11,-0.711340194022643,-0.147031598306002,-0.358045591966192,-0.357303355798844,-0.355675841278248,0.00331755032528241,0.00287930957248082,0.40796205055329,1.43338854145485,0.607237661829297,0.0680467522273032,-0.105013233493385,0.607237661829297,0.607237661829297,0.515857833059521,0.017415985450046,-0.00314998893583491,-0.574925528314516,0.0993710335800937,-0.596303901437372,0.141716566866268,0,-0.395577395577396,-1.02490845341549,9,0.791604877101154,0.448670068653537,0.44898503945292,-0.601530304854558,-1.01730072230091,1.253496684392,1.43196592641517,-0.136322662185419,0.434768371682031,900.0000000001,0.625600412927417,0.205590701705551,3085.0000000001,1.01404029192695,1.63964070475437,0.0710932585623415,-1.70462221888062,-1.70652056482194,1.28009281038314,0.458451016985031,-1.37491884451621,0.818179429263332,-1.30760819947835,1.20258929107904,-1.62387088104208,-4.69820000983549,-2.3533866497011,-1.91150204778323,-1.75605272048593,-0.460730553781487,-0.675181930528773,-0.587156310063935,-1.4058558810172,-1.37829262321507,-1.40813399619979,0.853514667503202,-1.60021175155772,1.13216159758539,1.05727408641358,1.05727408641358,12.7511370222693,1.06316675953723e-11,0.786636314916051,0.61576343073611,-2.45234833110321,1.46805166935184,0.359808911391094,0.0223249987672953,0,3085.0000000001,0.027125437735862,0.0439678207264795,0.0368472624545665,0.655315745488554,1188.34227919873,0.125,430,2,"SNETWORK (2 17 1188.34227919873 0.0368472624545665 100001381 430)",100
41,100001382,0.217069058335979,216,-0.419244275461604,0,0.315622755524543,0.310024668600395,0.31737100022456,1.00854414231784,0.89948752613277,-0.418338091579133,-0.475009316842962,0.649275506468714,0.748121055949795,0.238584426786163,0.649275506468714,0.649275506468714,0.420141188308136,-0.699889396843632,-0.829682217761624,-0.347217058899266,-0.846632081604054,-0.720739219712526,0,-0.434965034965035,-0.700859950859951,0.217069058335979,10,-0.479394702421006,-0.10966300845733,-0.108971342301126,0.600770193722642,0.21709416293204,1.19423988734315,-0.471771220216149,-0.261220288937179,0.162489947804047,1571.0000000001,1.63251892033554,0.0522125233579788,629.0000000001,0.210029774800926,1.84254869503647,0.0881335696992303,0.168944475631436,-0.0290545361600261,0.636397987528318,0.612882650790587,-0.0415971693588051,0.939285502587611,-0.0440753723369357,-0.0979788709060526,-0.0145407684930172,0.00268541724495169,0.553559850985584,0.509894365493797,-0.922833893041815,0.989229916523413,0.562105955755759,0.451834062908153,0.102215627178152,0.139017963839613,0.16719852156484,0.457855280290937,0.326153741660965,-0.5433963276314,0.514657872122255,0.514657872122255,-0.0109605592908929,1.06316675953723e-11,-0.64857390456396,-0.61206310483259,-0.639813106630737,-0.541722148792982,0.401847214908666,-0.12883007137935,0,1571.0000000001,0.0780873364563103,0.01004623314292,0.670397259912714,0.0942194685339928,2899.7180189697,0.0625,1422,2,"SNETWORK (2 41 2899.7180189697 0.670397259912714 100001382 1422)",100
17,100001383,0.156835125884829,231,0.152577399052067,0.406018494492994,0,0,0,-0.475781299844311,-0.525053514637135,-0.148541414970746,0.715878999722574,0.0248599552909306,-0.335613411852561,0.160739400093744,0.0248599552909306,0.0248599552909306,0.381843380722488,0.234529827097202,0.298763661997462,-0.000396929311934251,0.26790982343907,-0.443531827515401,0.0161216029479497,0.044324905863371,-0.265923265923267,0.156835125884829,9,-0.19892448839395,0.0783264286215016,0.0780199398273291,0.180447338368334,0.155283477886152,-0.452090565577553,0.716087388581519,0.259085641123974,0.0833301708910366,233.0000000001,0.031042362702184,0.121296146275602,4004.0000000001,0.776493180846181,0.807535543448365,0.0373685175333624,0.833473424241951,1.07018069054688,-0.358869072013524,-0.503577163294354,-0.206463158166805,-0.469361996041804,-0.209817099765471,0.272135466005499,-0.341741331803386,-0.666670350198053,0.223618907499649,0.0691952726355383,-1.06176275077483,0.280959066367685,0.121428129376515,-0.277526342387344,0.0642614079503789,0.0873984764693392,0.105115163890273,0.498723313530135,0.842101867089608,-0.790837090989985,0.566174752800364,0.566174752800364,-0.0421346032436962,1.06316675953723e-11,-0.339489670674864,-0.31345817215558,-0.00612371673684302,-0.356286819378114,1.54021061477597,0.487187556878447,0,4004.0000000001,0.00143647803199178,0.0359320394013706,0.807667101867948,2.01809251074319,2471.85452543898,0.125,650,2,"SNETWORK (2 17 2471.85452543898 0.807667101867948 100001383 650)",100
17,100001384,0.0440082465012087,216,0.152577399052067,0.406018494492994,0,0,0,-0.391223971288079,-0.423637230795929,-0.0742131502807809,0.835266121540012,0.176933418444405,-0.273550917998361,-0.00780728893250068,0.176933418444405,0.176933418444405,0.415618336089767,0.126780247809608,0.176627311193139,-0.0889925914453759,0.148286549115146,-0.443531827515401,0.0161216029479497,0.044324905863371,-0.265923265923267,0.0440082465012087,9,-0.555205979455258,-0.243917164700069,-0.241956379206695,0.725965177249864,0.043203920218757,-0.44308362621489,0.835135330760775,0.830386036633526,0.122941884529613,1148.0000000001,0.22565155385415,0.0984500625991574,2318.0000000001,0.364859788883848,0.590511342637998,0.0289222576298217,-0.149368475490082,0.051388259407329,-0.12209149433365,0.883894716735288,1.55573957253805,-0.385874225805969,1.67090996829826,0.373719270504186,1.46223557175149,3.18582498012903,0.977072971812278,0.664360969226463,-0.680572164495765,1.24045871327326,0.121428129376515,-0.277526342387344,0.102215627178161,0.139017963839617,0.167198521564845,0.0577059712246667,-0.589612729814482,0.980145507223276,0.0589653210158881,0.0589653210158881,-0.40041580905989,-0.0181392399546907,-0.579396384483823,-0.53709801479306,-0.0634447673671222,-0.605195011680636,0.292299739471506,-0.0630683270376782,0,2318.0000000001,0.0110520355487701,0.0178702219810515,0.752944110462792,0.691208880394697,2380.73384324057,0.125,635,2,"SNETWORK (2 17 2380.73384324057 0.752944110462792 100001384 635)",100
17,100001385,-0.73386297584032,84,-0.254295665086778,0.276450920905401,-0.358045591966192,-0.357303355798844,-0.355675841278248,-0.094650154064386,-0.0837734290739826,0.247535056291188,1.21218968109562,0.648923808126146,-0.0141470142838178,-0.0503010321865608,0.648923808126146,0.648923808126146,0.496854711638716,0.00117733510610379,0.00638363779481706,-0.414240954957091,0.0494816487316378,-0.596303901437372,0.141716566866268,0,-0.395577395577396,-0.73386297584032,9,1.2876135789522,1.54720684105992,1.56827169402076,-0.7017714469423,-0.731652649138832,0.000822490659986976,1.21108477229237,-0.308484830466228,0.245231747727258,1792.0000000001,0.702605059883858,0.128074354027769,2142.0000000001,0.438609682740599,1.14121474252446,0.0408354103608304,-0.0403271358808366,0.564515313953943,-0.0822777406150989,0.216835831533832,0.459567566456424,-0.338980348061343,0.361773486961042,0.548499408998933,0.257442857998624,0.675342746698689,-0.221678431902309,-0.207035724780877,0.200387478729172,-0.240619082854804,-0.658232714974315,-1.30374704394875e-15,-1.4058558810172,-1.37829262321507,-1.40813399619979,-0.759621718045406,-1.01595368993802,-0.517599418330914,-0.644649535309595,-0.644649535309595,0.840114772587767,1.06316675953723e-11,0.0518679141336141,-0.23263053014157,0.305917042567762,-0.00303815366478272,0.468916972164905,-0.0909075894439061,0,2142.0000000001,0.0251409001312549,0.0156945101295754,0.287245046357453,1.04580581770568,1605.286168857,0.125,503,2,"SNETWORK (2 17 1605.286168857 0.287245046357453 100001385 503)",100
3,100001386,0.144530571208427,196,-0.226804037760009,-0.273941878615531,-0.467885001197052,-0.45962963966976,-0.447550990366083,-0.39685030815196,-0.468726663715988,0.535662363121374,0.523830329895614,-0.734239190226145,-1.20910136716825,-0.79080953314145,-0.734239190226145,-0.734239190226145,-4.81850095120921,0.223972250677028,0.31797137533758,1.21794430391974,0.0315648226022256,0.0739219712525668,-0.0898203592814364,1.0005994005994,0.837837837837838,0.144530571208427,7,-0.218941838175225,0.200835484165536,0.200359223313777,0.293437391960175,0.142726913967764,0.152794191050523,0.525799476138991,-0.93567625987126,0.113752124166234,4944.0000000001,0.899151786253338,0.079998849125781,4450.0000000001,0.569165783974079,1.46831757012742,0.0664975443066283,-0.0855594781028376,-0.136087279702023,-0.103112675396391,-0.137649832907668,-0.048919358844805,0.115865707608539,-0.0487166126342568,0.490520396785054,-0.0945075272769157,-0.153947223449307,-0.142663116547655,0.497367077112799,0.242723463082734,0.853478472493803,-0.174586394122349,-0.448426780488806,-0.751834212897414,-0.690544926566656,-0.641104661755904,0.956234748378756,0.711790231970171,-2.62160156379442,1.21533017613451,1.21533017613451,-0.743897397669676,-0.12653363223774,-0.673048474468925,-0.511215226766538,-1.12515266152132,-0.45127952077036,0.33419336458127,0.518173758517328,0,4944.0000000001,0.0407210176250115,0.0257765265816169,0.895353899313149,0.874564606803965,2481.50804058704,0.0624998605480869,197,2,"SNETWORK (2 3 2481.50804058704 0.895353899313149 100001386 197)",100
17,100001387,-0.556339673414108,122,0.152577399052067,0.406018494492994,-0.358045591966192,-0.357303355798844,-0.355675841278248,-0.137884427526957,-0.123115271674784,0.200845256309968,1.124548615022,0.658247352399054,-0.0519538695334731,-0.0603411046675163,0.658247352399054,0.658247352399054,0.481567822798805,-0.0170391117590935,0.00381220448188551,-0.36339742309657,0.0172083130595702,-0.596303901437372,0.141716566866268,0,-0.395577395577396,-0.556339673414108,9,-0.00177246178166917,-0.0505473205088156,-0.0502667622908699,-0.0727312161808529,-0.553707440730157,0.416452445261801,1.14082195209854,-0.772273872157704,7.73533052355153,1671.0000000001,20.6657846709038,0.205313663914658,1781.0000000001,0.584626298002568,21.2504109688064,1.00592594777766,-0.068492290306814,0.0234170339122786,0.808609315361307,0.702328391582417,-0.171579843896131,0.396992671576685,-0.17853462607635,0.903107201119972,-0.29009636195277,-0.652870976358454,-0.868599412491065,-0.542688408787117,0.193914003205949,-0.331196947913648,0.121428129376515,-0.277526342387342,-1.4058558810172,-1.37829262321507,-1.40813399619979,0.0536689589641487,-0.37100477004784,0.329344741814227,0.0547882423819996,0.0547882423819996,2.04792596466736,1.06316675953723e-11,0.655629111583614,0.510588632398193,-0.294487930809181,0.803272059767519,0.453907850463934,-0.184645050966658,0,1781.0000000001,0.97825162346713,0.0276743242105271,0.423463524187404,0.741089119575918,1832.10711393283,0.125,541,2,"SNETWORK (2 17 1832.10711393283 0.423463524187404 100001387 541)",100
17,100001388,-0.449268970819449,142,0.152577399052067,0.406018494492994,-0.358045591966192,-0.357303355798844,-0.355675841278248,-0.169040173032392,-0.159157765459242,0.163999088060569,1.08655857364993,0.644999848798277,-0.0529393331428547,-0.0941457034414536,0.644999848798277,0.644999848798277,0.473870093146759,-0.0270486341408442,-0.00120320360124467,-0.358576428871626,0.00370488727694929,-0.33264887063655,-0.333618477331052,-0.204195804195803,-0.181818181818182,-0.449268970819449,9,0.561537709062092,1.20194806292544,1.21358200518939,-0.418301592101533,-0.449614588979118,-0.08682264737687,1.08573813282908,-0.0922332528967226,1.33298208595349,2790.0000000001,5.94600254512847,0.134434009956948,3315.0000000001,0.712507204746057,6.65850974977453,0.253044494269125,0.357622201231685,0.381181394845215,0.179093142451353,0.514615321757995,0.509288554233077,-0.338804723052445,0.425338991323761,0.502356897520229,0.154327586124372,0.381951810014841,0.924504473609457,0.481025433037686,-0.779085478436756,1.30844416184386,0.121428129376515,-0.277526342387342,-1.4058558810172,-1.37829262321507,-1.40813399619979,0.782394704516433,1.38759224343653,-0.743172869888162,0.952201488637941,0.952201488637941,0.0286978433823025,1.06316675953723e-11,-0.291031349251157,-0.347923272408758,-1.20017654335062,-0.0147539552036342,0.946914190793027,0.265216466386636,0,3315.0000000001,0.225966960010625,0.0270775341585002,0.494082180459503,0.274032034940911,1949.69608285098,0.125,561,2,"SNETWORK (2 17 1949.69608285098 0.494082180459503 100001388 561)",100
41,100001389,-0.106723153943051,173,-0.886598059773572,-0.0928456434617663,0.315622755524543,0.310024668600395,0.31737100022456,0.917246401216156,0.883777419217181,-0.205135380507686,-0.380882367392788,0.860909223936531,0.520509776596169,0.809991539587193,0.860909223936531,0.860909223936531,0.483504886807994,-0.647319162705678,-0.770062286186945,-0.161198269459951,-0.814410507023118,-0.720739219712526,0,-0.434965034965035,-0.700859950859951,-0.106723153943051,10,-0.568330915444529,1.14314805100412,1.15343398992236,1.02170738120444,-0.107062505914988,0.302166701420805,-0.376321150624366,-1.08577994008941,0.104090276400258,1929.0000000001,1.28409728681694,0.0670705366717684,109.0000000001,0.0467534667286153,1.33085075344556,0.0510985349911258,-1.18164423197609,1.61598080753892,0.751366069182035,-0.238656381452006,-1.51709218151759,0.00430406765961689,-1.27703960506911,-0.372711648529385,-0.873202631848153,-0.491645766691471,-1.2395548966826,-0.980837049550909,0.212858700874987,-0.391816649738766,-0.515921389169153,0.251420898524074,0.102215627178161,0.139017963839617,0.167198521564845,0.447793572591701,-0.709691908061883,1.39934211041928,0.502124600543813,0.502124600543813,-0.989902964065458,1.06316675953723e-11,-0.541996977319924,-0.331604232462214,0.153380060000584,-0.616613893985821,0.745964457324206,0.751173486043707,0.379403583037038,1929.0000000001,0.0493034172644515,0.0017951176266743,0.528008474599069,0.682254149000417,2657.67221636299,0.0625,1379,2,"SNETWORK (2 41 2657.67221636299 0.528008474599069 100001389 1379)",100
41,100001390,-0.003819380673734,185,-0.886598059773572,-0.0928456434617663,0.315622755524543,0.310024668600395,0.31737100022456,0.931569180090766,0.895627127743512,-0.296646248370839,-0.399257525098781,0.880620780380031,0.591527544347475,0.747050683196714,0.880620780380031,0.880620780380031,0.477335770495816,-0.652819364751065,-0.780342180903489,-0.267195285478025,-0.801940375767797,-0.720739219712526,0,-0.434965034965035,-0.700859950859951,-0.003819380673734,10,-0.552693694182197,0.277141294089322,0.276748110622274,0.731187519509045,-0.00600132110401228,-0.553566385188318,-0.396232091236864,0.0262418100719511,0.0638800971875396,1002.0000000001,0.409344376486509,0.131635799350926,418.0000000001,0.35188911736029,0.761233493746799,0.0340156548031304,-0.180036828028335,-0.2004657069855,-0.291445996821981,-0.356203379001754,-0.0933905458897967,-0.638102550392306,-0.0915866030497344,-0.762492566110049,0.00506231535283438,0.00400897043291981,0.660798076660125,0.803138674416588,-0.731013354245157,1.32573031463387,-0.288325668565276,0.315229688786803,0.102215627178161,0.139017963839613,0.167198521564845,-0.0805787818242611,0.683303805684318,-0.562706744688562,-0.0797239245226581,-0.0797239245226581,0.105456027334569,-0.0705005240433525,-1.24676763533206,-1.18432258306646,-0.87418004731146,-1.14027089696583,1.00377661880867,0.312357960252401,0,1002.0000000001,0.0182915190648354,0.0157241356382949,0.565695691262283,0.285391028625723,2721.73647946607,0.0625,1391,2,"SNETWORK (2 41 2721.73647946607 0.565695691262283 100001390 1391)",100
3,100001391,-0.504936239446024,57,-0.494845044588713,-0.486027089260215,-0.640656641110964,-0.630828421199535,-0.621755757978306,-0.320654418478061,-0.395503255349076,0.670852114246891,1.04476620204661,0.0757033474511254,-1.13138339324092,0.389217115633612,0.0757033474511254,0.0757033474511254,-4.80884969728232,0.246885628164689,0.275453964020591,1.3515345219904,0.0359985799587919,0.0221765913757709,0.149700598802395,1.22237762237762,0.834152334152334,-0.504936239446024,7,0.812418253823549,-0.456850784283962,-0.451906702807548,-0.630648003687983,-0.507551827474773,-0.597949732844264,1.04407353959041,-0.785370810775033,0.0574223833817565,142.0000000001,0.0130366076671025,0.119564635956614,3799.0000000001,0.726218107671443,0.739254715238545,0.0375948667589137,-0.38709431777748,-0.365663783012285,0.545265362329806,-0.783785784188279,-2.08146224798474,-0.538457284577914,-2.32280439921123,0.37261287143672,-2.05808807035798,-4.64030754451771,1.96605664252272,1.35605255977802,-0.313082221260164,3.83452954035827,-0.043033290196975,-0.309509102165881,-0.897784372821839,-0.860982036160383,-0.832801478435155,0.216151380042891,0.00608728561449125,0.954185452675263,0.229289116854907,0.229289116854907,-0.0430221447216487,-1.65292422488488,-0.348267081482403,-0.371192619636107,0.598999499192985,-0.512085586412935,0.0178876797739866,0.0833583612968437,0,3799.0000000001,0.000662977879117009,0.0369318887797966,0.340790764263775,0.523082035881301,1681.88305663771,0.0624998605480869,58,2,"SNETWORK (2 3 1681.88305663771 0.340790764263775 100001391 58)",100
17,100001392,-1.06192144541117,2,-0.711340194022643,-0.147031598306002,-0.358045591966192,-0.357303355798844,-0.355675841278248,0,0.000620156701222631,0.406733542827605,1.43865888864615,0.604886185158249,0.0680303141595086,-0.114613821393645,0.604886185158249,0.604886185158249,0.515368469385569,0.0230812989749958,0.00192795621341064,-0.580660977991777,0.107561203641194,-0.596303901437372,0.141716566866268,0,-0.395577395577396,-1.06192144541117,9,0.879578220596725,-1.09313323087739,-1.0719116896826,-0.646801138541284,-1.06022134774026,-0.482309396539143,1.43693612183011,0.461079599877186,0.403708756727166,1e-10,1e-10,0.228029896096677,2511.0000000001,0.915450943286236,0.915450943286236,0.052113481939406,-1.36159456175038,-5.90844891155588,-0.49721787780894,-0.275959924470578,0.410422434242167,-0.237815482227326,0.510972097020745,0.680572008482383,11.9193927149278,34.5780852111891,-2.35338664970348,-1.5612593436054,0.216246047265097,-0.465344696127778,-0.675181930528773,-0.587156310063935,-1.4058558810172,-1.37829262321507,-1.40813399619979,-0.68354394413785,0.151960713603259,-0.417643941667255,-0.589899604886253,-0.589899604886253,-5.30695869455202,1.06316675953723e-11,0.372426379203614,0.892185105904738,-0.364697050923753,0.510057722612769,-1.34435508545699,-0.725627458744686,0.258993601827372,2511.0000000001,0,0.052113481839406,0.00384559670749185,0.439889200178115,1133.39034365315,0.125,421,2,"SNETWORK (2 17 1133.39034365315 0.00384559670749185 100001392 421)",100
17,100001393,0.110395667607224,225,0.152577399052067,0.406018494492994,0,0,0,-0.475331754228138,-0.52493079188792,-0.149665208156009,0.726250365681362,0.0534542434490832,-0.350271966728751,0.204342097327604,0.0534542434490832,0.0534542434490832,0.385036357608672,0.234482027662785,0.297897243083718,0.00171760897221866,0.267461854929737,-0.443531827515401,0.0161216029479497,0.044324905863371,-0.265923265923267,0.110395667607224,9,-0.784366116249108,-0.355939455523262,-0.352558975742883,1.25617789223449,0.111783414410028,0.358132041646003,0.72640024247798,-0.644742121426278,0.149913358591663,1697.0000000001,0.406741748016192,0.109503493904302,5093.0000000001,0.891657828170113,1.2983995760863,0.0648634413863377,0.786747799143655,0.556670936352772,0.0318583484741002,0.163523172603915,0.199884563364367,0.431455753806401,0.218354629394381,0.747429598116852,0.483933632944311,0.96313641160695,0.265656644096128,0.142678981410798,0.159389368609688,0.484701585970756,0.121428129376516,-0.277526342387342,0.102215627178165,0.139017963839622,0.167198521564845,0.845008544272239,-0.99163832280669,1.45212680305211,1.0445225604808,1.0445225604808,-0.953690885193901,1.06316675953723e-11,-0.441419791488168,-0.361451283687974,-0.317355882533916,-0.392737423219726,-0.464197042981941,-0.364595778639949,0,5093.0000000001,0.0203193762325617,0.044544065053776,0.785089392065088,1.8441148958221,2434.25979118034,0.125,644,2,"SNETWORK (2 17 2434.25979118034 0.785089392065088 100001393 644)",100
17,100001394,0.278393175785038,249,0.152577399052067,0.406018494492994,0,0,0,-0.513020071188259,-0.591614448907119,-0.179272848063575,0.689757066626955,-0.0856307731084556,-0.376518905587392,0.153492375801984,-0.0856307731084556,-0.0856307731084556,0.374309939642639,0.238983323826684,0.305735011695439,0.0174840240825171,0.27025005794948,-0.443531827515401,0.0161216029479497,0.044324905863371,-0.265923265923267,0.278393175785038,9,-0.469098997623189,1.22623508020176,1.23844802897389,0.823686534464284,0.278675763025981,1.20875254884034,0.689996878548389,-0.543460981788522,0.186862323888226,3221.0000000001,0.962296807087155,0.0981951625610264,3077.0000000001,0.48307455659276,1.44537136357991,0.0546962969012036,-0.391479564495225,-0.410111358762799,0.826964340728673,1.04901067288867,0.338996899577659,0.581364123253566,0.282200575158396,0.801826888049955,0.52961630134335,1.03397459554533,0.220663329143074,0.214849309686186,0.155791247004509,0.982083622889522,0.121428129376515,-0.277526342387344,0.00727148547302527,0.00988955536894667,0.0118942832347156,1.37076594601768,1.45328630264034,-0.629036120107151,1.93614807673053,1.93614807673053,-0.283848801081118,-0.106326015349088,-0.332039313913125,-0.226438612490534,-0.347481234257867,-0.265661876621888,1.05285451535972,-0.075717087320006,0,3221.0000000001,0.0364156043877172,0.0182806924134864,0.869415908610282,0.182902535423636,2574.67407624974,0.125,668,2,"SNETWORK (2 17 2574.67407624974 0.869415908610282 100001394 668)",100
41,100001395,-0.281765679840688,140,-0.886598059773572,-0.0928456434617663,0.315622755524543,0.310024668600395,0.31737100022456,0.967739928108477,0.996303433362579,0.160644114042219,-0.289777627935561,0.807381912882211,0.557816880776669,0.396312602349403,0.807381912882211,0.807381912882211,0.500476155540531,-0.769620557992274,-0.888047556088499,-0.220958947826886,-0.957656574266916,-0.720739219712526,0,-0.434965034965035,-0.700859950859951,-0.281765679840688,10,0.317171627928444,0.774494640715708,0.77809734503829,-0.32030669781319,-0.280177604424788,-0.161638494263958,-0.28635850248736,0.712774814858052,0.120878354163272,1016.0000000001,0.785412457086305,0.132170149990258,1580.0000000001,1.33550650840375,2.12091896539006,0.0868560797923907,0.971172003242964,1.10425269511182,-0.625959401827302,-0.331405673309401,0.446064150638516,-0.312033604259402,0.401126390255511,-0.407292532909278,0.370572938502998,0.254902141818012,-1.87255876277298,-1.15872499093372,-0.000929569778976097,-0.437676723058614,-0.658232714974315,-1.30374704394875e-15,0.102215627178161,0.139017963839622,0.167198521564845,0.012931938047426,-0.313588410859392,1.07683425606649,0.0130757662419443,0.0130757662419443,-1.05542432898715,1.06316675953723e-11,1.17734945227835,1.21888519354338,2.6922939652965,0.653135936080899,-0.131177362091575,0.827632386623902,0,1580.0000000001,0.0321642873074453,0.0546917923849455,0.422870760030004,0.20860598866546,2478.94927514926,0.0625,1346,2,"SNETWORK (2 41 2478.94927514926 0.422870760030004 100001395 1346)",100
17,100001396,-0.332672473976392,159,0.152577399052067,0.406018494492994,-0.241215637293384,-0.241906399880321,-0.243823950879704,-0.243344810049472,-0.239326778010465,0.0931856768118674,1.00514183901251,0.496165295272659,-0.158067098454427,-8.35411747532293e-05,0.496165295272659,0.496165295272659,0.455993660311215,0.0127068753312604,0.0481868505486827,-0.24192035330945,0.0324707950115432,-0.443531827515401,0.0161216029479497,0.044324905863371,-0.265923265923267,-0.332672473976392,9,-0.528412135292097,0.0997451947143794,0.0993818856919708,0.734450769779095,-0.329372970677431,0.78359131133326,1.00530269786912,-0.411575925677917,0.212996162431256,3389.0000000001,1.1540906486399,0.109894078348625,314.0000000001,0.0551696862465469,1.20926033478644,0.0557477298362489,0.324313677688881,0.21503811717426,0.149358446677113,0.711531140979349,0.856650089134534,0.622544670492125,0.86608826923285,0.958952808194658,0.8901983959459,2.13832854162562,1.36411422623656,0.736875505600575,0.18425993088584,1.04638901158881,0.121428129376516,-0.27752634238734,-0.65943161604898,-0.62729665940656,-0.628421247972965,-0.309112975878936,-0.605885170746096,0.313666720517221,-0.290167800775268,-0.290167800775268,-0.0118180534814024,-0.00723278943565833,-0.595598417144103,-0.530497953863696,0.0726090085963329,-0.655808546928011,0.347416550452144,-0.13661994416341,0,3389.0000000001,0.0532043694153062,0.00254336032094269,0.552847333169334,1.08238815115946,2047.54747340762,0.125,578,2,"SNETWORK (2 17 2047.54747340762 0.552847333169334 100001396 578)",100
41,100001397,0.4414291309057,245,0.680412427894334,0.334368660703197,0.315622755524543,0.310024668600395,0.31737100022456,1.04604598660937,0.904285927347691,-0.571493823035786,-0.552451369103459,0.649089437616916,0.999973936910531,0.576956734724412,0.649089437616916,0.649089437616916,0.354867605160607,-0.807027793362612,-0.926332908967413,-0.469110794161016,-0.959388686887128,-0.720739219712526,0,-0.434965034965035,-0.700859950859951,0.4414291309057,10,-0.169610500808415,-0.0671618571497705,-0.0667748192236132,0.121667080794337,0.440740360840499,0.272005683874807,-0.548515199358217,-0.500829996355031,0.162571764848995,1666.0000000001,1.73211074788396,0.68805123976657,341.0000000001,1.50048168932183,3.23259243710579,0.153469051151272,2.03326078208711,1.40980163304997,0.995058975320643,0.556312870206898,-0.639976768273805,0.285263624581555,-0.666876441017455,-0.588284418061874,-0.500344048293365,0.0448457681428024,1.81072147981932,1.0436846028055,-0.131452854487999,2.46293633890313,0.562105955755759,0.451834062908154,0.0512340519102487,0.069680671854632,0.0838057542633842,-0.240893022089608,0.604578930733045,-0.819803695503974,-0.2296832297666,-0.2296832297666,-0.0737983365974026,-0.538288083360127,-1.1191961106968,-1.03708917601534,-0.719249406102127,-1.03797697305781,0.42181628981003,-0.72153028602709,0,1666.0000000001,0.0822328821088056,0.0712361689424666,0.764211834096243,0.191919649586688,3059.19282489941,0.0625,1451,2,"SNETWORK (2 41 3059.19282489941 0.764211834096243 100001397 1451)",100
3,100001398,-0.542247215341135,47,-0.494845044588713,-0.486027089260215,-0.640656641110964,-0.630828421199535,-0.621755757978306,-0.319091987558382,-0.394238603343636,0.67605160532587,1.05416090584659,0.0755899775560171,-1.12249481962239,0.363478600291373,0.0755899775560171,0.0755899775560171,-4.87059979999099,0.250879923029143,0.27807074558695,1.32766850118516,0.0454037695652931,0.0221765913757709,0.149700598802395,1.22237762237762,0.834152334152334,-0.542247215341135,7,0.945483913893586,1.11909123182862,1.12884771069755,-0.61079852179684,-0.542800616914118,0.285207026766663,1.05348313285169,-0.728082414658502,0.170730690404236,1217.0000000001,0.332198149595169,0.189287687767434,4233.0000000001,1.28104878476766,1.61324693426283,0.0622020698682923,2.38390785763425,3.94897583968921,0.433139529795655,-0.490260721698893,-1.25966749334657,-0.0030468895314447,-1.06471178661113,0.669777910326961,-0.829068515372601,-1.99607481708085,0.133798334977734,-0.0133702792972393,0.0896551661349183,-0.0100216920960304,-0.471792152073761,-0.752292666128177,-0.897784372821835,-0.860982036160378,-0.83280147843515,-0.758523657260144,-0.463477235564288,0.156514021837812,-0.643873069138767,-0.643873069138767,0.1887343302222,-9.98481014670184,0.391418543252173,0.315256473853484,-0.537469948907271,0.456434436951076,-0.119200282096476,-0.105683099796293,0,4233.0000000001,0.0128085862332781,0.0493934835350142,0.296084355048189,0.0763889805530198,1617.4208529821,0.0624998605480869,48,2,"SNETWORK (2 3 1617.4208529821 0.296084355048189 100001398 48)",100
12,100001399,0.285239537571908,226,0,-0.0695595240108285,-0.467885001197052,-0.45962963966976,-0.447550990366083,-0.614518426970073,-0.702079785429334,0.0477138979026911,0.089310916467416,-1.04324425838967,-1.68085809264673,0.0306159816622457,-1.04324425838967,-1.04324425838967,-5.63914823598779,0.527054628528634,0.664349296793095,1.79176060865954,0.308621529592859,0.184804928131415,-0.778443113772456,0.103496503496504,0.51023751023751,0.285239537571908,7,-0.337322902338942,1.09285695436984,1.10205071000353,0.551286100562745,0.281507092257041,0.17749132360568,0.0912723006606319,-1.0907118580948,1.95911636490136,1478.0000000001,4.62945322895815,0.0674486390473433,3686.0000000001,0.397487573288123,5.02694080214628,0.194714437573628,0.934072834623666,0.262050841717356,0.481646452340493,0.392432561641195,-0.137223601484261,-0.0831269755414489,-0.115911215790196,0.104710692787767,-0.997924095109114,-1.16551994773703,-0.0141666722378152,-0.0980330613176866,0.0797819817885669,-0.0145148538808032,0.223123099423871,0.103212322371745,-0.751834212897418,-0.690544926566656,-0.641104661755904,0.282397741407315,-0.0294485505444208,0.627699590411149,0.304325357388824,0.304325357388824,-0.835490512165977,-13.557383446505,0.967053799374755,0.97058073297371,1.22528823902473,0.777210507027615,0.279351396249305,1.1668055884295,0,3686.0000000001,0.179318081665225,0.015396355808403,0.079622593344875,0.952938127331436,2654.74686772114,0.0312499302740435,226,2,"SNETWORK (2 12 2654.74686772114 0.079622593344875 100001399 226)",100
3,100001400,-0.701215569102931,7,-0.494845044588713,-0.486027089260215,-0.640656641110964,-0.630828421199535,-0.621755757978306,-0.306545713493457,-0.395308592069958,0.670745627963012,1.2114534048242,-0.000546036272298591,-1.1489876313885,0.388163579526092,-0.000546036272298591,-0.000546036272298591,-4.86223341947997,0.269130375647786,0.262895472202604,1.10158388863839,0.109797510189531,0.0221765913757709,0.149700598802395,1.22237762237762,0.834152334152334,-0.701215569102931,7,0.0576502255882329,1.33797852818287,1.35302148848284,-0.0297205651906994,-0.70024321839055,-0.0705365047612307,1.21201216008975,-0.440880054893645,0.105075655124737,921.0000000001,0.154723674510982,0.114237605178054,1830.0000000001,0.334237530624453,0.488961205035435,0.0181461480920419,-0.553860929756448,-0.26781898284351,0.220044989461361,-0.24392803012771,-0.726132543097225,-0.354840791738237,-0.590250913449094,0.540004818221755,-0.0760513243617302,-4.52572850639231,-0.496833017937116,-0.434757527760179,0.200361346928766,-0.251918104600356,-0.471792152073761,-0.752292666128179,-1.48074956831335,-1.423857898781,-1.44749212629168,-0.193919365513498,-0.455098110096802,0.0959591170593171,-0.186900904489457,-0.186900904489457,0.62997380073692,-9.95311918928172,0.667795665588009,0.524574025902968,-0.621003085263919,0.819040090018685,-1.02330975135002,-0.339385075507908,0,1830.0000000001,0.00574204796903044,0.0124041000230115,0.130131886874677,2.07607201393694,1378.13386956626,0.0624998605480869,8,2,"SNETWORK (2 3 1378.13386956626 0.130131886874677 100001400 8)",100
43,100001401,-0.188390123453097,70,0.12371145778112,0.869954874556633,0.545150200838989,0.54037036033024,0.554967563992924,-0.122210130877123,-0.116579388060416,-0.471525695796218,-0.280532598367341,-0.547867658844783,0.608449936620501,-0.689749271129183,-0.547867658844783,-0.547867658844783,0.267601353232595,0.603032618131731,0.40923479737425,-0.0455615275015314,0.740753906924182,-1.14579055441478,2.23053892215569,2.01958041958041,-0.227886977886978,-0.188390123453097,11,0.213186680804776,0.289045089478807,0.288677826768634,-0.240847509494826,-0.178250758603446,0.984802686289436,-0.277812963222665,1.09825647941129,0.0622907414376702,1e-10,1e-10,0.050175285998149,4.0000000001,0.19779636768767,0.19779636768767,0.00882004721623223,2.08861361967562,2.77080686348969,0.00898285695331703,0.783419153932807,1.08700972991918,0.701555860424787,1.0632441107413,0.114392969764403,0.726281143358727,0.505949131339446,-2.35338664978713,-2.52780018513139,0.00165283695276811,-0.487239364261217,-0.353148128111646,0.538992472803681,0.102215627178161,0.139017963839617,0.167198521564845,-0.810018786383021,0.434747221855018,-0.125898453742771,-0.679861254420225,-0.679861254420225,-0.32154230712549,1.06316675953723e-11,1.36531489155288,1.48790087214878,2.06263834196163,1.01111565719043,-2.20163270582265,-3.57863341332045,0,4.0000000001,0,0.00882004711623223,0.278487865531565,0.524830217764247,3203.79552939346,0.0312500660060792,1541,2,"SNETWORK (2 43 3203.79552939346 0.278487865531565 100001401 1541)",100
43,100001402,0.265591981276254,148,0.12371145778112,0.869954874556633,0.965149594579297,0.947078472655203,0.966783102940535,0.142761214969049,0.078011504912511,-0.414922616130198,-0.500701881435331,-0.152986406714512,0.777280518292287,-0.20894191644146,-0.152986406714512,-0.152986406714512,0.082991963747024,0.602873011856713,0.454256199689104,-0.376146701417471,0.801072530567749,0.147843942505134,-0.958083832335329,-0.581818181818182,-0.163390663390663,0.265591981276254,11,-0.6361443851515,-0.322823997633107,-0.3198976478535,0.886472290925798,0.264070869191778,0.123857714517871,-0.496626721133735,-0.372439309545299,0.0238510855542255,4.0000000001,0.0940235413997011,0.0342901117237044,4.0000000001,0.135175304075591,0.229198845375292,0.0113832053569763,-0.147426279903714,-0.232480834275075,0.195652308023297,0.0162999076014181,-0.277746673456502,0.223632602375315,-0.303248186572529,-0.491528150820045,-0.264740826391061,-0.105837406689217,-0.615051933826623,-0.587648389672561,0.027621099455821,-0.320364967405586,-0.353148128111645,0.538992472803681,2.19258446122348,2.15155944355969,2.28302402457116,-0.537744320579029,-0.300252350662486,0.350508235841035,-0.479376532852637,-0.479376532852637,0.192191465183242,1.06316675953723e-11,0.652721557198782,0.446584496885097,-0.187719444285579,0.774294304077453,0.232497007320011,0.192655813315888,0.0688746947997409,4.0000000001,0.00466969747738807,0.00671350777958827,0.578825247154369,1.85529598831789,3641.88831544805,0.0312500660060792,1617,2,"SNETWORK (2 43 3641.88831544805 0.578825247154369 100001402 1617)",100
3,100001403,0.00749189433790652,172,-0.226804037760009,-0.273941878615531,-0.467885001197052,-0.45962963966976,-0.447550990366083,-0.406784692505408,-0.48221538820449,0.524543033574448,0.588731495767167,-0.408573277500315,-1.25424277322517,-0.587499719411252,-0.408573277500315,-0.408573277500315,-4.61402456439983,0.176975943404168,0.254981585837547,1.0693605382474,-0.000482497456989175,0.0739219712525668,-0.0898203592814364,1.0005994005994,0.837837837837838,0.00749189433790652,7,-0.279433202566473,-0.988892699673068,-0.971114774036003,0.21839694219138,0.00921046212928661,1.31973844544151,0.589373040610538,-0.602745100499394,0.0641200671114968,2050.0000000001,0.210156517522784,0.0866506069284452,2676.0000000001,0.370725749682135,0.580882267104919,0.0324607978817456,-0.0523570868417393,-0.0703102319317624,1.29930565233586,0.877471711274361,-0.665282761457617,1.26453688141778,-0.816940156982036,1.06369755580425,-1.20622919535754,-2.17217154691641,0.152586110889385,0.504808394433179,0.145406177912154,1.40755819024334,0.0149361366023092,-0.185551825707279,-0.751834212897414,-0.690544926566656,-0.641104661755899,0.931670637466019,-1.60946201677077,0.975725211361008,1.1768402892374,1.1768402892374,0.0482467309665177,-2.85990357008444,-0.809188963016643,-0.847964783122945,-0.557215307328031,-0.737588496132412,-0.498678841992675,-0.525314664829144,0,2676.0000000001,0.0117439429675672,0.0207168548141785,0.802380105554197,1.34897419660438,2347.44906038528,0.0624998605480869,173,2,"SNETWORK (2 3 2347.44906038528 0.802380105554197 100001403 173)",100
29,100001404,-1.02748855791054,38,-0.790377993358492,-0.853832397374456,-0.959757100198023,-0.960709455694412,-0.961711264614227,0.425958110885024,0.353948225196925,1.58806349573805,0.124683926574962,0.871540689069222,-0.2177858844517,2.93553915230366,0.871540689069222,0.871540689069222,-0.0896653021181045,-0.334164073046133,-0.435489976517174,0.504728191680621,-0.54151838779489,0.388090349075976,-1.93862275449102,-1.29510489510489,0.10534398034398,-1.02748855791054,8,0.824802751781438,-0.490036754326922,-0.48451894114251,-0.636369742297098,-1.02736753329561,-0.651378811170552,0.126405972679005,0.38167383613534,0.122760132093651,387.0000000001,0.0759561735158765,0.0430146944439137,22.0000000001,0.00151298393393892,0.0774691573498155,0.00396288134387477,-0.26761200542595,0.063871395880066,-0.698076193658694,-0.883195959876999,-0.273477521377549,-0.606113203038691,-0.307712677796321,-0.159482728750821,-0.304577446245341,-0.37026562914654,-0.302234283045472,-0.635800706757094,0.0846528930960521,-0.283952631889913,-0.471792152073761,-0.752292666128179,-1.4058558810172,-1.37829262321507,-1.40813399619979,-0.930432354383441,-0.155621240664064,-0.193724551016686,-0.760710452637674,-0.760710452637674,0.141690166444902,1.06316675953723e-11,0.207428384953009,0.59130433388975,0.416056159238847,0.201199042231932,-0.331208806843039,-0.323723189901835,0,387.0000000001,0.00388548560061938,7.73956432553882e-05,0.232987094121042,0.696809090422174,904.586282138125,0.25,833,2,"SNETWORK (2 29 904.586282138125 0.232987094121042 100001404 833)",100
41,100001405,-0.470702007878345,104,-0.886598059773572,-0.0928456434617663,0.315622755524543,0.310024668600395,0.31737100022456,0.928312742853151,0.965436824865889,0.308047998737296,-0.252486066311732,0.638702529023088,0.436695323132521,0.449077924465251,0.638702529023088,0.638702529023088,0.516847922221012,-0.648074529799754,-0.774560593574487,-0.11627517952477,-0.823585693944989,-0.720739219712526,0,-0.434965034965035,-0.700859950859951,-0.470702007878345,10,-0.410731540451967,1.12986000586816,1.13985190422297,0.484193090459635,-0.472105274249614,-0.437502275397538,-0.200076754534776,-0.636572154785606,0.0580029514821927,469.0000000001,0.173971646912425,0.0553442686772536,928.0000000001,0.328455219700078,0.502426866512503,0.0193357007073527,-0.471973412160311,-0.361959509579824,-0.39317496379544,-0.24044721365203,0.247530183404368,-0.678808710163653,0.209681167863235,-0.510619589265917,0.101441907367491,0.177304724784793,0.545359154536181,0.374658196911011,-0.403386826228003,0.125147357137431,-0.658232714974315,0,0.102215627178161,0.139017963839617,0.167198521564845,-0.833284073729732,-0.78047218300383,-0.0469214498820728,-0.695838774303034,-0.695838774303034,0.76177745362683,-0.195643028477379,-0.318509205895076,-0.326981653168602,-0.341369834465155,-0.252319430638414,0.289358927772279,0.597225324230488,0,928.0000000001,0.00669523049384735,0.0126404701135054,0.298586860770243,0.655041610822082,2267.67985472997,0.0625,1310,2,"SNETWORK (2 41 2267.67985472997 0.298586860770243 100001405 1310)",100
3,100001406,-0.358669553764412,93,-0.226804037760009,-0.273941878615531,-0.467885001197052,-0.45962963966976,-0.447550990366083,-0.341342310377166,-0.415682729954575,0.58054974193767,0.826027139415499,-0.0525991938579316,-1.19924627492909,-0.105487728736018,-0.0525991938579316,-0.0525991938579316,-4.59120188254623,0.197472814303097,0.256860067974405,1.18349860298999,0.00446344817425285,0.637577002053388,-1.16766467065868,0.37272727272727,1.11578624078624,-0.358669553764412,7,0.368173148189724,0.673198051185961,0.675510308308606,-0.328787626217906,-0.358740137874423,0.239485465198723,0.825959469383385,-0.539561910960027,0.403026984834895,4629.0000000001,2.98274647096143,0.0476611546361558,2367.0000000001,0.180367319430592,3.16311379029202,0.13185485060209,0.073672213020164,0.759819037824075,0.508535570565815,-0.284921032514859,-1.20408972272787,0.0704536907439005,-1.10070958196671,0.613583117332066,-1.44810523812067,-3.06179126828546,1.4239221574925,1.30758772432197,-0.511715695381709,3.31202293566366,-0.103412722476775,-0.349706193249102,-0.85356962721521,-0.809349112657467,-0.774728051263416,-0.333316959371241,0.0404238187865743,-0.251413834351026,-0.311168196012433,-0.311168196012433,-0.189548120841461,-5.83778926808835,-0.338379481170672,-0.358307032489509,0.177209757006127,-0.399360421355623,0.224944392546291,0.122761227949236,0,4629.0000000001,0.124336213012809,0.00751863748928048,0.485444572624616,0.451468206592835,1890.45948712555,0.0624998605480869,94,2,"SNETWORK (2 3 1890.45948712555 0.485444572624616 100001406 94)",100
12,100001407,0.308957117859755,231,0,-0.0695595240108285,-0.467885001197052,-0.45962963966976,-0.447550990366083,-0.612108712965887,-0.702285903141413,0.0394282082897374,0.0868344882690931,-1.05202860606936,-1.68463746854623,0.0245658389539475,-1.05202860606936,-1.05202860606936,-5.59909277662128,0.517702486673087,0.65463453447378,1.77969063475788,0.299038136966442,0.184804928131415,-0.778443113772456,0.103496503496504,0.51023751023751,0.308957117859755,7,-0.217993838018339,0.732066848232469,0.735099924535352,0.302204439797001,0.311813059422463,0.873334053414941,0.0885972015507733,0.504091247683936,1.02239560348252,1361.0000000001,2.22470347313001,0.3824819506044,622.0000000001,0.380361336380637,2.60506480941065,0.107478426559674,2.02846002523371,1.01168284124849,0.778572191609758,0.751122808775634,-0.0464702111357184,0.511711009096288,-0.041681146782385,0.399840535356583,-0.253776781686606,2.93492192234625,-1.8297654315745,-1.8111972775464,0.0793759342601378,-0.487700778495846,0.223123099423871,0.103212322371745,-0.751834212897409,-0.690544926566656,-0.641104661755904,-1.09417133354773,-0.874813179950443,-0.134265719835716,-0.86360051969735,-0.86360051969735,-41.1079728769909,-73.4741354827663,1.02084207236628,1.03736075458266,0.909063369225759,0.912515145895723,0.606352972521299,1.27322998193175,0,1361.0000000001,0.0917856737252963,0.0156927527343781,0.199042980285983,2.88430240691358,2688.26738624226,0.0312499302740435,231,2,"SNETWORK (2 12 2688.26738624226 0.199042980285983 100001407 231)",100
17,100001408,-0.490746876039903,133,0.152577399052067,0.406018494492994,-0.358045591966192,-0.357303355798844,-0.355675841278248,-0.15603189094103,-0.143838416117864,0.180342809161317,1.09817117742973,0.652270233831632,-0.0494141202042939,-0.0906460750759676,0.652270233831632,0.652270233831632,0.476124638473508,-0.0214553853313723,0.00344050425479503,-0.357744887651711,0.0106053925726434,-0.33264887063655,-0.333618477331052,-0.204195804195803,-0.181818181818182,-0.490746876039903,9,0.561156709327932,0.441701368224881,0.441973637880886,-0.441404209939011,-0.489315537521444,-0.0249333285174643,1.09921466087012,0.209470099392448,0.230548776186859,2449.0000000001,0.902709848851946,0.124776087498023,1130.0000000001,0.225427233657232,1.12813708240918,0.048974806970454,-0.257679420902835,0.490561163558497,-0.109351529282732,-0.614786661918362,-0.769479892599811,-0.102957828126971,-0.732659094933512,0.635070332494283,-1.10713410992728,-2.72466500858217,-0.805268479003591,-0.716333079739945,-0.804590218894563,-0.3383488685504,0.121428129376515,-0.277526342387342,-1.4058558810172,-1.37829262321507,-1.40813399619979,-0.068869099976603,0.134607198391123,-0.200241764787566,-0.0683241191712429,-0.0683241191712429,-4.10036088506539,1.06316675953723e-11,1.1166468580293,0.988027386662547,0.0218863853090077,1.23176873346076,0.841346089006987,0.414884873986703,0,2449.0000000001,0.0391885358578853,0.00978627101256871,0.462606092151528,0.530272062850401,1897.28442614301,0.125,552,2,"SNETWORK (2 17 1897.28442614301 0.462606092151528 100001408 552)",100
17,100001409,0.143934603409569,229,0.152577399052067,0.406018494492994,0,0,0,-0.474144996199926,-0.523044693716313,-0.152908979893721,0.721837243635632,0.0416778827898554,-0.344458281324,0.184236556851694,0.0416778827898554,0.0416778827898554,0.383633941353306,0.234690264289262,0.298066541450839,0.00022702534600968,0.267997249720151,-0.443531827515401,0.0161216029479497,0.044324905863371,-0.265923265923267,0.143934603409569,9,-0.48996086450862,0.425071199111775,0.425246305740932,0.716883163756765,0.143527351013472,-0.222778192653208,0.721957828736355,0.516970870163745,0.433107938034576,791.0000000001,0.547733371304195,0.131580848831137,4092.0000000001,0.860844844862273,1.40857821606647,0.0613280879209803,1.76934119443217,1.74578301760661,-0.500797890510341,-0.0527397014629346,0.652705866259055,-0.292829288492175,0.623481203372774,0.373987079029442,0.620651184356571,1.2338449260465,0.970401687771516,0.629943707677611,-0.693959195262725,1.3596161258648,0.121428129376515,-0.277526342387342,0.097131623979009,0.132103485179051,0.158882397680507,0.646903978032431,-0.869256980747145,0.967705381068963,0.761436267777123,0.761436267777123,-0.53526960108494,1.06316675953723e-11,-0.436266376630541,-0.44040823345511,-0.246532373227817,-0.404202805851906,0.541110425144391,-0.793143550779599,0,4092.0000000001,0.0238477635895032,0.0374803242314771,0.800780976511125,0.447058371442836,2460.38825826122,0.125,648,2,"SNETWORK (2 17 2460.38825826122 0.800780976511125 100001409 648)",100
13,100001410,0.958026616648301,328,0,-0.0695595240108285,-0.110963835372034,-0.110383201657025,-0.109843962764069,-0.807054321357325,-0.995489952102199,-0.0965848526692842,-0.421332206492989,-1.76840951272162,-1.33067185801777,0.726162091812946,-1.76840951272162,-1.76840951272162,-2.93682856656859,0.778890473761133,1.03280208194157,2.12074608714325,0.565887226119935,1.07186858316222,-1.64670658682635,0.299300699300701,1.38452088452089,0.958026616648301,7,0.973065258014716,-0.639577100204437,-0.631104558822847,-0.667700401132045,0.95450127625979,0.0197273626212304,-0.359964442594695,0.360471120147312,0.0440251134047789,1631.0000000001,0.114802006357395,0.126597434219478,1041.0000000001,0.210702974970501,0.325504981227896,0.0170973812175374,0.330395915681613,0.242003364696887,-0.0889438959661531,-0.469007861072548,-0.573727919961055,0.208819561277002,-0.6620595998009,-0.242534224858053,-0.724714200042582,-0.256094444935323,-1.0423715107472,-0.664861425474481,0.0606981613420125,-0.357480678278925,0.223123099423871,0.103212322371743,0.000480866141918987,0.0349290148369443,0.115671933158067,-0.2233273960392,0.537779781709521,0.366603479961616,-0.213794737715232,-0.213794737715232,-1.29304578002616,-1.53209694278557,0.502749469394691,0.719247018507835,0.37183038216916,0.474862819636415,-1.82524441094428,-0.876454497030526,0,1631.0000000001,0.00603005719678794,0.0110673239207494,0.394498620259514,1.35675795841962,3235.70581898437,0.0156249651370217,328,2,"SNETWORK (2 13 3235.70581898437 0.394498620259514 100001410 328)",100
28,100001411,0.562589868940004,240,-0.268041164135857,-0.507523118116241,-0.715996162004961,-0.715344983900652,-0.711097017555422,0.706574096387452,0.805111305208471,1.98466782439949,-0.605625029764762,-1.41744651121365,-0.460790964162949,1.73783700364143,-1.41744651121365,-1.41744651121365,-0.360527753520525,-1.07731385466148,-1.08251365207435,0.376824627228382,-1.45500277071721,0.468172484599588,-2.26546906187625,-1.53286713286713,0.194922194922195,0.562589868940004,8,-0.510232364962372,0.43813245432371,0.438383309162946,0.760026158051888,0.571934870127559,2.24061535542133,-0.601584400583274,0.242478549555253,0.0756153666033065,7816.0000000001,0.944907677881188,0.0389119784111554,3434.0000000001,0.213637933211336,1.15854561099252,0.0503264172655128,-0.249552285646694,-0.282150526303449,2.16202306297391,2.39606754460516,0.33751102715595,1.31473790719846,0.321719774967311,-0.269574993217423,-0.22252676102364,-0.0575129014561412,-0.335939173666728,-0.516991080348717,-0.135659524641007,-0.145894116687158,0.121428129376515,-0.277526342387341,-0.897784372821835,-0.860982036160378,-0.83280147843515,0.788398685622875,-1.45683011529459,-0.140386896101504,0.960937463011397,0.960937463011397,2.34739720767013,1.06316675953723e-11,-1.29684652048354,-1.40548554696197,-0.965339584109398,-1.17309701220446,-0.494668451553424,-0.158395569767872,0,7816.0000000001,0.0410461336418834,0.00928028352362937,0.530521039914163,0.890956944943321,2037.32682894808,0.125,781,2,"SNETWORK (2 28 2037.32682894808 0.530521039914163 100001411 781)",100
17,100001412,-0.600000371263709,112,0.152577399052067,0.406018494492994,-0.358045591966192,-0.357303355798844,-0.355675841278248,-0.102493342229808,-0.0905557711157347,0.222857479038787,1.17083272543925,0.709558289527615,0.004668910298134,-0.0855276658100498,0.709558289527615,0.709558289527615,0.490663176161587,-0.0401498673984175,-0.0240753844956224,-0.427633251887164,-0.000168641595030112,-0.596303901437372,0.141716566866268,0,-0.395577395577396,-0.600000371263709,9,0.771811122555983,-1.86377110731298,-1.80715262019979,-0.672475393367006,-0.598853224813783,1.24965893101903,1.16981827723014,-1.29910259581953,1.1425051959133,1170.0000000001,2.13717763200701,0.310668188993897,1170.0000000001,0.581137929872352,2.71831556177936,0.177559049781539,-0.178318654299225,0.726434173803543,0.803981191734374,0.561892967643244,-0.376050338651205,1.48114385727208,-0.541396834395772,1.40905704368508,-0.402686553815351,-1.02885733040959,-0.0349569604460753,-0.185143386788438,-0.811447478256015,-0.162949562359852,0.121428129376515,-0.277526342387342,-1.4058558810172,-1.37829262321507,-1.40813399619979,-0.256696215749048,-0.187245482631689,0.144952785870421,-0.243866565391817,-0.243866565391817,0.0980442866408573,1.06316675953723e-11,0.482276771514353,0.307388330793361,-0.604915084833225,0.572011401359261,0.479703172007111,-0.135688516739726,0,1170.0000000001,0.13959940290656,0.0379596467749784,0.389374132885605,0.370732364263318,1775.34397815777,0.125,531,2,"SNETWORK (2 17 1775.34397815777 0.389374132885605 100001412 531)",100
37,100001413,-0.0470851892907587,7,1.29896932353205,1.22104076566898,1.50580654500643,1.48232234240258,1.49987706507974,0.0745767503179414,0.00592348056741016,-0.466654278200663,0.72883262414457,-0.271823353459306,0.613326628656597,-1.11019911776678,-0.271823353459306,-0.271823353459306,-0.49525923715223,-0.49555229017142,-0.527366153910711,-0.379456476583717,-0.583119849573577,0.170020533880904,-0.850299401197607,-0.17062937062937,0.240786240786241,-0.0470851892907587,12,1.51720273419124,-1.64746183632,-1.60258791247918,-0.782165240600919,-0.0464314338935862,-0.210834377753375,0.729024071368146,0.93195357315572,0.300568645159223,71.0000000001,0.136476879678571,0.364835451457067,1e-10,1e-10,0.136476879678571,0.00857608146215507,0.926036173981396,0.991208596648143,-0.503921564070271,-0.00374080960331596,0.750289585453769,0.230667982272189,1.03196782468443,0.650267082203736,1.36632490888998,2.72041453597404,-1.46624849321284,-0.917767410335738,-1.18049009095903,-0.40519203554015,0.528207847926239,1.07109749798066,2.70840082864406,2.67872578178211,2.82264244254143,-0.234334054631178,-0.101875600528635,0.725253240064847,-0.22376574920953,-0.22376574920953,-0.670535008897428,1.06316675953723e-11,0.825707024060858,1.14956297924201,1.19706944101629,0.629218412611504,-0.284448209368549,0.937358600111986,0,71.0000000001,0.00857608136215507,0,0.0349586516333261,1.5521460865275,4267.19728796521,0.0312499339939208,1055,2,"SNETWORK (2 37 4267.19728796521 0.0349586516333261 100001413 1055)",100
37,100001414,0.697843263509404,167,1.29896932353205,1.22104076566898,1.45807027539656,1.42805593959054,1.43873085382348,0.275962767923264,0.204464647211229,-0.469119496532623,0.41856247727484,-0.569624901412779,0.739652208140412,-1.18226220399571,-0.569624901412779,-0.569624901412779,-0.5929303756252,-0.765875840228341,-0.847255119680126,-0.894994054300791,-0.829543836539869,0.813141683778234,-1.91189050470488,-0.485914085914086,0.874692874692875,0.697843263509404,12,-0.0853685801817479,-0.835377657372427,-0.822109102038071,0.0187260334109105,0.700481965074994,0.174440545295446,0.419762106180625,0.660681021787711,0.310895091087348,634.0000000001,1.26055031257655,0.0865458738830178,277.0000000001,0.153314488440639,1.41386480091718,0.0768859414827392,-0.0249207496362908,0.0876613311986332,-0.74610003485382,0.507800966142799,1.94005688455808,0.402800302792844,2.31303754015639,0.573098306774199,1.89935214508309,3.05405567253486,0.318982530476793,0.298520947095999,-0.846709830780622,0.502910567230023,0.528207847926239,1.07109749798066,2.19258446122347,2.1515594435597,2.28302402457116,0.323514762136509,-0.0803846475344739,-2.2828933257409,0.352079619199724,0.352079619199724,-0.906795597125907,-0.344300368624387,-0.430362998731028,-0.313970647064843,-0.587778030441329,-0.315299086511595,-0.504037931852023,-1.17564586590932,0,634.0000000001,0.0685487023787906,0.00833723900394859,0.98671553827217,0.384489533486915,5233.34177158446,0.0312499339939208,1215,2,"SNETWORK (2 37 5233.34177158446 0.98671553827217 100001414 1215)",100
3,100001415,-0.0823127005231992,153,-0.226804037760009,-0.273941878615531,-0.467885001197052,-0.45962963966976,-0.447550990366083,-0.401044860716289,-0.47033273719353,0.533208231459442,0.669894237768856,-0.18658751235933,-1.27874925251701,-0.325914795319694,-0.18658751235933,-0.18658751235933,-4.46868352856566,0.145739229685077,0.218265644220925,1.04290906220285,-0.0350197367041784,0.0739219712525668,-0.0898203592814364,1.0005994005994,0.837837837837838,-0.0823127005231992,7,-0.428006900026025,-0.617705642271337,-0.609703232717907,0.423146741031624,-0.0815181957150308,1.28147883728716,0.670189986322915,-1.78438627829794,2.72359969907474,1744.0000000001,7.59424829725968,0.542340916577277,2682.0000000001,2.32555266226709,9.91980095942677,0.519031254094415,-0.0821148556077851,-0.160936368177853,1.34693570590664,1.13641629837925,-0.340821197773925,1.13485113105054,-0.39215956299774,1.04652763520046,-0.235501923529052,-0.440879828336203,0.101889500980966,0.267499351513153,-0.957314346262738,0.658491569342963,-0.183656619125853,-0.461007527196321,-0.751834212897418,-0.690544926566656,-0.641104661755904,0.743065584058891,1.08619820053039,-0.435068740011451,0.895578452849855,0.895578452849855,-0.0581986332706576,-6.60249351236586,-0.223403542653453,-0.0458943727739861,0.120706778956702,-0.259784097328229,0.67562036130543,0.645245311795276,0,2682.0000000001,0.397351946171231,0.121679307823184,0.725450309972876,0.965234241448343,2236.52393271436,0.0624998605480869,154,2,"SNETWORK (2 3 2236.52393271436 0.725450309972876 100001415 154)",100
17,100001416,-0.633638635032531,103,-0.254295665086778,0.276450920905401,-0.358045591966192,-0.357303355798844,-0.355675841278248,-0.0988044205705451,-0.088008793448583,0.226038702324616,1.17986155889492,0.703635295696118,0.000354537994742935,-0.0720980779390861,0.703635295696118,0.703635295696118,0.491950106517703,-0.0325524801443934,-0.0177880623942589,-0.42836518082912,0.0095439464187231,-0.596303901437372,0.141716566866268,0,-0.395577395577396,-0.633638635032531,9,0.770460890251659,1.13710893002891,1.14726074873505,-0.535889781256057,-0.630413621562792,0.338996260834017,1.17972850910725,0.15375792262429,0.287809392153815,2846.0000000001,1.30959326369402,0.276426049736946,1601.0000000001,0.707565866274563,2.01715912986859,0.0775313491008027,1.2724392133063,1.56240084309,-0.184132958357073,0.336477594465545,0.762690476625339,0.0342226897440173,0.643772648541508,0.736343431932914,1.6606845060293,4.27039505716754,-0.767581008650635,-1.10672666048798,-1.09729925905635,-0.410948459467292,-0.268402373618749,-0.138763171193672,-1.4058558810172,-1.37829262321507,-1.40813399619979,-0.256696215749048,-0.592828601227069,0.795897798318561,-0.243866565391817,-0.243866565391817,0.346260407740956,1.06316675953723e-11,0.925407095505658,0.877081769937726,0.384267922400363,0.934770837514803,0.144190600814278,-0.566439293070298,0,2846.0000000001,0.0503354102660492,0.0271959387347536,0.355356128318531,0.30639976702616,1718.69971029911,0.125,522,2,"SNETWORK (2 17 1718.69971029911 0.355356128318531 100001416 522)",100
17,100001417,0.078540461968316,221,0.152577399052067,0.406018494492994,0,0,0,-0.398926882100312,-0.428319355678493,-0.0811646988791654,0.827318268647104,0.167459773589827,-0.26797462574553,-0.0281492413906136,0.167459773589827,0.167459773589827,0.413715594359029,0.127001787300513,0.177167249603028,-0.0931443523326218,0.149328488682445,-0.443531827515401,0.0161216029479497,0.044324905863371,-0.265923265923267,0.078540461968316,9,-0.578601991301829,0.277984268383256,0.277592805774993,0.874239750845469,0.0757206093329388,-0.327144740512156,0.827242732823345,-0.799516452955493,0.0810111224524696,1111.0000000001,0.143898173967778,0.0954076201567287,4765.0000000001,0.726846229892488,0.870744403760266,0.0389033777778049,1.35687580195196,0.550149243717283,0.770635838754011,-0.252231484658307,-1.52155490104606,-0.370367174760694,-1.49127236313704,0.378943711719328,-1.89638382752881,-3.65953128817029,2.11563493243847,1.42749631768428,0.176207048962228,5.01344290983572,0.15972247199303,-0.21414593490891,0.0599902183252885,0.0815894617301531,0.0981285943181437,0.183160266432483,0.548358799321789,-0.786381488806847,0.192777989492335,0.192777989492335,-0.0115762380619418,-0.0147614498487387,-1.14564970929526,-1.07385774388301,-0.701087600630588,-1.07133802172046,0.327718373979722,-0.171660890126743,0,4765.0000000001,0.00642912544897479,0.0324742522288301,0.771157722459475,0.79639387037605,2411.06180426425,0.125,640,2,"SNETWORK (2 17 2411.06180426425 0.771157722459475 100001417 640)",100
17,100001418,0.528554491767399,273,0.152577399052067,0.406018494492994,0.0737102907633875,0.0682577010310203,0.067165878475577,-0.530442206896559,-0.618976486003801,-0.172509366558966,0.642133447428438,-0.242400906594792,-0.379841203553177,0.130173390526443,-0.242400906594792,-0.242400906594792,0.36453821878818,0.249507310719376,0.317704431613859,0.00971343576208351,0.284941536489802,-0.443531827515401,0.0161216029479497,0.044324905863371,-0.265923265923267,0.528554491767399,9,-0.658121935270143,0.12463948044573,0.124224625003978,1.02705776462604,0.526655423003891,0.688085157896857,0.642817720797463,-1.00686779728883,0.116200196609268,255.0000000001,0.0473743886324178,0.757210421374944,498.0000000001,0.602896135117313,0.650270523649731,0.0298469077827794,-0.201718566282337,-0.293278043503216,1.13506855258917,1.26182734991656,0.184547216074093,0.550414644809679,0.185619163679165,0.764093454990791,0.382960685429028,0.729897551932199,-0.000711329644670561,0.252025514835836,0.151278797600791,0.767509122778389,0.302706285548258,0.0225044877580151,0,0,0,0.795540398862367,-0.89065378653553,1.02814037033022,0.97136083277961,0.97136083277961,1.06610348726764,-1.19768649078757,-0.38246702706607,-0.270898987598204,0.543391596220569,-0.536109084176384,0.167894919609907,-0.749964779263823,0,498.0000000001,0.00217444732591675,0.0276724603568627,0.950257188892221,0.190681415610015,2709.28500339268,0.125,692,2,"SNETWORK (2 17 2709.28500339268 0.950257188892221 100001418 692)",100
28,100001419,-0.258050522186169,182,-0.790377993358492,-0.853832397374456,-0.715996162004961,-0.715344983900652,-0.711097017555422,0.772521366129581,0.782169889946503,2.04320226189129,-0.436972407782153,0.362463260480085,0.105555383149276,2.69311569868175,0.362463260480085,0.362463260480085,-0.0223400345070978,-0.878380376717098,-0.946878433204496,0.675353325384898,-1.25885494686978,0.468172484599588,-2.26546906187625,-1.53286713286713,0.194922194922195,-0.258050522186169,8,-0.610407875199513,-0.273468095690635,-0.27116486912297,0.838186006806079,-0.25071321345163,1.99735696143492,-0.424635792946726,-0.249139031867609,0.153095773731861,5748.0000000001,1.40693724572714,0.0394105307018762,2789.0000000001,0.175733906014146,1.58267115164129,0.0779218478004829,-0.317004174914859,-0.309917539336217,1.48812469489995,-0.05009426704733,-2.41498169262067,1.41068989138935,-2.60881105378067,0.204470928559504,-2.32474883496398,-1.12419173206212,-0.915797266792519,-0.988271915526997,0.0547235121634294,-0.31898635170456,-0.471792152073761,-0.752292666128179,-0.897784372821835,-0.860982036160378,-0.83280147843515,1.10315542414987,1.33588659237352,-1.56061411557699,1.45499741250248,1.45499741250248,4.31795966425296,1.06316675953723e-11,0.21870329115779,0.243714773103318,0.125113461248109,0.223365543902584,1.05815136511599,0.156283507303151,0,5748.0000000001,0.0692696961533232,0.00865215154715974,0.116820408504468,0.556937176545851,1708.8972114699,0.125,723,2,"SNETWORK (2 28 1708.8972114699 0.116820408504468 100001419 723)",100
13,100001420,0.952866407658197,327,0,-0.0695595240108285,-0.110963835372034,-0.110383201657025,-0.109843962764069,-0.942493765358355,-1.13365410839891,-0.417862952667792,-0.362842842812575,-1.61975845441611,-1.58757912226385,-0.00882256522636415,-1.61975845441611,-1.61975845441611,-2.89491735651626,0.624244761952743,0.862160196408319,1.77152262707381,0.434852611281213,1.07186858316222,-1.64670658682635,0.299300699300701,1.38452088452089,0.952866407658197,7,1.05330693612596,-0.221216663136806,-0.219503408180682,-0.696084239871453,0.946853911963588,-0.4658363660234,-0.359902616741536,0.311104443670415,0.0372104932403886,2566.0000000001,0.152657136709433,0.0313273300778187,649.0000000001,0.0325059687971158,0.185163105406548,0.00903273243328858,0.234967088952164,-0.529085278733365,0.0183414821031071,-0.0653312190004437,-0.126713444216246,-0.418958427789371,-0.136141724499296,-0.574859319247543,-0.149484281611253,-0.0878609713918291,1.88454596664388,0.993123032091961,-0.40188233439707,1.38773425916287,0.172275614400193,-0.0871570100077988,0.000240433070957232,0.0174645074184722,0.0578359665790313,-0.285670406734975,-1.11107542302655,-1.04036898824768,-0.269600397184289,-0.269600397184289,-0.287713587714535,-1.59948022629729,-0.747252457438877,-0.622090225685729,-0.506958738594376,-0.68189410424569,-0.819597269354381,-1.59647302464738,0,2566.0000000001,0.0074470076070306,0.00158572472625798,0.386892728046767,0.846110279005639,3229.48583438102,0.0156249651370217,327,2,"SNETWORK (2 13 3229.48583438102 0.386892728046767 100001420 327)",100
3,100001421,-0.506823470809071,56,-0.494845044588713,-0.486027089260215,-0.640656641110964,-0.630828421199535,-0.621755757978306,-0.320654418478061,-0.395503255349076,0.670852114246891,1.04510788261609,0.0751399355533492,-1.13154302427672,0.38893401836363,0.0751399355533492,0.0751399355533492,-4.81146043898371,0.24750173650593,0.276130708603901,1.35094641480848,0.0368829769725562,0.0221765913757709,0.149700598802395,1.22237762237762,0.834152334152334,-0.506823470809071,7,0.67398329614378,-0.560900802574663,-0.554058476237261,-0.582052252470364,-0.509659926230008,-0.778311958029759,1.04448219340032,-0.728371029982299,0.0841988234879788,797.0000000001,0.107290032981589,0.167211860507557,2423.0000000001,0.647762089920647,0.755052122802236,0.0391112805394386,-0.369953814843961,0.0166636030537803,-0.598455442359308,0.0747936720648384,1.054701260554,-0.782659210618254,1.19752090596254,0.224723407741641,1.0293721623154,2.467570915807,-0.627311031224557,-0.555940006502714,0.291686658045799,-0.374766831068934,-0.471792152073761,-0.752292666128179,-0.897784372821835,-0.860982036160378,-0.83280147843515,-1.01189767660034,-0.846931573519318,-0.469083333032476,-0.812885303112436,-0.812885303112436,1.16051322764751,-13.113293119918,0.818862082492637,0.874031710721389,-0.46505033274657,1.02325598209311,0.201342442173323,0.291232212399605,0,2423.0000000001,0.00555756409156306,0.0335537163478755,0.336527230217239,0.831986864039209,1675.73546382445,0.0624998605480869,57,2,"SNETWORK (2 3 1675.73546382445 0.336527230217239 100001421 57)",100
3,100001422,0.210319601882256,212,-0.226804037760009,-0.273941878615531,-0.467885001197052,-0.45962963966976,-0.447550990366083,-0.416457167953581,-0.487655196851005,0.50666560062913,0.487610677668983,-0.877282498776013,-1.23131868875982,-0.646731306685264,-0.877282498776013,-0.877282498776013,-4.88651116415297,0.235718411883907,0.330855874946357,1.28958110772527,0.0332606146977833,0.0739219712525668,-0.0898203592814364,1.0005994005994,0.837837837837838,0.210319601882256,7,-0.0229676963716464,0.988686633311002,0.995797856184441,0.0775393876498167,0.212661231438698,0.997356587888992,0.492739232122904,0.321320138710649,0.18648334171295,5894.0000000001,1.75729716606476,0.124363298767756,3466.0000000001,0.689153277237178,2.44645044320194,0.0965022827991863,0.678670265862379,-0.0569429705766702,0.281941609421269,0.850973137603838,0.863855355790646,0.520804184399292,0.748082427477542,0.671394213991183,0.534634444663319,0.923922349656927,1.94616539234634,1.40252236528949,-0.315646064066302,4.37178451955243,0.0313897261879626,-0.162730022491149,-0.751834212897414,-0.690544926566661,-0.641104661755904,-0.14254372478378,0.419990836356006,-0.839510603669348,-0.139021735188323,-0.139021735188323,-0.0304443905948786,-0.696420138287883,-1.07538731133993,-0.990401367745415,-0.797735637491614,-0.971035281497957,0.445836991643485,0.524049480881878,0,5894.0000000001,0.0693180556240453,0.027184227075141,0.961004734834622,0.446782622777391,2576.17002762202,0.0624998605480869,213,2,"SNETWORK (2 3 2576.17002762202 0.961004734834622 100001422 213)",100
13,100001423,1.01905275019793,336,0,-0.0695595240108285,-0.372777702510842,-0.367445052876348,-0.351572560610072,-0.972274718539228,-1.2171520785959,-0.393365928404887,-0.584263946728068,-1.76265346094592,-2.00049173047342,-0.221746520628893,-1.76265346094592,-1.76265346094592,-2.11093385265586,0.635762161236042,0.885452121618804,1.97048997066616,0.412949340336373,-0.0985626283367564,0.708582834331336,1.73986013986013,0.825552825552825,1.01905275019793,7,1.15604150059767,-0.240257486474161,-0.238337517798987,-0.722092880868892,1.01276297713907,-0.436615879649939,-0.580744564225752,0.433477850110417,0.0457939942791657,3918.0000000001,0.286858676788326,0.0524862326416192,1076.0000000001,0.0902927138521839,0.37715139054051,0.0184603207403894,0.150774376978712,0.000864628370209695,-0.374787342775112,-0.75406760290244,-0.573637898778018,-0.378839193842694,-0.616481705255144,-1.02805822230313,-1.19055239368475,-0.185769451549367,0.484530436637989,0.227491961640911,-0.127345388161738,-0.108786846318111,0.223123099423871,0.103212322371745,0.000480866141918987,0.0349290148369488,0.115671933158067,-0.766245395881508,-0.134567081977403,-0.0755029043348185,-0.649324864004419,-0.649324864004419,-0.143758563608534,-2.96681585941694,0.631402294588695,0.847922804503934,0.2516412638127,0.642978834258673,-1.10925319259914,-0.889021926166553,0,3918.0000000001,0.0140407891482494,0.00441953149213997,0.444134626743489,4.05838266387894,3276.29740080887,0.0156249651370217,336,2,"SNETWORK (2 13 3276.29740080887 0.444134626743489 100001423 336)",100
13,100001424,0.893725082838285,318,0,-0.0695595240108285,-0.110963835372034,-0.110383201657025,-0.109843962764069,-0.956378031309274,-1.15433908439949,-0.451294588730727,-0.346396819649354,-1.53802099332535,-1.62900913302139,-0.083551261191163,-1.53802099332535,-1.53802099332535,-2.92774157193708,0.607940435323823,0.847020996142967,1.76780619052273,0.414979661746451,1.07186858316222,-1.64670658682635,0.299300699300701,1.38452088452089,0.893725082838285,7,-0.259494669808554,1.02265446370207,1.03041798441217,0.410537764283873,0.887912338515523,-0.534393077377941,-0.343508210020915,-0.32069475701861,0.057486065936664,2060.0000000001,0.189332357628361,0.0358538234372284,709.0000000001,0.0406421565967522,0.229974514125114,0.00901782995520149,0.645659337065058,-0.943304551024095,-0.417487418608784,-0.747908411443437,-0.502742790458765,-0.768829910668131,-0.431816326054676,-0.757506225948612,-0.886764071261288,-0.541288135811769,-0.0346462083855041,-0.0491288719819347,0.0863338325878941,-0.0511635235166517,0.223123099423871,0.103212322371745,0.000480866141923511,0.0349290148369533,0.115671933158067,-0.03511522447144,0.213414072725719,0.447735852402398,-0.0351123306486762,-0.0351123306486762,0.926766154481347,-8.2342751291061,-0.0414775768103242,0.112974954389586,0.688640802014908,-0.197732534785748,-0.54670060999538,-0.699644920084807,3.67950032689592e-13,2060.0000000001,0.00742415738331984,0.00159367247188165,0.325254559995021,0.522612726315856,3179.07906479547,0.0156249651370217,318,2,"SNETWORK (2 13 3179.07906479547 0.325254559995021 100001424 318)",100
3,100001425,-0.414041459587008,81,-0.226804037760009,-0.273941878615531,-0.467885001197052,-0.45962963966976,-0.447550990366083,-0.341616060206406,-0.414532817259485,0.587391717371793,0.8427694873204,-0.0471141433334415,-1.19111059317646,-0.0918340606540269,-0.0471141433334415,-0.0471141433334415,-4.68229548192678,0.213779690741979,0.270680580854432,1.202895547475,0.0214711177238528,0.637577002053388,-1.16766467065868,0.37272727272727,1.11578624078624,-0.414041459587008,7,1.49519753890602,0.192608176189125,0.19213157511927,-0.776706882217382,-0.410042988394226,0.403690967064714,0.842578560302072,0.0159377775038066,0.0720726179822401,2594.0000000001,0.298906461556817,0.0553552084437233,1131.0000000001,0.100095863259664,0.399002324716481,0.0180962779251091,-0.399880420571806,0.257874375572982,0.384820491349053,-0.132037779068191,-0.799786101955491,0.323428717445229,-0.795823013042546,0.747443021342039,-0.374002310122976,-0.689607077097031,-0.716225444013399,-0.695908466847365,-1.35232779601338,-0.261365842404531,-0.183656619125852,-0.461007527196321,-0.897784372821835,-0.860982036160378,-0.83280147843515,0.66923873065932,0.882048370611502,-2.18180207492358,0.792057344543162,0.792057344543162,2.01613231464192,-2.35975531135625,0.29151808820615,0.0652703768602101,-0.0442338944463821,0.344026060569017,0.498851105562184,0.671665185900536,0,2594.0000000001,0.013556548512448,0.00453972931266116,0.439024836022906,2.36624843400205,1823.52683547757,0.0624998605480869,82,2,"SNETWORK (2 3 1823.52683547757 0.439024836022906 100001425 82)",100
3,100001426,-0.119524348451835,146,-0.226804037760009,-0.273941878615531,-0.467885001197052,-0.45962963966976,-0.447550990366083,-0.394606205723721,-0.461661917510521,0.541677648223647,0.68092931067457,-0.157942065479791,-1.2717696496521,-0.314999819497597,-0.157942065479791,-0.157942065479791,-4.45415274378511,0.14815597894303,0.220769740212495,1.05015033692684,-0.0333004514021365,0.0739219712525668,-0.0898203592814364,1.0005994005994,0.837837837837838,-0.119524348451835,7,0.333165349142215,-0.322156961562476,-0.319239461252305,-0.384041289508956,-0.116245671293847,-0.105809929316203,0.68265468149884,0.733428871697196,0.38565139548015,3639.0000000001,2.24373724486739,0.079479335118329,1264.0000000001,0.160618783911994,2.40435602867939,0.119398748327616,-0.392113294403691,-0.362925046733784,-0.0786539992384209,-0.0984168641581064,-0.0267708066838069,0.00562609305584859,-0.0298152086349725,0.514142705850801,-0.218229256332772,-0.404087075633808,-0.103823190334579,0.242335992343907,-0.878608341381683,0.537257792695588,-0.183656619125853,-0.461007527196321,-0.751834212897418,-0.690544926566656,-0.641104661755909,0.650660462189414,1.32121343677665,-0.638602374440884,0.766564104352105,0.766564104352105,-0.16662595261889,1.06316675953723e-11,-0.527205686090404,-0.353671600141948,0.288511648208929,-0.633059054694237,0.63688427862629,0.327866242981987,0,3639.0000000001,0.111422524448343,0.00797622377927338,0.699132947535123,2.2949058637023,2198.57690885565,0.0624998605480869,147,2,"SNETWORK (2 3 2198.57690885565 0.699132947535123 100001426 147)",100
41,100001427,-0.524387562442053,92,-0.886598059773572,-0.0928456434617663,0.315622755524543,0.310024668600395,0.31737100022456,0.977730558647912,1.12807575318984,0.586189975443215,-0.187958330089132,0.60537715479123,0.528536333924344,0.309427306545929,0.60537715479123,0.60537715479123,0.538138973182246,-0.549640590482139,-0.681637382360451,0.0132738089264232,-0.723204697506233,-0.720739219712526,0,-0.434965034965035,-0.700859950859951,-0.524387562442053,10,-0.467660840695893,1.17199828798235,1.18293608857099,0.810543831542409,-0.522417809250623,0.500386950477666,-0.183985445289398,-0.6204124606102,0.151928426513925,761.0000000001,0.739399641813795,0.100370499429532,1700.0000000001,1.0912155483286,1.8306151900424,0.0699339433905684,0.00243130371595351,-0.0032010891886263,-0.234923068663805,0.276404419512661,0.793036017768711,0.145262207118375,0.665324913973998,-0.0389964515304128,0.58464186361861,0.481162188845945,-0.409601665625519,-0.837314651824416,-1.33924730824954,-0.381446083465333,-0.658232714974315,-1.30374704394875e-15,0.102215627178161,0.139017963839617,0.167198521564845,-0.0120125837764473,-1.3069585022505,0.0517825603554971,-0.0120769178963551,-0.0120769178963551,4.41249566620171,1.06316675953723e-11,0.515815755995771,0.395185375358309,0.0630247867557992,0.56377454419896,0.367602344303509,-0.0908626054450366,0,1700.0000000001,0.0282468608895932,0.0416870824009752,0.258483069865309,1.41403038334101,2199.50767223839,0.0625,1298,2,"SNETWORK (2 41 2199.50767223839 0.258483069865309 100001427 1298)",100
28,100001428,-0.381990020648477,167,-0.790377993358492,-0.853832397374456,-0.715996162004961,-0.715344983900652,-0.711097017555422,0.769890572187948,0.784952620724385,2.04514201579234,-0.419159662340981,0.491215393353664,0.123210452682247,2.78342756356286,0.491215393353664,0.491215393353664,-0.00467607848241091,-0.832123492084633,-0.899928178098283,0.728305998233792,-1.2102320841975,0.468172484599588,-2.26546906187625,-1.53286713286713,0.194922194922195,-0.381990020648477,8,0.569610033026163,-2.74756276017134,-2.62743790213357,-0.64156193670141,-0.378598590007661,0.720836515298099,-0.416060094729271,0.423071369285325,5.49775812406179,4816.0000000001,42.331813377593,0.0518142294552457,394.0000000001,0.0326392395673206,42.3644526170604,3.24469137990409,-0.140560329418303,-1.38324635633242,-0.181378855228617,0.997175766035363,1.87722548228135,1.39099425769069,3.14995377008431,0.211459783995144,1.0509836983031,0.55410598532464,0.426621670572875,0.283813025371478,-0.042719639822808,0.403340751598772,-0.471792152073761,-0.752292666128179,-0.897784372821835,-0.860982036160383,-0.83280147843515,0.30410296499045,0.97997947649634,-0.789878779100821,0.32941997597609,0.32941997597609,-0.69716369941549,-0.33716540099255,-0.0512365089092232,0.00669002198195628,0.0151003468613257,-0.0457073634985839,0.511626814833878,0.500255164865037,0,4816.0000000001,3.2421915420297,0.00249983777438395,0.0126750980374009,0.130075576791349,1626.21809067114,0.125,708,2,"SNETWORK (2 28 1626.21809067114 0.0126750980374009 100001428 708)",100
29,100001429,-0.472291255341963,153,-0.790377993358492,-0.853832397374456,-0.715996162004961,-0.715344983900652,-0.711097017555422,0.579420325380452,0.55967875977093,1.77434085267698,-0.236362069525948,1.18792903795769,-0.221349847017713,3.54086909608169,1.18792903795769,1.18792903795769,0.121778336578899,-0.785418126997323,-0.868257775322583,0.876150172831377,-1.17841491285239,-0.720739219712526,0,-0.434965034965035,-0.700859950859951,-0.472291255341963,8,0.280236642439997,-0.529313756206403,-0.523078589146094,-0.3638850190525,-0.467879986263122,2.13566205311587,-0.233547160308405,-1.72776777813206,0.3840702674783,4242.0000000001,2.60481040239107,0.052308314154915,103.0000000001,0.00861395736563879,2.61342435965671,0.134619666015395,0.31342952696695,0.259620698386904,1.68770076203529,2.25144120049323,0.837855073803417,1.55072751574522,0.94585381702278,0.552022072190985,0.738996889965198,0.585460749424021,-0.291774312661873,-0.356143455695161,-1.00720688654342,-0.0610783025583169,-0.471792152073761,-0.752292666128177,-0.897784372821835,-0.860982036160378,-0.83280147843515,0.736444147618714,1.00773236774559,-0.858249097815194,0.886147328590581,0.886147328590581,2.78691748901777,1.06316675953723e-11,-0.151927846121254,-0.200355694212243,-0.864884273533046,0.0565978570371289,0.857287229295994,0.695653469855187,0,4242.0000000001,0.134175953800648,0.000443712114746828,0.928343483667583,1.14265889276356,1549.67873924671,0.25,948,2,"SNETWORK (2 29 1549.67873924671 0.928343483667583 100001429 948)",100
41,100001430,0.248127217609748,219,-0.419244275461604,0,0.315622755524543,0.310024668600395,0.31737100022456,1.00183639919062,0.891823124331465,-0.43028364898653,-0.478069323359083,0.626350217354325,0.747527738887926,0.278011275540289,0.626350217354325,0.626350217354325,0.416079877096745,-0.703132087420671,-0.833183425413867,-0.336129860487981,-0.852750199487722,-0.720739219712526,0,-0.434965034965035,-0.700859950859951,0.248127217609748,10,-0.439503656891156,-0.134884683064771,-0.133990246139713,0.523174646412071,0.247543374364445,0.345920882800512,-0.474512669022081,0.195283652474928,0.151714900625653,1033.0000000001,1.00226853763626,0.0948992271717952,894.0000000001,0.542569945698047,1.5448384832343,0.0742225989785156,-0.0990553919351321,-0.104817330274623,0.0501360165523939,0.617125673794537,0.878450618643547,0.363300825796419,0.925373399321522,-0.374580420107851,0.802830428498977,0.359322520437901,0.637001818433261,0.724670448244187,0.0377382093526539,1.33149236556387,0.562105955755759,0.451834062908153,0.102215627178161,0.139017963839617,0.167198521564845,0.128229810563315,-0.182539410572259,0.179496152864194,0.133221462527779,0.133221462527779,-0.185900327786892,1.06316675953723e-11,-0.489200752166944,-0.453023423049306,-0.162988606475472,-0.482361271325675,0.0802132117433894,-0.297838457981801,0,1033.0000000001,0.0481545329445568,0.0260680659339588,0.679865598807309,0.00511496118269861,2915.81318883892,0.0625,1425,2,"SNETWORK (2 41 2915.81318883892 0.679865598807309 100001430 1425)",100
29,100001431,-0.433093048083805,158,-0.790377993358492,-0.853832397374456,-0.715996162004961,-0.715344983900652,-0.711097017555422,0.560263273502979,0.542509011754241,1.76295776222528,-0.250638572259015,1.13897075276239,-0.174556869893401,3.51213920000457,1.13897075276239,1.13897075276239,0.102330885052985,-0.799128877097697,-0.877135715870226,0.957932137034315,-1.21067204271122,-0.720739219712526,0,-0.434965034965035,-0.700859950859951,-0.433093048083805,8,0.568731952417865,-2.40144880082553,-2.30923994739704,-0.626506229717531,-0.431220278217734,-0.211969612556154,-0.247783693959011,0.916287590841228,0.174038864499565,4974.0000000001,1.38403409044666,0.0742522872745554,427.0000000001,0.0506911888969777,1.43472527924363,0.103224046492226,1.31497791071727,-0.0271863428277488,-0.633136471083854,0.448953018211358,1.63361574267844,0.429743605905002,2.57485191684981,0.0245342026417768,3.5007519364512,2.57717612458211,0.981992597244573,0.45365058751471,-0.675678227659724,0.676008429250286,-0.471792152073761,-0.752292666128179,-0.897784372821835,-0.860982036160378,-0.83280147843515,0.170519777638,0.980739669968497,-0.680471509773641,0.17893725623859,0.17893725623859,-0.253811130429968,1.06316675953723e-11,-0.97599717642836,-0.933296405637451,-0.628321990426777,-0.903106019280114,0.42657765291933,0.165068845251151,0,4974.0000000001,0.0995769721403667,0.00364707425185924,0.958215511522849,1.02479815483093,1577.39146345212,0.25,953,2,"SNETWORK (2 29 1577.39146345212 0.958215511522849 100001431 953)",100
3,100001432,-0.685834270099096,12,-0.494845044588713,-0.486027089260215,-0.640656641110964,-0.630828421199535,-0.621755757978306,-0.305437464270588,-0.393523643658364,0.670465285064029,1.20824674779816,-0.000259366022443129,-1.14896925407281,0.388197050662673,-0.000259366022443129,-0.000259366022443129,-4.84966297650889,0.267744721538042,0.261476919505928,1.10217651378998,0.107942109432273,0.0221765913757709,0.149700598802395,1.22237762237762,0.834152334152334,-0.685834270099096,7,0.022793553423928,4.01107989938729,4.16609553732656,0.00562779770706543,-0.68127741286027,0.145641303789069,1.20712791769019,-0.31576152977032,0.396040083438635,3268.0000000001,2.06926554042184,0.156424731325514,5316.0000000001,1.3294910685449,3.39875660886674,0.0793908094557821,1.37961398428193,1.42709402106957,0.76434120498267,-0.0214408360628704,-1.14995567120436,-0.752426154095153,-0.586671846776394,0.304387349294259,-0.570695994406429,-1.48620414839907,0.290383246823332,0.0146212416482519,0.200057594649512,-0.0714488688317498,-0.471792152073761,-0.752292666128177,-1.48074956831334,-1.42385789878099,-1.44749212629167,-0.635684001306019,-0.647674680717558,0.184669483791892,-0.554446217563641,-0.554446217563641,0.62997380073692,-11.7888238169658,0.512611570683527,0.384513028876308,-0.721511347549101,0.74979308982797,-0.910383829451157,-0.692031589589038,0,5316.0000000001,0.0483355194056662,0.0310552899501159,0.14889708491712,1.48070631290988,1405.19142214259,0.0624998605480869,13,2,"SNETWORK (2 3 1405.19142214259 0.14889708491712 100001432 13)",100
29,100001433,-0.714116091578191,106,-0.790377993358492,-0.853832397374456,-0.715996162004961,-0.715344983900652,-0.711097017555422,0.597443106527023,0.5595514089358,1.83857575747397,-0.0672800790400893,0.961227894992019,-0.109320630914456,2.81004635546392,0.961227894992019,0.961227894992019,0.058956428348504,-0.669777153453565,-0.791536451757276,0.24533346417395,-0.91714471537357,1.05602816075095,-3.18648417450813,-1.88851148851148,0.604422604422604,-0.714116091578191,8,0.226348680081553,0.0864169641682273,0.0860876549805164,-0.27057301517701,-0.715419210508127,-0.615356340831463,-0.0377838899922039,0.264649450668046,0.115955540491265,2562.0000000001,0.474969142225775,0.328258852778952,1466.0000000001,0.769387601041145,1.24435674316692,0.0575003924546034,-0.232750395555422,-0.179045373320873,-0.494335113670023,-0.914245426391769,-0.641796099953116,-0.678628712913518,-0.650784147051233,-0.341566138384447,-0.617084616952322,-0.566742947407455,-0.0492521435487474,-0.336745314846624,-1.20275861757642,0.0313452194390441,-0.471792152073761,-0.752292666128179,-0.897784372821835,-0.860982036160378,-0.83280147843515,0.825852921823708,0.780992440684353,-2.63566080780036,1.01599125719095,1.01599125719095,-0.477505562107759,1.06316675953723e-11,-0.157802917484895,0.119484164531415,-1.53275499049432,0.211507490815414,-1.05859587866844,-0.619450741396576,0,2562.0000000001,0.021947815351769,0.0355525770028344,0.649062323643237,0.0804293973487802,1290.58545635946,0.25,901,2,"SNETWORK (2 29 1290.58545635946 0.649062323643237 100001433 901)",100
3,100001434,0.173703921752478,203,-0.226804037760009,-0.273941878615531,-0.467885001197052,-0.45962963966976,-0.447550990366083,-0.40823052831268,-0.481811021172056,0.515232448886011,0.504836821070503,-0.812807614731129,-1.23658830125057,-0.679715258163895,-0.812807614731129,-0.812807614731129,-4.85151435073988,0.229115253176442,0.322885740456949,1.26202957057366,0.0299799983211001,0.0739219712525668,-0.0898203592814364,1.0005994005994,0.837837837837838,0.173703921752478,7,-0.268481733592088,1.13189989873878,1.14193668183262,0.442407754508844,0.173187935797235,0.145510850058062,0.509196972644322,-0.106158142177051,0.0943197890968671,1633.0000000001,0.246254423095698,0.335103305564374,5590.0000000001,2.99492226170205,3.24117668469775,0.124690975649769,-0.434029400518797,0.696095000916677,0.260944614562573,-0.0446242802608974,-0.468118832383536,-0.118947955602844,-0.394329921684547,0.359937158860492,-0.529984582052131,-0.886962816729715,-0.441898436805976,-0.290290371378434,-1.16205918882381,-0.079748698052213,0.223123099423871,0.103212322371746,-0.751834212897409,-0.690544926566652,-0.641104661755904,0.689881975161081,0.0619711293657045,-0.388554803290158,0.82064490782839,0.82064490782839,-3.00313151642236,-9.93139356628193,0.362881513905659,0.454551475003294,0.389004725337553,0.31752467002342,0.419241643976159,0.446638877386483,0,5590.0000000001,0.00947362863082852,0.115217346918941,0.925856803656245,0.599021424655803,2525.49020033444,0.0624998605480869,204,2,"SNETWORK (2 3 2525.49020033444 0.925856803656245 100001434 204)",100
12,100001435,0.478342794934907,260,0,-0.0695595240108285,-0.467885001197052,-0.45962963966976,-0.447550990366083,-0.696639740826516,-0.814933815199748,-0.0643420665636948,0.0263010886154604,-1.23735876945738,-1.7324262184627,-0.0765843816587632,-1.23735876945738,-1.23735876945738,-5.47556976485659,0.507544966067199,0.65667736827239,1.73283847772244,0.29480991241437,0.184804928131415,-0.778443113772456,0.103496503496504,0.51023751023751,0.478342794934907,7,-0.57505315138314,2.11963658985679,2.16181535201742,1.23880349400381,0.476699152069542,0.446489215686021,0.0282928675584669,-0.645729290573097,0.0627631951111922,2902.0000000001,0.291204100599635,0.0399264608462154,2183.0000000001,0.139350837945292,0.430554938444927,0.013946321986315,0.125547467874608,0.305320918875749,0.358231620405946,-0.106730855039011,-0.710895097302108,-0.124759672140676,-0.503661381937648,0.0307207331952025,-0.322561107695904,-0.346569251997518,0.56466553070339,0.82110941621107,0.0689723356345365,1.73806583030647,0.223123099423871,0.103212322371745,-0.439387439525369,-0.389247625231551,-0.326805974249615,0.206259874608968,0.239483231090596,0.28169055879162,0.218283098673116,0.218283098673116,0.133587982064009,-3.57468300151264,-0.512465450801901,-0.443749506547359,0.240672460658217,-0.605358219674025,0.617344789419952,1.07126132153854,0,2902.0000000001,0.00943253870410654,0.00451378318220845,0.794949428172142,1.68721994719669,2855.53441354702,0.0312499302740435,260,2,"SNETWORK (2 12 2855.53441354702 0.794949428172142 100001435 260)",100
37,100001436,0.526868140508511,125,1.29896932353205,1.22104076566898,1.45807027539656,1.42805593959054,1.43873085382348,0.187638481646012,0.111563383047905,-0.467832542129957,0.549477538660174,-0.502069826699936,0.649415344934442,-0.960319033258579,-0.502069826699936,-0.502069826699936,-0.546991440879883,-0.652564420604396,-0.708008539290568,-0.549129063181619,-0.750005888354719,1.28439425051335,-2.76197604790419,-0.927972027972028,1.1480343980344,0.526868140508511,12,1.19491520303586,0.744958086973573,0.748159811281269,-0.702694867666821,0.52376431243661,-0.0147021929530791,0.550089496692317,0.0277624229649206,0.104485079579927,269.0000000001,0.179747814883667,0.0653803841587348,581.0000000001,0.242929726857938,0.422677541641605,0.017399287644565,1.84113858665122,0.343346955545405,-0.554492744067053,0.212178301561751,1.13945827955217,-0.166161512522683,1.02930553748771,0.356823311218443,0.972428985381148,1.71749812686921,-1.76583113373235,-1.80498290075098,-1.67925990841581,-0.478016706571495,0.528207847926239,1.07109749798066,2.19258446122347,2.15155944355969,2.28302402457116,-1.06349665687153,-0.346535692721649,0.372031304294938,-0.844919538104662,-0.844919538104662,-1.80694891764284,1.06316675953723e-11,1.21861650748862,1.25838515901437,0.562747290317762,1.21278916607221,-1.17809518332547,-1.85492502434721,0,581.0000000001,0.00739921951736907,0.0100000680271959,0.737324424515996,1.09784439858049,4980.18064167648,0.0312499339939208,1173,2,"SNETWORK (2 37 4980.18064167648 0.737324424515996 100001436 1173)",100
43,100001437,0.33803114043733,162,0.12371145778112,0.869954874556633,0.965149594579297,0.947078472655203,0.966783102940535,0.113505336163428,0.0554169144595431,-0.479530585898075,-0.512757460466727,-0.115388519842595,0.836904808208937,-0.302515551194028,-0.115388519842595,-0.115388519842595,0.0584491645814786,0.607458650335377,0.463606730620427,-0.435846652253484,0.817783427948194,0.147843942505134,-0.958083832335329,-0.581818181818182,-0.163390663390663,0.33803114043733,11,-0.587616621125033,-0.289041502591793,-0.286548585886499,0.785619837039969,0.333681724037732,-0.152566270567187,-0.509346259460487,-0.528026171765577,0.0316953871157401,3.0000000001,0.0937099657052492,0.0533159964254418,7.0000000001,0.367810424749483,0.461520390354732,0.022785214888895,0.0365294079697402,-0.637172289397593,0.0205141430558362,-0.148298956898425,-0.260214722184851,-0.0500964923046799,-0.282426045768485,-0.660237956222343,-0.283250872301286,-0.11069168126203,-0.300324147235036,-0.631316068219926,0.0218388689417002,-0.317596481997811,-0.353148128111645,0.538992472803681,2.19258446122347,2.15155944355969,2.28302402457116,-0.172592967061325,0.649597093650351,-1.16848039597629,-0.1671653323155,-0.1671653323155,0.715241116869305,1.06316675953723e-11,0.493377837625887,0.389013622521911,-0.0776443404955213,0.573182325586323,-0.0662245472807547,0.0384440821670764,0,7.0000000001,0.0046264514835348,0.0181587633053602,0.633789231815943,0.941784277084431,3722.06256829312,0.0312500660060792,1631,2,"SNETWORK (2 43 3722.06256829312 0.633789231815943 100001437 1631)",100
28,100001438,-0.273233165257051,179,-0.790377993358492,-0.853832397374456,-0.715996162004961,-0.715344983900652,-0.711097017555422,0.765571648621244,0.775365132480384,2.02531626570661,-0.42741291114113,0.448932840534412,0.0927702121335356,2.85521091717441,0.448932840534412,0.448932840534412,-0.00160510967027185,-0.875079605211809,-0.94751751000573,0.708847518645258,-1.26082553245683,0.468172484599588,-2.26546906187625,-1.53286713286713,0.194922194922195,-0.273233165257051,8,0.143423063287157,-0.473994131667454,-0.468757364439055,-0.253871169155859,-0.273749147278651,-0.454703433125553,-0.422274346945577,0.877208799603372,0.0975825166032413,514.0000000001,0.0801917883724243,0.0930146256840663,6367.0000000001,0.946849289786463,1.02704107805889,0.0523887834207922,-0.281488255443168,-0.230101123984112,-0.856558611216296,-0.0515099588627886,1.26659875050863,-0.347461884259489,1.41644257464067,-0.640647723948002,1.33869619599914,0.685814170100883,-2.3533866497784,-2.30659514710471,-0.045794786445138,-0.488617979962243,-0.471792152073761,-0.752292666128179,-0.897784372821835,-0.860982036160378,-0.83280147843515,-2.2582702524702,-0.129694250562849,-0.132718135381099,-1.40651862974931,-1.40651862974931,4.88049508860079,1.06316675953723e-11,0.759717892156099,0.711681361118216,0.0874895425902556,0.824996612180423,0.372797966245119,0.25088924560849,0,6367.0000000001,0.00409053767183307,0.0482982456489591,0.0971774392146901,2.1841543234607,1693.30300541806,0.125,720,2,"SNETWORK (2 28 1693.30300541806 0.0971774392146901 100001438 720)",100
17,100001439,-0.291489931559916,165,0.152577399052067,0.406018494492994,0,0,0,-0.278898551586517,-0.280913972316738,0.0635002763183291,0.971629929706026,0.464824320098633,-0.172483667255292,-0.0235207800816339,0.464824320098633,0.464824320098633,0.448214168292141,0.02969747730234,0.068079151107804,-0.231999823207877,0.0520733646825372,-0.443531827515401,0.0161216029479497,0.044324905863371,-0.265923265923267,-0.291489931559916,9,-0.0895432653847956,0.634386619152515,0.636268114017392,0.113237839555558,-0.290892711169429,0.891501718124486,0.976626057636775,-1.48972661644447,0.106090025740839,2010.0000000001,0.340931544940021,0.131820164758527,1781.0000000001,0.375355119780638,0.716286664620659,0.0300622725259069,0.888191539588722,-0.102662422009522,1.01417999853262,0.563384034887824,-0.693031886181573,0.549352915190987,-0.637752053677884,0.912809016070051,-1.60851322678251,-3.68450509699499,0.153403048035016,0.0859681691851615,-0.747866177481304,0.299854541976035,0.121428129376515,-0.277526342387342,0.102215627178161,0.139017963839617,0.167198521564845,0.476133256155136,0.861764947156181,-0.0821656503129364,0.537576935232704,0.537576935232704,-0.560198323065364,1.06316675953723e-11,-0.220652742669507,-0.173874751280788,-0.220576139006849,-0.174324288337632,1.35052092703528,0.82543717014692,0,2010.0000000001,0.01430876419628,0.015753508229627,0.574777107772909,0.775941589847207,2084.06331384369,0.125,584,2,"SNETWORK (2 17 2084.06331384369 0.574777107772909 100001439 584)",100
41,100001440,-0.612801565772492,72,-0.886598059773572,-0.0928456434617663,0.315622755524543,0.310024668600395,0.31737100022456,0.984895154416961,1.15298100666964,0.732753220478184,-0.145384326386584,0.508352964872335,0.48381885256195,0.350053112759849,0.508352964872335,0.508352964872335,0.544694200209201,-0.467784409760208,-0.604712821931516,0.0534090514367946,-0.627355307923065,-0.720739219712526,0,-0.434965034965035,-0.700859950859951,-0.612801565772492,10,-0.0470879470032297,0.807297327624749,0.81136905710341,0.0833410081689342,-0.613707519787378,-0.638696869521356,-0.119267348560589,-0.180096398463713,0.0759988325120752,672.0000000001,0.326611695901505,0.136055670144486,2601.0000000001,2.26314581745159,2.5897575132531,0.105448707997525,-0.47804392083555,-0.235013169615274,-0.239625680244162,-0.809319413425169,-0.883241290092284,-0.855852265739428,-0.788457685431731,-0.532622088054594,-0.982766186704266,-0.829578772997766,-0.797211275393109,-0.73442223752214,0.139276679791829,-0.35932070821458,-0.658232714974315,0,0.102215627178165,0.139017963839617,0.16719852156485,0.0329607543057818,-0.0159187329157931,0.120794431034546,0.0334849741839143,0.0334849741839143,-6.3609817166414,1.06316675953723e-11,-0.0960245322468309,0.032867736681357,-1.21286413318516,0.201890518345036,-1.01810973656761,-0.623517925555392,1.2453209977558e-12,2601.0000000001,0.0132988440545369,0.0921498638429885,0.19384896547634,0.77546708099544,2089.63656379306,0.0625,1278,2,"SNETWORK (2 41 2089.63656379306 0.19384896547634 100001440 1278)",100
37,100001441,0.0814185503627964,34,1.29896932353205,1.22104076566898,1.50580654500643,1.48232234240258,1.49987706507974,0.0837879173023223,0.0154984513779521,-0.489177669239481,0.698001244261543,-0.311055714447847,0.603178083118759,-1.08349714152719,-0.311055714447847,-0.311055714447847,-0.509266548069397,-0.527201025803824,-0.564943358044843,-0.420218615791322,-0.615558316194379,0.170020533880904,-0.850299401197607,-0.17062937062937,0.240786240786241,0.0814185503627964,12,-0.210812117941625,-0.284898475899594,-0.282456645360154,0.146176435069688,0.0828805096338,0.706858081943391,0.698243844180755,-0.476682029359227,1.11865655701079,575.0000000001,4.11359639935636,8.38289995428329,112.0000000001,6.0043965628349,10.1179929620913,0.499159148335342,-0.229035108839455,-0.253242050796421,-0.0700847857121317,0.670891395787666,1.15549802595679,0.674492106476669,1.24985927539081,0.849642424248143,1.2168482716215,2.37633900871137,0.00449373417316138,-0.191052829956409,0.260764140859078,-0.0288130681514452,0.528207847926239,1.07109749798066,2.45049143062517,2.4151438246421,2.55283323355612,0.558054599704028,-1.29105426175973,1.03142113968775,0.642738328196269,0.642738328196269,1.1751511928475,-2.31609326462411,0.301956163043013,0.404476609695974,0.80127923404433,0.151199386859484,0.406569508865594,0.509958312398499,0,575.0000000001,0.202939385562951,0.296219762672391,0.195327275421323,0.138000223700426,4429.99018538837,0.0312499339939208,1082,2,"SNETWORK (2 37 4429.99018538837 0.195327275421323 100001441 1082)",100
43,100001442,-0.215678665267429,65,0.12371145778112,0.869954874556633,0.545150200838989,0.54037036033024,0.554967563992924,-0.328107619406642,-0.320108121658175,-0.648459500826649,-0.244639508100929,-0.622680453647497,0.473554513129558,-0.535651254248569,-0.622680453647497,-0.622680453647497,0.304196408125765,0.692482925332164,0.488691327487378,0.197563179193817,0.809017936383382,-1.14579055441478,2.23053892215569,2.01958041958041,-0.227886977886978,-0.215678665267429,11,0.489222000029448,1.40053693232886,1.41728235849341,-0.355812628371896,-0.218090295576281,-0.908295078638745,-0.242009762453009,0.510699214808846,0.179646552454097,5.0000000001,0.885232512213087,0.215318910877569,2.0000000001,0.424405139626149,1.30963765173924,0.0480753906180914,1.60152839334371,2.52767252582056,-0.147655323809836,-0.977362853986997,-1.1720788796638,-1.33900297262403,-0.942886308304955,-1.01927263668775,-0.966930039063169,-0.714294477451855,0.445035232424472,0.312987510681695,0.115051385066235,0.251693024485903,-0.353148128111646,0.538992472803682,0.102215627178165,0.139017963839622,0.16719852156485,-0.148627968632796,-1.12496188586654,0.175018448739753,-0.144752077195928,-0.144752077195928,0.367751084618476,1.06316675953723e-11,0.173935764847043,-0.119948395319553,0.723984424233423,0.0296589489290776,-2.1678275681925,-2.64125563045913,0,5.0000000001,0.0324959340210471,0.0155794564970442,0.256600266260761,0.245228470303118,3171.86876991789,0.0312500660060792,1536,2,"SNETWORK (2 43 3171.86876991789 0.256600266260761 100001442 1536)",100
17,100001443,-0.556339673414108,122,0.152577399052067,0.406018494492994,-0.358045591966192,-0.357303355798844,-0.355675841278248,-0.137884427526957,-0.123115271674784,0.200845256309968,1.124548615022,0.658247352399054,-0.0519538695334731,-0.0603411046675163,0.658247352399054,0.658247352399054,0.481567822798805,-0.0170391117590935,0.00381220448188551,-0.36339742309657,0.0172083130595702,-0.596303901437372,0.141716566866268,0,-0.395577395577396,-0.556339673414108,9,-0.00177246178166917,-0.0505473205088156,-0.0502667622908699,-0.0727312161808529,-0.553707440730157,0.416452445261801,1.14082195209854,-0.772273872157704,7.73533052355153,1671.0000000001,20.6657846709038,0.205313663914658,1781.0000000001,0.584626298002568,21.2504109688064,1.00592594777766,-0.068492290306814,0.0234170339122786,0.808609315361307,0.702328391582417,-0.171579843896131,0.396992671576685,-0.17853462607635,0.903107201119972,-0.29009636195277,-0.652870976358454,-0.868599412491065,-0.542688408787117,0.193914003205949,-0.331196947913648,0.121428129376515,-0.277526342387342,-1.4058558810172,-1.37829262321507,-1.40813399619979,0.0536689589641487,-0.37100477004784,0.329344741814227,0.0547882423819996,0.0547882423819996,2.04792596466736,1.06316675953723e-11,0.655629111583614,0.510588632398193,-0.294487930809181,0.803272059767519,0.453907850463934,-0.184645050966658,0,1781.0000000001,0.97825162346713,0.0276743242105271,0.423463524187404,0.741089119575918,1832.10711393283,0.125,541,2,"SNETWORK (2 17 1832.10711393283 0.423463524187404 100001443 541)",100
41,100001444,0.478342794934907,249,0.680412427894334,0.334368660703197,0.315622755524543,0.310024668600395,0.31737100022456,1.06805644976238,0.98944179522839,-0.59371807997322,-0.60953016653904,0.811378633724772,0.964306613896519,1.48693824629985,0.811378633724772,0.811378633724772,0.402259194513329,-0.66327532086848,-0.78915695751478,-0.231111834153739,-0.821727382676711,-0.720739219712526,0,-0.434965034965035,-0.700859950859951,0.478342794934907,10,-0.251502239198234,-1.02072422965028,-1.00192770069083,0.146180622650523,0.475567986149223,-0.204955799316302,-0.605961972576464,0.264725750434846,0.154713328988141,1246.0000000001,1.2328246585425,0.0399944759588436,157.0000000001,0.0401564398327705,1.27298109827527,0.0715399334323419,3.32712613161321,0.749368979800898,-0.547270224533836,0.12390788485749,0.963183712924816,0.0763548806621735,1.18594340985685,-0.86624060970099,0.0728182251719767,0.0424763653582461,-0.606639053365376,-0.405409519245441,-0.0342943573196496,-0.223107849950342,0.562105955755759,0.451834062908154,0.102215627178161,0.139017963839617,0.167198521564845,-0.0912970637400179,0.562437227451628,-0.458270500623888,-0.0901040377410538,-0.0901040377410538,-0.144202123056107,1.06316675953723e-11,-0.357956175186761,-0.145738629148951,0.0754454083822455,-0.396217524197754,0.294903960095158,0.833156488980623,0,1246.0000000001,0.0692831920300048,0.00225674130233712,0.778051004705476,0.0478178465894705,3082.71794417158,0.0625,1455,2,"SNETWORK (2 41 3082.71794417158 0.778051004705476 100001444 1455)",100
3,100001445,-0.658050915699346,19,-0.494845044588713,-0.486027089260215,-0.640656641110964,-0.630828421199535,-0.621755757978306,-0.304116866472842,-0.390724881498779,0.667556502190482,1.19023594857556,-0.00146557479532267,-1.14812523244401,0.376122217919614,-0.00146557479532267,-0.00146557479532267,-4.86367991957278,0.266057034386332,0.263249943801883,1.14998006805896,0.0970625486009017,0.0221765913757709,0.149700598802395,1.22237762237762,0.834152334152334,-0.658050915699346,7,-0.149829288657571,0.0323419605391626,0.0321965663661449,0.109578170018569,-0.656440923525756,-0.198352196971571,1.18923159512209,-0.310368467321161,0.972558241501182,2634.0000000001,4.09568382899583,0.0628520813671841,89.0000000001,0.008943442296531,4.10462727119236,0.191484245863045,0.338239397646879,0.939588982668178,-0.110011476481792,1.07252873304701,1.77780025707091,-0.175183860592124,1.81900778689684,0.629950309949709,1.6323274344006,4.21646952302352,-0.450330171470717,-0.310181880191711,0.302952219665296,-0.314147129243815,-0.471792152073761,-0.75229266612818,-1.48074956831335,-1.423857898781,-1.44749212629168,-1.17933697289707,-0.119152955810393,-0.18151154655689,-0.914084888735877,-0.914084888735877,-0.70576747171826,-12.8357217653313,1.00189323977988,0.699055188004199,-1.28773322086281,1.42246323685881,-1.21054382552382,-0.645863415295512,0,2634.0000000001,0.191067026812231,0.000417218950814108,0.177597446787215,1.03540758575766,1446.57449459957,0.0624998605480869,20,2,"SNETWORK (2 3 1446.57449459957 0.177597446787215 100001445 20)",100
41,100001446,-0.172313528683929,159,-0.886598059773572,-0.0928456434617663,0.315622755524543,0.310024668600395,0.31737100022456,0.973241377352814,0.977027510783787,0.0531391616609871,-0.30663487727091,0.816060500309233,0.567159852338124,0.403051086376518,0.816060500309233,0.816060500309233,0.501313154270321,-0.793671550722326,-0.920381758993955,-0.293546333242992,-0.974690216936834,-0.720739219712526,0,-0.434965034965035,-0.700859950859951,-0.172313528683929,10,0.0429568567970819,1.84379679023595,1.8749714057546,0.108830991545128,-0.175170431496629,-0.857614436297216,-0.303844663297912,0.260566831258502,0.150312584711927,2235.0000000001,2.14846562442735,0.258626284957705,283.0000000001,0.468074127247229,2.61653975157458,0.0889152597969511,-0.415233871983077,-0.498263492504106,-0.422597131530891,-0.896834454861248,-0.734742772933862,-1.33478420879007,-0.546435674232127,-1.09810641300897,-0.54780351155909,-0.362246940359925,-0.638659483241267,-0.668573527705334,-1.23348810938099,-0.366697708965785,-0.658232714974315,-1.30374704394875e-15,0.102215627178161,0.139017963839617,0.167198521564845,-0.00767325484319544,-0.864131395184538,0.80983256595364,-0.00772241156253322,-0.00772241156253322,0.0678798018104664,1.06316675953723e-11,-0.561278501280121,-0.499428095873683,0.450890218773817,-0.709604440026374,0.322498344766091,1.19705639262424,0,2235.0000000001,0.0730091636595167,0.0159060960374345,0.483094158716752,1.525329429617,2581.32265265037,0.0625,1365,2,"SNETWORK (2 41 2581.32265265037 0.483094158716752 100001446 1365)",100
37,100001447,0.54195165407504,128,1.29896932353205,1.22104076566898,1.45807027539656,1.42805593959054,1.43873085382348,0.190148374182323,0.114731969221033,-0.464986923183229,0.54541214462764,-0.501965720124155,0.657665265891998,-0.96472036025085,-0.501965720124155,-0.501965720124155,-0.548882534483927,-0.656904290612427,-0.712935634368209,-0.55649744721055,-0.754129373483843,1.28439425051335,-2.76197604790419,-0.927972027972028,1.1480343980344,0.54195165407504,12,1.20080594320202,2.52217851359593,2.58307151385028,-0.702694867666821,0.538114718675334,-0.472960633920079,0.54622161100078,-0.04044098573989,0.260709831336473,395.0000000001,0.658584592294655,0.0956942141257784,980.0000000001,0.599748012478294,1.25833260467295,0.0380103692143486,1.043796581769,1.12472233250717,0.251059638481498,-0.639372135411669,-1.31193231431701,-0.990450822946071,-0.867588476493621,-0.136976191788343,-0.882691939366607,-1.54427923295303,0.178577569651721,0.0165242080400597,-1.05218430299851,-0.0274288254475577,0.528207847926239,1.07109749798066,2.19258446122347,2.15155944355969,2.28302402457116,-0.529911027036158,-0.863982721904275,0.302940805536612,-0.473222732069645,-0.473222732069645,0.273538614823731,1.06316675953723e-11,-0.0668080794126355,-0.0949996782760261,0.0558274596260102,-0.0726007296107594,-0.863760055858067,-1.13847959472657,0,980.0000000001,0.0198938208796054,0.0181165482347432,0.757387505579667,0.56770791678783,5000.54701397827,0.0312499339939208,1176,2,"SNETWORK (2 37 5000.54701397827 0.757387505579667 100001447 1176)",100
43,100001448,0.290201090629059,152,0.12371145778112,0.869954874556633,0.965149594579297,0.947078472655203,0.966783102940535,0.115898326156617,0.0642921453122394,-0.443475765261397,-0.508188616745523,-0.118990075828288,0.815565029815706,-0.278256312141744,-0.118990075828288,-0.118990075828288,0.0670495009851071,0.623093277871569,0.476449825566014,-0.408087818448091,0.832411582541956,0.147843942505134,-0.958083832335329,-0.581818181818182,-0.163390663390663,0.290201090629059,11,-0.4170121040438,0.197608834820434,0.197132239988079,0.539418341106902,0.285714196995869,-0.773391898438265,-0.504882734451929,0.31664450500299,0.0276138094322516,1.0000000001,0.0272141508686922,0.0460272408159209,10.0000000001,0.453610819686198,0.48082497045489,0.0217880820174935,-0.102056964840977,0.0440247784934119,-0.62564566866754,-0.188387338352052,0.685161043368424,-0.92523192747133,0.680938322873914,-1.15908834761814,0.665438121005487,0.285508035722953,-0.0729108277846834,-0.113996422006858,-1.06833287225792,-0.16640454211671,-0.353148128111646,0.538992472803682,2.19258446122347,2.1515594435597,2.28302402457116,-0.426586394871513,0.0790583857245572,-0.195382552421523,-0.389907981194883,-0.389907981194883,1.43829174921822,-0.245876339662424,0.564469491134343,0.433478241982739,0.481326876157195,0.516009363875604,-0.0211114619927095,0.211319015276895,0,10.0000000001,0.00123318085128907,0.0205549010662044,0.593977435284596,0.0535035277410331,3663.99034043384,0.0312500660060792,1621,2,"SNETWORK (2 43 3663.99034043384 0.593977435284596 100001448 1621)",100
17,100001449,-0.307368068858254,162,0.152577399052067,0.406018494492994,-0.241215637293384,-0.241906399880321,-0.243823950879704,-0.257656875582432,-0.25493675277693,0.0814630999180174,0.988937713597602,0.505190781589511,-0.140601315140542,-0.0209445480568075,0.505190781589511,0.505190781589511,0.452312849407534,0.0132776390031325,0.0493100502824165,-0.257224246681675,0.0359914429471528,-0.443531827515401,0.0161216029479497,0.044324905863371,-0.265923265923267,-0.307368068858254,9,-0.133500506807041,0.286257838366298,0.285884193782669,0.122616143782239,-0.308400139583049,0.0175159707405499,0.988490589652765,-0.212391493085152,0.479296205943802,301.0000000001,0.230657224284239,0.100616546685106,2001.0000000001,0.321894139978006,0.552551364162245,0.0246511924477726,0.169967957351542,0.288120327968155,0.285573499711187,-0.236490061515208,-0.796566598167576,-0.0259002545156655,-0.779591512817015,0.632292153506357,-0.636887679444887,-1.4784755803827,1.24117503461711,1.02908530104473,0.182916366212311,3.30050446080652,0.121428129376515,-0.277526342387342,-0.436779537893807,-0.415214034551716,-0.415772957658408,0.809801792654197,1.37127647292498,0.0237278595817385,0.992279772850848,0.992279772850848,-0.0525848563620349,1.06316675953723e-11,-1.26184657483882,-1.20241269476461,-1.05942186079706,-1.11203526821327,0.903759116638935,0.165299163524171,1.54186321552948e-14,2001.0000000001,0.0102904018876487,0.0143607904601239,0.56345912764158,0.996950379461208,2065.2174495334,0.125,581,2,"SNETWORK (2 17 2065.2174495334 0.56345912764158 100001449 581)",100
43,100001450,0.436467577848549,177,-0.0343645341584618,0.726058121384469,0.965149594579297,0.947078472655203,0.966783102940535,0.411803078613906,0.32923300125976,-0.109434572139493,-0.612431427657833,0.159416071626506,1.16161709328745,-1.58172815169209,0.159416071626506,0.159416071626506,-0.212733207631683,0.694813528563084,0.58139175808922,-0.820324635857374,0.998296466431671,0.147843942505134,-0.958083832335329,-0.581818181818182,-0.163390663390663,0.436467577848549,11,-0.660046208371478,-0.225001180585785,-0.223247593889181,0.961404735065545,0.438119588602311,0.468687268529034,-0.608774294921383,-0.101753703589044,0.0529238899307085,7.0000000001,0.365105404375197,0.0364895660414205,11.0000000001,0.395575920384043,0.76068132465924,0.0371327726859025,0.7347746260186,0.247052958398368,0.495363713113148,0.609319743409766,0.168425492402891,0.483637295357232,0.179803203578551,-0.674634807969309,0.24165363470872,0.065868312408139,-0.696916177033172,-0.866996319669852,-0.0363360618967774,-0.369229860253384,-0.353148128111646,0.538992472803682,2.19258446122347,2.15155944355969,2.28302402457116,0.295693313032219,-0.536534070846694,1.17993210533247,0.319666899612345,0.319666899612345,3.31103793343299,1.06316675953723e-11,0.807529247746606,0.573360082180504,0.405695055446569,0.800489313554493,-0.319444676605804,-0.53660941596631,0.056882633152243,11.0000000001,0.0178226748956804,0.0193100976902221,0.694116736090904,0.12529342928261,3810.060420178,0.0312500660060792,1646,2,"SNETWORK (2 43 3810.060420178 0.694116736090904 100001450 1646)",100
37,100001451,0.212306359673901,57,1.29896932353205,1.22104076566898,1.45807027539656,1.42805593959054,1.43873085382348,0.102257503719871,0.0296681115322349,-0.50564356712723,0.671876287444071,-0.34199845844739,0.613006127939711,-1.10054987941598,-0.34199845844739,-0.34199845844739,-0.519573502362979,-0.552761298109907,-0.598161347141348,-0.473088225307631,-0.638103910984862,0.170020533880904,-0.850299401197607,-0.17062937062937,0.240786240786241,0.212306359673901,12,-0.523941964074725,-0.576108443062273,-0.568964148933576,0.655721845691132,0.209798314356341,0.422082184643694,0.672444368041764,-1.23335401755277,0.139413555295496,283.0000000001,0.252318154746516,0.134894317718626,544.0000000001,0.469298987493241,0.721617142139757,0.0374800738598384,-0.455064730629225,-0.50413097295222,0.236848278110243,-0.0837536222684259,-0.503434181343641,0.541490005047295,-0.574515236717652,0.774404507759473,-0.474485493957295,-0.907907937457445,-0.106832816327359,-0.146049900632441,-1.15091847991312,-2.81350143066548e-06,0.528207847926238,1.07109749798066,2.19258446122347,2.15155944355969,2.28302402457116,0.564466313586139,-0.308713679092707,1.31606367726345,0.651140054399778,0.651140054399778,-0.387518117828338,-2.80455386734177,0.343257022025445,0.466794634260706,0.909893648370046,0.17019474420732,-0.283712089895277,-0.389946323094254,0,544.0000000001,0.0131051529906377,0.0243749207692007,0.33340178013553,0.343247493263334,4570.15194616028,0.0312499339939208,1105,2,"SNETWORK (2 37 4570.15194616028 0.33340178013553 100001451 1105)",100
28,100001452,-0.289307337392891,177,-0.790377993358492,-0.853832397374456,-0.715996162004961,-0.715344983900652,-0.711097017555422,0.770915197196794,0.781670851652144,2.02531626570661,-0.424776225684552,0.468015188963479,0.104606301372993,2.82494768785798,0.468015188963479,0.468015188963479,0.00287139274912115,-0.867037022080066,-0.938438794929294,0.709535226027822,-1.25081174179299,0.468172484599588,-2.26546906187625,-1.53286713286713,0.194922194922195,-0.289307337392891,8,-0.212764271921912,-0.606153444260666,-0.598394077094716,0.10533253317856,-0.288594074977943,-0.111771377480198,-0.421410292948988,-0.0998537011978572,0.132128103389576,2402.0000000001,0.507414612054951,0.0983467142884028,2873.0000000001,0.451741766934467,0.959156378889418,0.0500831931107411,-0.200828069626557,-0.161697699085577,-0.0526766411086333,-0.0659518216119476,-0.0168063894863901,0.0704697852542612,-0.0202161322122112,-0.416639285000763,0.0330475937205233,0.0204928015316356,-0.0200779946672802,-0.241658454140737,-1.13561740856413,-0.0218918546320081,-0.471792152073761,-0.75229266612818,-0.897784372821839,-0.860982036160378,-0.832801478435155,0.669213274453367,-0.0605492396392499,1.4943918075045,0.792022261737619,0.792022261737619,0.65221442896076,1.06316675953723e-11,-0.308188250706394,-0.264574992123821,0.280807078089725,-0.391320646069515,0.733178918540467,0.160736716491955,0,2873.0000000001,0.0264950997657802,0.0235880932449609,0.0820700243578802,0.697731438887386,1681.30949584666,0.125,718,2,"SNETWORK (2 28 1681.30949584666 0.0820700243578802 100001452 718)",100
41,100001453,-0.253684936927874,144,-0.886598059773572,-0.0928456434617663,0.315622755524543,0.310024668600395,0.31737100022456,0.980685114570908,1.00476832232295,0.135791593469875,-0.293499829537681,0.807717180080387,0.549236082193475,0.416079126559834,0.807717180080387,0.807717180080387,0.503552035731641,-0.774414618395871,-0.894988206481153,-0.232256252763146,-0.961632141035995,-0.720739219712526,0,-0.434965034965035,-0.700859950859951,-0.253684936927874,10,0.537473962650285,-1.12797231034066,-1.10553028978202,-0.551429757241698,-0.253642893774788,-0.965095207805179,-0.29074361421874,0.84581309121068,0.0314271893073439,201.0000000001,0.0403977463535455,0.1067123953997,291.0000000001,0.198592753266121,0.238990499519666,0.0136894458846231,-0.0267948747988342,1.3703834672463,-1.02125744445547,-0.329052709452875,1.0532405066858,-1.00154111999949,1.32181975125642,-0.833393832514734,1.15825494315635,0.795403364403315,-1.03432974241664,-1.06344967628089,-0.00196598695510348,-0.429849562078502,-0.658232714974315,-1.30374704394875e-15,0.102215627178161,0.139017963839617,0.167198521564845,-0.726422138233021,-0.760575890697419,0.198149625027496,-0.620996339761271,-0.620996339761271,1.5694456660159,1.06316675953723e-11,0.976022592631699,1.04080319376133,1.5370863426537,0.711709123757837,-0.0818189536457576,1.06477281711184,0,291.0000000001,0.00231399473410768,0.0113754510505154,0.43655867881531,1.41085078456672,2502.21728239511,0.0625,1350,2,"SNETWORK (2 41 2502.21728239511 0.43655867881531 100001453 1350)",100
3,100001454,0.0317036918248064,176,-0.226804037760009,-0.273941878615531,-0.467885001197052,-0.45962963966976,-0.447550990366083,-0.405826391497487,-0.481176970864528,0.528183369602003,0.573878974020938,-0.47722532512338,-1.23799991708124,-0.665917291312391,-0.47722532512338,-0.47722532512338,-4.66499045435085,0.185416516430229,0.267730548217867,1.09004769448316,0.0063712089287455,0.0739219712525668,-0.0898203592814364,1.0005994005994,0.837837837837838,0.0317036918248064,7,-0.312581047394295,-1.21762738759811,-1.19188301387411,0.155565826012217,0.0334154158736626,0.714497038657205,0.574163880733405,-0.357460625201671,0.0907111458864215,2686.0000000001,0.389548642661943,0.0660864805717169,3844.0000000001,0.406154282684396,0.795702925246339,0.0463109154993029,0.826830552306081,0.735674279526753,1.83706575079768,0.83505676473201,-1.51494278609365,0.939756004465969,-1.93584278092961,0.910178761078961,0.295101349420726,0.574865991058623,0.154887194503439,0.138617245650348,0.247976511063596,0.613543070486651,-0.183656619125852,-0.461007527196321,-0.751834212897414,-0.690544926566661,-0.641104661755899,1.05445668781548,1.21422371077817,-1.11604723828792,1.37372703783154,1.37372703783154,-0.988972227694888,-0.108065856994609,-0.311904584413039,-0.131964990204351,-0.571079065024102,-0.189592939857164,0.52084368972333,0.698915965602824,1.8503365794976e-12,3844.0000000001,0.0226722230866269,0.023638692312676,0.816712956927736,2.01268694009869,2368.11560910654,0.0624998605480869,177,2,"SNETWORK (2 3 2368.11560910654 0.816712956927736 100001454 177)",100
43,100001455,0.461473999067258,180,-0.0343645341584618,0.726058121384469,0.965149594579297,0.947078472655203,0.966783102940535,0.428582351933324,0.340011221858831,-0.109437028852157,-0.612886497796841,0.152788568278794,1.16435585451574,-1.59502722284312,0.152788568278794,0.152788568278794,-0.215190699160611,0.688228574585673,0.575557802059584,-0.828971773593738,0.991577438808137,0.147843942505134,-0.958083832335329,-0.581818181818182,-0.163390663390663,0.461473999067258,11,-0.669786155460641,-1.4379027146369,-1.40304419808145,0.748956631868313,0.460036490972158,0.735639738056954,-0.609262869956104,-1.96107588126367,0.0369228428298367,4.0000000001,0.145553812943185,0.0357148741440607,2.0000000001,0.0703959353529266,0.215949748196112,0.0130716583746611,0.0910100239972395,-0.185592729484462,1.14243195650271,1.15044515935318,-8.75464198352474e-05,1.01774127846729,-0.0021001107128858,-0.428084253254085,-0.821265185591854,-0.219564485908628,-0.429974205957758,-0.57735921135217,-0.0366572602849425,-0.240157668620174,-0.353148128111646,0.538992472803679,2.19258446122347,2.15155944355969,2.28302402457116,0.364275448506708,0.387345376318414,-1.23137533424989,0.400334188181694,0.400334188181694,5.57338845268153,1.06316675953723e-11,0.703749691041866,0.552439989216707,1.18258258008514,0.499145649480576,-0.416350254957503,-0.593129443251648,0.0438007673824716,4.0000000001,0.00881052059025004,0.0042611376844111,0.705777850700888,0.948978292487185,3827.07012493199,0.0312500660060792,1649,2,"SNETWORK (2 43 3827.07012493199 0.705777850700888 100001455 1649)",100
43,100001456,0.238700751327827,143,0.12371145778112,0.869954874556633,0.965149594579297,0.947078472655203,0.966783102940535,0.148564538762055,0.0773414366624693,-0.381995749151175,-0.498697153846212,-0.161484526534496,0.76775587788835,-0.199322503059036,-0.161484526534496,-0.161484526534496,0.0841371721556975,0.61364316186488,0.463428256715378,-0.356270998031542,0.811011322432062,0.147843942505134,-0.958083832335329,-0.581818181818182,-0.163390663390663,0.238700751327827,11,-0.0926735665505757,-0.328531682221415,-0.32552912884136,-0.00549279036713277,0.238621051402789,0.175393719560856,-0.495322346426843,-0.0778144153644019,0.0245069713400436,8.0000000001,0.193218227164849,0.0252525136874748,4.0000000001,0.0995481216632707,0.292766348728119,0.0145549577129443,-0.335765933722687,-0.334629948709301,-0.285015471314348,0.355390111698918,1.0060430088224,0.270729583080011,1.09649162819225,-0.465230234773306,1.0023569441489,0.418209752071375,-0.43932392034138,-0.444791891108932,-1.25874243658422,-0.295246026632605,-0.353148128111646,0.538992472803679,2.19258446122347,2.15155944355969,2.28302402457116,-0.77369434735974,-0.0930806744010993,0.0296332923446631,-0.654565457309857,-0.654565457309857,1.72896705273116,1.06316675953723e-11,0.636744516968369,0.379452591837814,0.0238161659922311,0.705692788250151,0.0752394360527288,0.411551546297766,0,8.0000000001,0.00960589602649096,0.00494906158645334,0.559714825885944,0.350110770399407,3614.01253904312,0.0312500660060792,1612,2,"SNETWORK (2 43 3614.01253904312 0.559714825885944 100001456 1612)",100
3,100001457,-0.330291025414292,98,-0.226804037760009,-0.273941878615531,-0.467885001197052,-0.45962963966976,-0.447550990366083,-0.353127712508444,-0.422634133701232,0.569437619227147,0.801013400379326,-0.0564740754677358,-1.20897605608601,-0.1236859911239,-0.0564740754677358,-0.0564740754677358,-4.49422007371982,0.18287241247003,0.245066447893919,1.16362675788344,-0.0103065047880092,0.637577002053388,-1.16766467065868,0.37272727272727,1.11578624078624,-0.330291025414292,7,0.576163679687698,-0.0788163622261672,-0.0783504092789692,-0.510480376802767,-0.331683055221986,0.335659748624855,0.800962221387825,0.000613962184519057,0.260027248758532,2288.0000000001,0.951195780944045,0.128020143514592,608.0000000001,0.124444848513436,1.07564062935748,0.0511715816524428,0.106027303354017,-0.113363472702874,0.45200782192375,0.117515330606792,-0.517801524205402,0.340353303169813,-0.540759883473899,0.737330927184633,-0.590981442403162,-1.23082622502673,0.0931085551494166,0.389603193196336,0.270636828788054,0.617920878712767,-0.183656619125853,-0.461007527196321,-0.89778437282183,-0.860982036160378,-0.83280147843515,0.0986591503486076,-0.186060934366236,1.14599328000373,0.101787726629917,0.101787726629917,-0.461476512902651,-31.7617076091742,0.94610395850609,0.874610934230441,1.02082727500914,0.803658336370444,-0.954683439836162,-1.13222663602189,0,2288.0000000001,0.0452513517506312,0.00592022980181159,0.504467818826298,0.531814851798117,1917.8891195286,0.0624998605480869,99,2,"SNETWORK (2 3 1917.8891195286 0.504467818826298 100001457 99)",100
3,100001458,-0.244653359878528,118,-0.226804037760009,-0.273941878615531,-0.467885001197052,-0.45962963966976,-0.447550990366083,-0.377323500217356,-0.441261686126806,0.549344512533025,0.759237659246201,-0.0387453415331945,-1.23955170271312,-0.134443187785662,-0.0387453415331945,-0.0387453415331945,-4.38858208822491,0.163599603363805,0.231808661430777,1.12759132662233,-0.0280080792546022,0.0739219712525668,-0.0898203592814364,1.0005994005994,0.837837837837838,-0.244653359878528,7,0.250863472615357,0.740807675289259,0.743954679941969,-0.229857454344089,-0.243090471216892,0.852774775282673,0.762198919404723,-0.0230050706795689,0.380183196400419,2100.0000000001,1.27646010793252,0.14075438416682,6570.0000000001,1.47850342403834,2.75496353187086,0.113489009998134,1.71484363063798,1.37571840609983,0.16879934342714,0.956979936965416,1.14164463005333,0.496205219981327,1.03202568413212,0.795182640076221,1.65445280943976,3.37149753703762,0.109150474093397,0.0586604250314542,-0.784695199879055,0.114782417866859,-0.183656619125852,-0.461007527196321,-0.824809292859624,-0.775763481363517,-0.736953070095527,0.0720018252792569,-0.795286889317282,0.839948161256047,0.0738206857015364,0.0738206857015364,-0.183270146831936,-14.8664781496785,0.744978013154665,0.641387086722285,1.05966690263327,0.573994285973959,-0.66372861110608,-1.10191601528774,0,6570.0000000001,0.0525829805519282,0.0609060293462063,0.591557271609217,0.941540471278131,2043.46346423779,0.0624998605480869,119,2,"SNETWORK (2 3 2043.46346423779 0.591557271609217 100001458 119)",100
43,100001459,0.152171556727106,126,0.12371145778112,0.869954874556633,0.965149594579297,0.947078472655203,0.966783102940535,0.0442697704682297,0.0296335521731401,-0.488420104868099,-0.369635633957304,-0.214048622667552,0.855481168380437,-0.982092521513569,-0.214048622667552,-0.214048622667552,0.263762488554773,0.457105574383378,0.269024989186927,-0.54321599287035,0.647886728853652,-1.14579055441478,2.23053892215569,2.01958041958041,-0.227886977886978,0.152171556727106,11,0.787895026483413,-0.203320403268607,-0.201792807743368,-0.610587186427156,0.147282933509624,-0.987041663100021,-0.366644650631151,0.230699582124216,0.0449397428340349,6.0000000001,0.26573594103196,0.0428298875758184,14.0000000001,0.590940062591266,0.856676003523225,0.0416591444959237,-0.210279182482821,-0.210747538837301,-0.945795351578693,-0.778909306541131,0.274992908016776,-1.20957841274283,0.292816117232789,-1.0949883027368,0.266243380502825,0.154964767452339,-0.859607049821595,-0.792855823402106,0.0788705866172477,-0.394354428029227,-0.353148128111645,0.538992472803682,2.19258446122347,2.1515594435597,2.28302402457116,0.545134798752239,1.19321452729339,-0.682239305046598,0.625884851304489,0.625884851304489,3.33992224582791,1.06316675953723e-11,0.446355544832197,0.223154006028871,0.00339037373274313,0.502105353163082,-0.801066301919612,-0.22199831749353,0,14.0000000001,0.0129224256197615,0.0287367187761622,0.496938700176612,1.25695348251611,3522.44295932209,0.0312500660060792,1595,2,"SNETWORK (2 43 3522.44295932209 0.496938700176612 100001459 1595)",100
3,100001460,-0.616076767570756,29,-0.494845044588713,-0.486027089260215,-0.640656641110964,-0.630828421199535,-0.621755757978306,-0.304557570391661,-0.391656963796628,0.665504576731328,1.17445967980297,-0.00815863946137954,-1.15439740389116,0.377381596200958,-0.00815863946137954,-0.00815863946137954,-4.85767470712257,0.262452148610265,0.262871512499502,1.19956441246049,0.0834425764425299,0.0221765913757709,0.149700598802395,1.22237762237762,0.834152334152334,-0.616076767570756,7,0.615675442388554,-0.23595115198016,-0.23407876362731,-0.538976687972628,-0.616102511465617,-0.359479680409048,1.17358814632521,-0.657874409601915,1.28551675872336,91.0000000001,0.187031247069958,0.143502056645956,1979.0000000001,0.454045058741877,0.641076305711835,0.0313547467602431,-0.289028146726987,-0.113465845017766,0.28655091020635,0.496459916553842,0.324805293468683,-0.288435866854805,0.347918151729128,0.562881721730671,0.180654517906526,0.464326642748123,-0.610597565973394,-0.608923083790404,0.197572120096124,-0.356557849809667,-0.471792152073762,-0.752292666128179,-1.48074956831335,-1.423857898781,-1.44749212629168,-1.38016407665835,-0.676338592408524,0.0107819242110538,-1.02547105494904,-1.02547105494904,0.765909390072262,-55.8338519727498,1.15557852037738,0.963960399076527,-0.888027512568057,1.49422445887491,-0.62735925751481,-1.46077970636243,1.25315562967742e-11,1979.0000000001,0.00914761209384513,0.022207134566398,0.21624324336856,0.240803471757995,1502.29789653164,0.0624998605480869,30,2,"SNETWORK (2 3 1502.29789653164 0.21624324336856 100001460 30)",100
37,100001461,0.0814185503627964,34,1.29896932353205,1.22104076566898,1.50580654500643,1.48232234240258,1.49987706507974,0.0837879173023223,0.0154984513779521,-0.489177669239481,0.698001244261543,-0.311055714447847,0.603178083118759,-1.08349714152719,-0.311055714447847,-0.311055714447847,-0.509266548069397,-0.527201025803824,-0.564943358044843,-0.420218615791322,-0.615558316194379,0.170020533880904,-0.850299401197607,-0.17062937062937,0.240786240786241,0.0814185503627964,12,-0.210812117941625,-0.284898475899594,-0.282456645360154,0.146176435069688,0.0828805096338,0.706858081943391,0.698243844180755,-0.476682029359227,1.11865655701079,575.0000000001,4.11359639935636,8.38289995428329,112.0000000001,6.0043965628349,10.1179929620913,0.499159148335342,-0.229035108839455,-0.253242050796421,-0.0700847857121317,0.670891395787666,1.15549802595679,0.674492106476669,1.24985927539081,0.849642424248143,1.2168482716215,2.37633900871137,0.00449373417316138,-0.191052829956409,0.260764140859078,-0.0288130681514452,0.528207847926239,1.07109749798066,2.45049143062517,2.4151438246421,2.55283323355612,0.558054599704028,-1.29105426175973,1.03142113968775,0.642738328196269,0.642738328196269,1.1751511928475,-2.31609326462411,0.301956163043013,0.404476609695974,0.80127923404433,0.151199386859484,0.406569508865594,0.509958312398499,0,575.0000000001,0.202939385562951,0.296219762672391,0.195327275421323,0.138000223700426,4429.99018538837,0.0312499339939208,1082,2,"SNETWORK (2 37 4429.99018538837 0.195327275421323 100001461 1082)",100
37,100001462,0.329198219320937,82,1.29896932353205,1.22104076566898,1.45807027539656,1.42805593959054,1.43873085382348,0.113850990273555,0.0477260064304717,-0.509953292960753,0.636359650548465,-0.392640758755011,0.631627517876613,-1.08994268984508,-0.392640758755011,-0.392640758755011,-0.537786960676848,-0.576194717622431,-0.624207639279046,-0.495063128261036,-0.663624220947904,0.665297741273101,-1.69993346640053,-0.507226107226108,0.644007644007643,0.329198219320937,12,-0.423086999552772,0.0231807182623658,0.0230738113212309,0.52065986672297,0.330827009352716,0.14164654619006,0.638606023044456,-1.07398511627213,0.108889148222183,108.0000000001,0.075208238714532,0.105108839223308,789.0000000001,0.530363105266667,0.605571343881198,0.0282960025329871,-0.039353558407602,0.0169262934963397,-0.300141116796508,0.218382822483888,0.805349758822149,0.151035658482031,0.825182350704536,0.566735328135883,0.698375146430577,1.31694717857838,0.563358968632198,0.441017129612331,0.254595391635239,0.776270366233481,0.528207847926239,1.07109749798066,2.19258446122347,2.1515594435597,2.28302402457116,0.103140726615094,-0.00595282298597703,-1.43307285000464,0.106523785421498,0.106523785421498,0.384667131324241,-0.556540027364363,-0.324200165264921,-0.258619499792675,-0.441721600187888,-0.234309474696801,-0.386510667905969,-0.160060762928401,0.00384374333836832,789.0000000001,0.00351418957431113,0.0247818128586759,0.476597982874142,1.75491974257727,4715.5128290636,0.0312499339939208,1130,2,"SNETWORK (2 37 4715.5128290636 0.476597982874142 100001462 1130)",100
12,100001463,0.542842984677875,269,0,-0.0695595240108285,-0.467885001197052,-0.45962963966976,-0.447550990366083,-0.706596611212546,-0.835153095717889,-0.10760078076657,-7.33252549564471e-05,-1.35589989914172,-1.69451246246802,-0.0902790245861533,-1.35589989914172,-1.35589989914172,-5.61575665296625,0.537704121814477,0.694882740987569,1.77965813324504,0.324261186727101,0.184804928131415,-0.778443113772456,0.103496503496504,0.51023751023751,0.542842984677875,7,-0.453068007246289,3.57487896190442,3.69851972963809,1.2586667631903,0.544147811724769,0.903718623830374,0.00200330843711783,-0.57550833855894,0.0902938421121459,6774.0000000001,0.977908811587724,0.0776509699685535,5616.0000000001,0.697218686029158,1.67512749751688,0.0421826832791014,0.103695855783908,0.897303581044002,1.27939338112556,1.03352941654931,-0.384586430327214,-0.180578540024809,-0.210098119635542,-0.0218997429870611,0.0156466530845723,0.0192052156879554,0.942869308540342,0.672559349849128,0.168478989343409,1.37712735876926,0.223123099423871,0.103212322371745,-0.384473162686968,-0.336292929455787,-0.271566212412609,0.554428759768146,-1.62293977199922,-0.277795630938328,0.637998260011889,0.637998260011889,-0.0155198226792887,-0.331879471234807,-0.867909620120697,-0.835438619216947,-0.570491422797464,-0.798694489753758,-0.289995385192203,-0.659874525745327,1.61773936855745e-14,6774.0000000001,0.0246254793361394,0.0175572038429621,0.97419214132905,0.121765206567943,2905.84666625405,0.0312499302740435,269,2,"SNETWORK (2 12 2905.84666625405 0.97419214132905 100001463 269)",100
12,100001464,0.356288502126561,239,0,-0.0695595240108285,-0.467885001197052,-0.45962963966976,-0.447550990366083,-0.629577457182606,-0.727348341194185,0.00296908873067805,0.0775017707671107,-1.08854366435933,-1.71059740935241,-0.00428961839099917,-1.08854366435933,-1.08854366435933,-5.53017894199047,0.505925127082974,0.642661210149591,1.74592085763515,0.290373383024959,0.184804928131415,-0.778443113772456,0.103496503496504,0.51023751023751,0.356288502126561,7,0.100883763127032,-0.241457741055706,-0.239524424423062,-0.194054683937586,0.353640945862329,0.753376158362324,0.0813454813595053,-1.00384999240366,0.0654350204417991,1123.0000000001,0.117485706475021,0.0726313837456622,1424.0000000001,0.165359572783732,0.282845279158752,0.0138472786427363,-0.699065020394843,-0.56015462397522,-0.0306779037884785,-0.0918419499982444,-0.0931701539817877,0.694922564685603,-0.100625029155402,0.48057596417338,-0.228964209384307,-0.252871921333309,0.352542584727225,0.517883425169912,-0.80325551842566,0.921008133832636,0.223123099423871,0.103212322371743,-0.751834212897418,-0.690544926566656,-0.641104661755904,0.447784656958324,-1.33532138310199,0.0801248607108727,0.502113520974441,0.502113520974441,0.227585063527434,-8.94525783846129,-0.000404777671104552,0.0442089879510301,0.292893135701474,-0.0571433067590308,-0.116599675765504,-0.760984094790978,0,1424.0000000001,0.00575175695482304,0.00809552158791329,0.38064600708005,0.894712631228223,2739.24216348984,0.0312499302740435,239,2,"SNETWORK (2 12 2739.24216348984 0.38064600708005 100001464 239)",100
28,100001465,0.682561094009923,249,-0.268041164135857,-0.507523118116241,-0.715996162004961,-0.715344983900652,-0.711097017555422,0.682852878389107,0.767000430040086,2.19806927513937,-0.639259399806331,-1.86241191026846,-0.243171793259524,1.15177574322694,-1.86241191026846,-1.86241191026846,-0.537752007546053,-1.1420883783212,-1.14167630967925,0.116944476219933,-1.48908990450751,0.468172484599588,-2.26546906187625,-1.53286713286713,0.194922194922195,0.682561094009923,8,-0.701306692555668,0.170471359129689,0.170002206144328,1.14415365681127,0.682590202811148,0.268015408826907,-0.635547905234539,0.595592288304742,0.0424765455750133,4216.0000000001,0.286315300640443,0.0378768586130463,2045.0000000001,0.12384030985951,0.410155610399953,0.0186746727305543,2.29866642096195,1.82793142227981,1.4421829584245,-0.05683405772189,-2.14153673249779,0.220750791755224,-2.13904533214823,-0.901888735141471,-2.14596278059091,-0.440369638158583,-0.844252891886826,-0.690795711666543,-0.05681291606451,-0.204437454456446,0.121428129376515,-0.277526342387342,-0.897784372821835,-0.860982036160378,-0.83280147843515,0.982019317372498,-0.236260339811196,1.88277394104522,1.25621043386277,1.25621043386277,-2.60182541291921,1.06316675953723e-11,-0.61789580274104,-0.771763405043918,-0.483415040765221,-0.545904760209875,-0.398048029509251,0.156143152553863,0,4216.0000000001,0.0130361364624546,0.00563853616809969,0.594457048630869,1.08576908973212,2088.08449594597,0.125,790,2,"SNETWORK (2 28 2088.08449594597 0.594457048630869 100001465 790)",100
3,100001466,-0.459390732866704,72,-0.494845044588713,-0.486027089260215,-0.467885001197052,-0.45962963966976,-0.447550990366083,-0.353335550341304,-0.422906472934749,0.587682880147798,0.893433458842988,0.00776577377699478,-1.19007337075905,0.103486299142675,0.00776577377699478,0.00776577377699478,-4.84299898403747,0.23638621963882,0.288533429204865,1.25585059620784,0.0402772277687247,0.501026694045174,-0.58882235528942,1.04055944055944,1.3033033033033,-0.459390732866704,7,1.17838684133643,0.0716394307545572,0.0713530489882242,-0.718524240715364,-0.461115468334414,-0.741739398213491,0.912103994100909,-0.235301279975866,0.0355195079585245,143.0000000001,0.00812078508190712,0.258488461350954,7325.0000000001,3.02721888942996,3.03533967441187,0.140625021785167,-0.225054432755889,-0.250998690986495,-0.441824205388423,-0.816781291447983,-0.573522937528899,-0.853548730335825,-0.583107884513132,0.126042616034823,-0.56242633010999,-1.21346009589406,-0.112106155257116,-0.193398587240634,0.278983801081759,-0.0940356583171323,-0.183656619125852,-0.461007527196321,-0.897784372821835,-0.860982036160378,-0.83280147843515,0.152097752811112,0.908148515330798,-0.332450034366656,0.158911820158592,0.158911820158592,1.40239447022966,-6.76806489277611,0.25032662792149,0.0730336384615146,-0.247683989659818,0.348060972750439,0.733893691187016,0.560010423142419,0,7325.0000000001,0.000376229907264056,0.140248791777903,0.401193226578539,1.7949485406466,1768.97741056487,0.0624998605480869,73,2,"SNETWORK (2 3 1768.97741056487 0.401193226578539 100001466 73)",100
37,100001467,0.235822662933346,62,1.29896932353205,1.22104076566898,1.45807027539656,1.42805593959054,1.43873085382348,0.103338541677286,0.0307032911847293,-0.502867785665002,0.669219947795442,-0.34833106834186,0.613701356411873,-1.09555106865719,-0.34833106834186,-0.34833106834186,-0.515803390837067,-0.555341536522209,-0.601474987385492,-0.474078707813933,-0.641175848716639,0.170020533880904,-0.850299401197607,-0.17062937062937,0.240786240786241,0.235822662933346,12,-0.672924877800215,-0.228098241498354,-0.226311371014014,0.991633137000337,0.231620183815333,-0.356282472095904,0.669616966220465,-0.783572929330069,0.0652586739790639,88.0000000001,0.0367263678244878,0.11734674300198,1568.0000000001,1.1767227774344,1.21344914515889,0.0592670734009241,0.229370937688849,-0.137081797205667,-0.0512976383961642,-0.617741702935303,-0.866146050835371,-0.286573933521838,-0.92854261252104,0.352350288828019,-0.830340579222739,-1.58393774929969,0.86950089538985,0.442608835442901,0.257941732403837,0.783416659867372,0.528207847926239,1.07109749798066,2.19258446122347,2.15155944355969,2.28302402457116,0.754930719185692,0.609347723869733,-2.49962010275064,0.912551499460131,0.912551499460131,-0.0506170790496924,-0.291915803953505,-0.834435036130168,-0.690275513422285,-1.15637067685105,-0.620495373662125,-0.700555874564341,-1.15593709533649,0.00116572024448534,1568.0000000001,0.00179378290130015,0.0574732903996239,0.361373218408297,0.251341303286608,4598.5462253775,0.0312499339939208,1110,2,"SNETWORK (2 37 4598.5462253775 0.361373218408297 100001467 1110)",100
3,100001468,0.111982492437514,188,-0.226804037760009,-0.273941878615531,-0.467885001197052,-0.45962963966976,-0.447550990366083,-0.39165137094436,-0.465061996124799,0.546013298976063,0.541522126462631,-0.646014951967183,-1.2013220130243,-0.823385017821368,-0.646014951967183,-0.646014951967183,-4.76805186256993,0.214389879147858,0.305117370962241,1.16482474068167,0.0292088919544998,0.0739219712525668,-0.0898203592814364,1.0005994005994,0.837837837837838,0.111982492437514,7,-0.380839403199348,-0.156746466182004,-0.155662970544679,0.418461412464381,0.109741163089345,0.578498736739515,0.542159200063937,-1.47953576065149,0.102890226296225,5125.0000000001,0.843068817010473,0.0707518590738148,5055.0000000001,0.571813032822178,1.41488184973265,0.0682412647375163,0.108646436773764,0.179966969751804,0.936223592176963,0.114736049807065,-1.26610796867617,0.54771300259937,-1.34002459378557,0.711047247955369,-1.17096588671847,-2.04188885811898,0.458879659116417,0.443193098041423,0.244399494382041,1.24160099485411,-0.183656619125852,-0.461007527196321,-0.751834212897414,-0.690544926566661,-0.641104661755909,0.997442792707255,1.11441525256807,-2.19865657229361,1.28090008199246,1.28090008199246,-0.205407007786198,-0.254915880901732,-0.575766785191087,-0.431030385923961,-1.21507980023057,-0.323008185860002,0.323157808159406,0.136126887713052,0,5125.0000000001,0.0406621105906211,0.0275791540468952,0.864977202196354,0.221886107569068,2437.70785913018,0.0624998605480869,189,2,"SNETWORK (2 3 2437.70785913018 0.864977202196354 100001468 189)",100
29,100001469,-0.506624814876118,146,-0.790377993358492,-0.853832397374456,-0.715996162004961,-0.715344983900652,-0.711097017555422,0.589050430566293,0.570612005171943,1.78346538721154,-0.228805788613117,1.18150409891824,-0.213427202849381,3.49612215935965,1.18150409891824,1.18150409891824,0.126310076720656,-0.770476168058258,-0.855735277502268,0.833900442221709,-1.15184356006095,0.340041067761807,-1.74251497005988,-1.15244755244755,0.0515970515970513,-0.506624814876118,8,-0.134096995744979,-0.103500623525875,-0.10285600635465,0.0720255092706937,-0.503985458595859,0.164325151499452,-0.225968215479686,0.592111529674854,0.106800656048108,2342.0000000001,0.399903841966039,0.0640601491374496,798.0000000001,0.081730772207078,0.481634614073117,0.023012744460513,-0.335949453725181,-0.330390472608938,-0.48920106878162,0.15832377318746,1.01986950025222,0.203115533733892,1.06852257379177,-0.0595773258724966,0.987918438867069,0.755884215975404,-0.190197685493663,-0.383359023053649,0.0153454292540205,-0.114315376629369,-0.471792152073761,-0.75229266612818,-0.897784372821839,-0.860982036160378,-0.83280147843515,0.732052986808064,1.39469060686631,-0.697318304077164,0.879908928001099,0.879908928001099,1.15767779016315,1.06316675953723e-11,-0.000996303886411691,-0.0628090693005529,-1.31246569217644,0.330031186291416,1.14175001360343,0.812225184152258,0,2342.0000000001,0.0191076069174792,0.00390513744303377,0.886803792941235,0.0538892672642927,1511.14175078866,0.25,941,2,"SNETWORK (2 29 1511.14175078866 0.886803792941235 100001469 941)",100
28,100001470,0.544630888074446,239,-0.268041164135857,-0.507523118116241,-0.715996162004961,-0.715344983900652,-0.711097017555422,0.701759996850949,0.796380688973545,1.97957619502507,-0.605068664943649,-1.39608969940045,-0.457371875240788,1.75910675935728,-1.39608969940045,-1.39608969940045,-0.3573430541877,-1.07471492988645,-1.08106297468872,0.380420820656158,-1.45238433981631,0.468172484599588,-2.26546906187625,-1.53286713286713,0.194922194922195,0.544630888074446,8,-0.604535096672427,0.709485780968745,0.712232782005686,1.0180199016802,0.551677617160052,2.37828346509591,-0.601409478657263,-0.155059819217195,0.0881676660815619,7454.0000000001,1.05073572415774,0.0766571865438016,4059.0000000001,0.497469767018789,1.54820549107653,0.0641281986763109,-0.286817981488947,-0.359055762955784,2.23606477731818,2.24113178696183,-0.0197624408258779,1.29587822285767,-0.0176007104159937,-0.277303616165189,-0.442163636872574,-0.1221877109919,0.0120558009810554,-0.177252314962652,-0.0311864364419322,0.204904495693936,0.121428129376515,-0.277526342387342,-0.897784372821835,-0.860982036160374,-0.83280147843515,0.96175169191272,0.605686931570554,1.57006505414853,1.22403567398028,1.22403567398028,-0.685550442101227,1.06316675953723e-11,-0.549104724522713,-0.655629710478234,0.127994343991683,-0.618266219759935,-0.369251843769503,0.0798636992615891,0,7454.0000000001,0.0435225101295162,0.0206056884467947,0.522783229574214,0.923162329010665,2031.18391811565,0.125,780,2,"SNETWORK (2 28 2031.18391811565 0.522783229574214 100001470 780)",100
12,100001471,0.447284635661137,255,0,-0.0695595240108285,-0.467885001197052,-0.45962963966976,-0.447550990366083,-0.689641513112724,-0.805039237174466,-0.0757144473268818,0.0372091652033113,-1.17545723691119,-1.74907126853529,-0.0737810146566421,-1.17545723691119,-1.17545723691119,-5.44023676588734,0.500103668906654,0.645690882120724,1.71530266755997,0.288639324642665,0.184804928131415,-0.778443113772456,0.103496503496504,0.51023751023751,0.447284635661137,7,-0.126395018907368,0.176796861437985,0.176324334570593,0.154594758489515,0.445489879460934,0.307805980590956,0.0391968369290345,0.00236718389943996,0.623587652904977,4236.0000000001,4.22326655627978,0.136375520234831,3398.0000000001,0.740891869623356,4.96415842580314,0.225770340719561,-0.211197718188586,-0.381793543429856,-0.0219960975313585,0.370222745682,0.614253334533773,0.251574668412529,0.612673232324011,0.232670969020918,0.827986877323732,0.923039117946445,0.325145225177047,0.602562456618214,-0.953656482705615,0.936217922566814,0.223123099423871,0.103212322371745,-0.386442114754971,-0.338191621997878,-0.273546835403851,0.0930811157858731,0.576308320781436,0.530035949831746,0.0959067834839498,0.0959067834839498,-0.0484288353453881,-3.25753075140435,-0.464064897350446,-0.483046683271025,0.335974755806211,-0.575371144236721,0.748253609005666,1.2601866133005,0,4236.0000000001,0.19207451639315,0.0336958242264113,0.69693573156457,0.669007613026742,2828.02261244996,0.0312499302740435,255,2,"SNETWORK (2 12 2828.02261244996 0.69693573156457 100001471 255)",100
43,100001472,-0.126867350071085,78,0.12371145778112,0.869954874556633,0.545150200838989,0.54037036033024,0.554967563992924,-0.105056124606367,-0.0982168154352538,-0.446271632547533,-0.280756353784528,-0.545333432285396,0.609056707100934,-0.689793409198618,-0.545333432285396,-0.545333432285396,0.267251209528565,0.599560957496306,0.405222683792971,-0.0502030677040984,0.737227061551559,-1.14579055441478,2.23053892215569,2.01958041958041,-0.227886977886978,-0.126867350071085,11,0.143949191083485,-0.664558588166131,-0.655533039802517,-0.224836568845022,-0.130397835700506,-0.992780305486433,-0.278039155368369,0.753987203787203,0.016989529232843,2.0000000001,0.0334872746550735,0.027676509793265,2.0000000001,0.0545518874170456,0.0880391619721191,0.00464481852176954,-0.123404343902607,-0.284535044100256,-0.973989615816903,-0.937395930022077,0.0731384304779915,-1.14062146995241,0.0836122021174206,-0.914206991699968,0.129994392992874,0.0903352344266406,-1.91039111252493,-1.76950924346911,0.00157910350075839,-0.462345503602689,-0.353148128111646,0.538992472803681,0.102215627178161,0.139017963839617,0.167198521564845,-1.37914513232834,0.1003258438399,-0.249560579712031,-1.02493188040907,-1.02493188040907,-0.0861612016046011,1.06316675953723e-11,1.12259833026421,1.16997853543553,0.925509103088542,0.999344938815669,-1.07418274449327,-0.610392682925489,0,2.0000000001,0.00176674001024899,0.00287807841152056,0.309107256901359,0.269000196659975,3248.45908209545,0.0312500660060792,1548,2,"SNETWORK (2 43 3248.45908209545 0.309107256901359 100001472 1548)",100
36,100001473,0.806103280606327,186,1.29896932353205,1.22104076566898,1.45807027539656,1.42805593959054,1.43873085382348,0.425435673922881,0.373641334233081,-0.219804988067233,-0.0461518225861439,-0.327413327574931,0.846698279064798,-1.70970420349981,-0.327413327574931,-0.327413327574931,-0.608397129920689,-0.563108543596125,-0.679436456758217,-0.940416710925143,-0.565597684813998,0,0.0419161676646709,0.81118881118881,0.42997542997543,0.806103280606327,12,-0.05644682897349,0.180916247679253,0.1804420597409,0.015215918309233,0.803559727207483,0.148801502321257,-0.0437674262198919,0.0989554150968253,0.105404047349397,364.0000000001,0.245366762556958,0.0868829221277355,1426.0000000001,0.792338950822198,1.03770571327916,0.0471607685813452,1.3016236674812,1.31364434515655,0.0335195790409148,-0.0233697986575821,-0.080317312924828,0.117421916496271,-0.0802082957292502,0.0916739619371372,-0.209944450141311,-0.190212279593701,0.336327444960233,0.338643043124177,-0.965950582754817,0.377298982356533,0.564229446105128,1.09547150482427,2.19258446122347,2.15155944355969,2.28302402457116,-0.192199484244623,-0.662284652585174,-1.97448610160121,-0.185316595869292,-0.185316595869292,-0.467505033031893,-0.36248366220091,-0.510469883404503,-0.303925404295266,0.258386665585984,-0.607451891677209,-0.361936582773683,-0.207225311616391,0,1426.0000000001,0.0111512203607305,0.0360095481206146,0.496299712034059,0.84630261361599,5341.85863633535,0.0156249669969604,1034,2,"SNETWORK (2 36 5341.85863633535 0.496299712034059 100001473 1034)",100
41,100001474,-0.661821128545149,59,-0.886598059773572,-0.0928456434617663,-0.0369605603324269,-0.0422694509956289,-0.0386919408759992,0.982287484617856,1.16354909928965,0.862774173972271,-0.108860790113639,0.42776134573126,0.47917399688719,0.379643172444199,0.42776134573126,0.42776134573126,0.557927485140122,-0.383831157401936,-0.524602084588455,0.10409896519954,-0.530793928725749,-0.720739219712526,0,-0.434965034965035,-0.700859950859951,-0.661821128545149,10,-0.133524340852561,0.815375297528011,0.819566346018249,0.195252013515473,-0.662897059019478,-0.494970304679286,-0.106535746652733,-0.488359675936925,0.0492703766630722,31.0000000001,0.00976794305539286,0.105058008356538,2021.0000000001,1.35784755884884,1.36761550180423,0.0556073366621066,0.857531621892241,0.806155629806849,-0.461525293495018,-0.834218488070203,-0.5453633948673,-0.679398487671777,-0.485974247061036,-0.408868583526395,-0.410974085514307,-0.376067979255634,0.129080362791311,0.00246467937981512,-1.0704136082478,-0.0938049511998177,-0.658232714974314,-1.30374704394875e-15,-0.65181891261108,-0.619637329687725,-0.620469038756862,-0.663847550513444,0.396288792600051,-0.383972214615969,-0.575404961288847,-0.575404961288847,1.05344076686069,1.06316675953723e-11,0.446189776766768,0.377929615529283,-0.139610596236281,0.536470076580558,0.152521316488646,0.182707230294539,0,2021.0000000001,0.000397165205251861,0.0552101713568547,0.149697200637945,0.72707830183208,2014.58325581468,0.0625,1265,2,"SNETWORK (2 41 2014.58325581468 0.149697200637945 100001474 1265)",100
41,100001475,-0.0224760799379541,182,-0.886598059773572,-0.0928456434617663,0.315622755524543,0.310024668600395,0.31737100022456,0.937664962223505,0.904657832697929,-0.278318420874846,-0.397540051085781,0.882731110034634,0.596545849380141,0.714893871076931,0.882731110034634,0.882731110034634,0.478956616033954,-0.65614481460361,-0.782519554115594,-0.269428794054553,-0.805723654003493,-0.720739219712526,0,-0.434965034965035,-0.700859950859951,-0.0224760799379541,10,-0.426930781745109,-0.227232707757029,-0.22545516429922,0.485433898458679,-0.0235143562655998,-0.249734186155922,-0.393885724712095,0.23841080459977,0.096907328826021,591.0000000001,0.366268561367351,0.0567960294232901,181.0000000001,0.0657433892827789,0.43201195055013,0.0210970315204673,-0.262162301067495,-0.0468949295781944,-0.40933276669693,0.0677174128848623,0.747345716564188,-0.167671251590923,0.800032940882455,-0.492471729078869,0.726815860986078,0.400676875813459,0.288514377248142,0.0604726232858516,0.0693372322329529,0.0546241302763702,-0.505604250864658,0.269648124233148,0.102215627178161,0.139017963839617,0.167198521564845,0.201230456032744,0.895969796499365,-1.40827946364001,0.212706471825532,0.212706471825532,0.83699892531117,1.06316675953723e-11,-1.30176808737389,-1.14240948221591,-0.642354991333235,-1.25651401764871,1.27661829369987,0.940484321132662,0,591.0000000001,0.0178864944299235,0.00321053699054375,0.556255214602008,0.819430355837816,2705.68867243412,0.0625,1388,2,"SNETWORK (2 41 2705.68867243412 0.556255214602008 100001475 1388)",100
3,100001476,0.171024687753072,202,-0.226804037760009,-0.273941878615531,-0.467885001197052,-0.45962963966976,-0.447550990366083,-0.40707241953159,-0.481418040346059,0.521309853567225,0.508533321036864,-0.79516554010818,-1.23149307591838,-0.699905836776126,-0.79516554010818,-0.79516554010818,-4.84399577169225,0.227437915116728,0.321149293969227,1.25506229285928,0.0291408180500154,0.0739219712525668,-0.0898203592814364,1.0005994005994,0.837837837837838,0.171024687753072,7,-0.232303031341701,1.09550896091073,1.10475890559007,0.379492770559956,0.170108480210441,-0.0445567879027209,0.51252199718617,0.0930281088086317,0.0752303433451603,851.0000000001,0.102357021124426,0.281336286808353,4129.0000000001,1.85722990606678,1.95958692709121,0.075867835545596,0.687006538548677,1.25646622196984,0.143945731910568,-0.219635490329758,-0.536749137104262,-0.275620339535482,-0.455165976666652,0.277439859871809,-0.384410231451837,-0.645925653802273,0.782814121433886,0.76581205070415,0.136694105201788,2.35668164387262,0.0634159493910396,-0.118308288538503,-0.751834212897414,-0.690544926566652,-0.641104661755904,0.873859361350543,0.387572105687461,-1.63642494751649,1.08797914558813,1.08797914558813,-0.384003375417073,-1.68586403189521,-0.709700345102532,-0.597471800577853,-0.72754504168911,-0.587476066255685,0.365993313130529,0.37202297564545,0,4129.0000000001,0.00396287887044951,0.0719049565751465,0.920969138119024,1.30746532510966,2518.44267187512,0.0624998605480869,203,2,"SNETWORK (2 3 2518.44267187512 0.920969138119024 100001476 203)",100
41,100001477,0.00739256637143035,187,-0.886598059773572,-0.0928456434617663,0.315622755524543,0.310024668600395,0.31737100022456,0.931569180090766,0.895627127743512,-0.328470613935532,-0.402098311780496,0.882234023847326,0.586133575791109,0.766539556705289,0.882234023847326,0.882234023847326,0.475495751461553,-0.646840829252858,-0.773755679400005,-0.255902988190836,-0.796469823341017,-0.720739219712526,0,-0.434965034965035,-0.700859950859951,0.00739256637143035,10,-0.552693694182197,0.17501903492272,0.174547355544746,0.798811864975476,0.00538698806820052,-0.31151316529571,-0.399057985110525,-0.715782659496016,0.129235921986696,1842.0000000001,1.52239872083017,0.0850343843290505,548.0000000001,0.298009884466028,1.8204086051962,0.0828182229798104,-0.210926513577255,-0.516097230580335,-0.0594874109763509,-0.292381810589015,-0.359905894218718,-0.329569890087602,-0.359317992588147,-0.589454311194634,-0.624085384872702,-0.331238513698607,0.670208595790696,0.665111562642733,0.0672538848365833,1.00236896820462,-0.353148128111646,0.538992472803679,0.102215627178165,0.139017963839622,0.167198521564845,-0.138416059358514,-0.434006510113889,0.733885762805826,-0.135124879277244,-0.135124879277244,-0.0603887670583195,1.06316675953723e-11,-0.686692640854643,-0.616524944276642,0.108476989738418,-0.764243190772725,0.28202578412309,-0.843462461103198,0.000496130593184777,1842.0000000001,0.0692604705407371,0.0135577523390733,0.571862037657521,0.231289136378214,2732.21861300698,0.0625,1393,2,"SNETWORK (2 41 2732.21861300698 0.571862037657521 100001477 1393)",100
41,100001478,0.140758531115661,207,-0.419244275461604,0,0.315622755524543,0.310024668600395,0.31737100022456,1.02789340133868,0.930398072123057,-0.349628969518535,-0.465783941466792,0.709396681622517,0.748855579432719,0.181612306203043,0.709396681622517,0.709396681622517,0.429946236230225,-0.691541279972706,-0.818258394498283,-0.372192351161725,-0.831536079990803,-0.720739219712526,0,-0.434965034965035,-0.700859950859951,0.140758531115661,10,-0.315808382760047,-0.1029726317992,-0.102332000281583,0.464016046887759,0.145159235617584,1.4739198136546,-0.457340161320238,0.3463577362572,0.0696536672504917,498.0000000001,0.221834387322122,0.0686626104963664,1069.0000000001,0.469411316096105,0.691245703318228,0.0330249947345082,1.25422539293622,0.339056335927647,1.33525819845949,0.137757743660265,-1.79865991270024,1.09586387270022,-1.88545790327127,0.00230622169621671,-1.70679013686797,-0.765962581372825,0.55529400280224,0.27713655861605,-0.86385547466209,0.458890523845831,0.104477235890736,0.495413427643051,0.102215627178165,0.139017963839617,0.16719852156485,0.485113057854359,0.210163649814743,1.42481704145213,0.548908759562613,0.548908759562613,0.0548545387338902,-0.100902089850577,-0.239336070550288,-0.209424983628099,0.300755750336997,-0.320730368228117,0.480720053890212,-0.260337552621111,0,1069.0000000001,0.010598372494255,0.0224266221402532,0.640875556179529,1.29833572858479,2849.53426005445,0.0625,1413,2,"SNETWORK (2 41 2849.53426005445 0.640875556179529 100001478 1413)",100
17,100001479,-0.463954974057951,140,0.152577399052067,0.406018494492994,-0.358045591966192,-0.357303355798844,-0.355675841278248,-0.167849987180446,-0.157002002209454,0.163999088060569,1.08781493008021,0.645115647657267,-0.0529541112832125,-0.0947563676512422,0.645115647657267,0.645115647657267,0.47396124718168,-0.0264453317056332,-0.000556229031953838,-0.357956045852041,0.00435240949804487,-0.33264887063655,-0.333618477331052,-0.204195804195803,-0.181818181818182,-0.463954974057951,9,0.585205885584313,2.58275332201903,2.64672654332385,-0.327641057887506,-0.457472982647385,0.522278810598739,1.08700933268793,0.805994777757381,0.120363968880728,7119.0000000001,1.36997318589667,0.244061690210427,572.0000000001,0.223198986367844,1.59317217216452,0.0476224325241615,-0.0168752431545143,-0.23502297970053,0.508507106756186,0.295499528223337,-0.333311749113299,-0.182144625135549,-0.216787151995182,0.588316349412262,-0.289840095629356,-0.706249104069229,-0.464030745500076,-0.435296787365674,0.295041750426541,-0.241541911324062,0.121428129376516,-0.27752634238734,-1.4058558810172,-1.37829262321506,-1.40813399619979,0.529003572800388,0.844603008727147,-1.92509012384222,0.604984471602786,0.604984471602786,-2.98154616803674,1.06316675953723e-11,0.217334215581538,0.211776501764612,-0.253910960647408,0.313430506309369,1.18815071892534,0.547706836197083,0,7119.0000000001,0.0409506622118386,0.00667177021232286,0.487251462911751,1.55147849031606,1938.3220766632,0.125,559,2,"SNETWORK (2 17 1938.3220766632 0.487251462911751 100001479 559)",100
3,100001480,-0.220938202224009,125,-0.226804037760009,-0.273941878615531,-0.467885001197052,-0.45962963966976,-0.447550990366083,-0.37882634417443,-0.442595499313772,0.553302190705057,0.748414246870259,-0.0509711969349162,-1.241538595306,-0.16495403398037,-0.0509711969349162,-0.0509711969349162,-4.37576232104166,0.155055141677833,0.224050619798586,1.11088561151672,-0.0357225795954123,0.0739219712525668,-0.0898203592814364,1.0005994005994,0.837837837837838,-0.220938202224009,7,0.163286811598066,1.98358113593397,2.02014289582036,-0.119688949748518,-0.217999162109502,-0.15680687885397,0.749186839236194,-0.0302754419763094,1.29360469457024,9083.0000000001,18.7856372346154,0.0643883300614082,2148.0000000001,0.221124300739138,19.0067615352545,0.630381482514408,-1.86032014504249,-1.88834273838171,-0.62446137907215,0.52081856905537,1.92072199247722,-0.57567390675095,1.39876411019667,0.22573062049803,0.867594117860598,1.75139912954413,0.211632862591673,0.32088681151155,0.161561261959414,0.307462249844554,-0.183656619125852,-0.461007527196321,-0.751834212897418,-0.690544926566656,-0.641104661755909,-0.228955815225781,0.454169136420518,-1.10827100841527,-0.218899969097118,-0.218899969097118,0.209116660266646,-4.017313952607,-0.333578768292944,-0.332624692740084,0.0756898553235821,-0.369577228390897,0.403956834121549,0.0296422968281687,0,9083.0000000001,0.623047636289336,0.00733384612507138,0.619228107173124,2.7587877229671,2083.36206197217,0.0624998605480869,126,2,"SNETWORK (2 3 2083.36206197217 0.619228107173124 100001480 126)",100
28,100001481,-0.19305369261082,187,-0.790377993358492,-0.853832397374456,-0.715996162004961,-0.715344983900652,-0.711097017555422,0.769790049596718,0.777894332940359,2.04320226189129,-0.438372391000497,0.348772484461545,0.0984814872634354,2.72326570969343,0.348772484461545,0.348772484461545,-0.0256665339815486,-0.880959523879599,-0.950083288895202,0.674974537920185,-1.2620371674593,0.468172484599588,-2.26546906187625,-1.53286713286713,0.194922194922195,-0.19305369261082,8,-0.709910139926619,0.95763191515791,0.964169580540745,1.33475453794646,-0.185793936789784,0.799762746615379,-0.434811423608127,0.728497033246496,0.140326797937231,3816.0000000001,0.85613794662386,0.0703470444644237,5252.0000000001,0.590697779580652,1.44683572610451,0.0573823816940147,0.755126345470709,0.722948842094569,1.24972376188382,1.09171693214941,-0.249269753603161,0.404776067488603,-0.216293536738027,-0.275288065285095,0.696954322492172,0.351646059739838,0.6357076075472,0.203744446692436,-0.0499981053341983,0.409564216763404,-0.471792152073761,-0.752292666128179,-0.897784372821835,-0.860982036160378,-0.832801478435145,0.434864021921735,0.851654309955131,-1.63514531046831,0.486105284785383,0.486105284785383,-0.149018156730012,-0.126685658700616,-0.891046446262713,-0.767932274368477,-0.612365366243241,-0.813919315183911,0.135641294448649,0.260142878312619,0,5252.0000000001,0.0339549497303435,0.0234274318636711,0.152141567348952,2.95132893921838,1736.93805503509,0.125,728,2,"SNETWORK (2 28 1736.93805503509 0.152141567348952 100001481 728)",100
17,100001482,-0.19305369261082,180,0.152577399052067,0.406018494492994,0,0,0,-0.300061759757001,-0.310009572415511,0.0270847053023404,0.946229154272557,0.427615506553052,-0.188548235462898,-0.0409179269770921,0.427615506553052,0.427615506553052,0.442545759647951,0.0413865327531803,0.0822484421548697,-0.21156945853731,0.0630714262797168,-0.443531827515401,0.0161216029479497,0.044324905863371,-0.265923265923267,-0.19305369261082,9,-0.300840550542015,-0.0497844002557823,-0.0495085617075909,0.3081675895146,-0.195199693827034,-0.619499367428709,0.945851862239936,0.678913656612681,0.0793828252255972,1779.0000000001,0.225787073016073,0.100327312822929,2935.0000000001,0.470786347436946,0.696573420353019,0.0329691090065061,0.313551180729398,0.245881184149674,-0.568521098210674,0.150138071055352,1.10397734155665,-0.655559940466743,1.14583297130666,0.263704690542304,1.10197546381738,2.50691714779334,0.360531310318311,0.544588868204793,0.179310737015812,1.00121543261805,0.121428129376516,-0.277526342387341,0.102215627178161,0.139017963839617,0.16719852156485,0.428350170354256,-0.207827496969254,0.491159726994289,0.478071404734039,0.478071404734039,0.00452674240599253,1.06316675953723e-11,-0.642837879915006,-0.581664128377762,-0.633482955266504,-0.536969084750307,0.796197646178792,0.242592635110436,0,2935.0000000001,0.0106865958134712,0.0222825130930349,0.627645397476924,0.167307808063924,2172.09568379997,0.125,599,2,"SNETWORK (2 17 2172.09568379997 0.627645397476924 100001482 599)",100
29,100001483,-0.957033535445656,55,-0.790377993358492,-0.853832397374456,-0.959757100198023,-0.960709455694412,-0.961711264614227,0.444584958554444,0.37098930653655,1.59909025475703,0.11630368145695,0.890238358797718,-0.204492663390516,2.93169026014632,0.890238358797718,0.890238358797718,-0.0837289290716561,-0.360625964536805,-0.461059639000204,0.48497240599796,-0.571262630048716,0.388090349075976,-1.93862275449102,-1.29510489510489,0.10534398034398,-0.957033535445656,8,1.08726210384221,0.112899069574744,0.112506585210622,-0.694416753825722,-0.95373193992846,-0.10816292383706,0.118356548187221,0.400792382897542,0.0939900995300842,2560.0000000001,0.3846952643178,0.0664912997248961,442.0000000001,0.0469874479417384,0.431682712159538,0.0198548650590429,-0.260521921632049,-0.34816702503951,-0.381825134479306,0.375609367938529,1.18842855958885,-0.103248627648438,1.1988410880076,0.115384881478022,1.12582241096812,1.36647726616977,0.559486783323302,0.207082655532381,-1.00246633416589,0.0924263354987916,-0.471792152073761,-0.752292666128177,-1.16439685872866,-1.13244391634592,-1.13470820184212,-0.0878149664336387,0.625435135724041,-0.709745753512039,-0.0867375014981144,-0.0867375014981144,0.368557882706344,-0.957448654310668,0.223196415449927,0.158021082107154,0.662732892257435,0.0984082886568239,-0.112875661441037,-0.175687374756974,0,2560.0000000001,0.0176937188079338,0.00216114615110905,0.331053944498563,1.19282479601679,995.564356722569,0.25,850,2,"SNETWORK (2 29 995.564356722569 0.331053944498563 100001483 850)",100
3,100001484,-0.0164219192495648,168,-0.226804037760009,-0.273941878615531,-0.467885001197052,-0.45962963966976,-0.447550990366083,-0.410298842881694,-0.483788809657214,0.524658568961855,0.595172023315919,-0.380998254243451,-1.26839088081142,-0.554972373402884,-0.380998254243451,-0.380998254243451,-4.61648518314374,0.172526558149411,0.249066281186888,1.06057821218439,-0.00448415971857331,0.0739219712525668,-0.0898203592814364,1.0005994005994,0.837837837837838,-0.0164219192495648,7,-0.141295540832451,2.46757481617861,2.52574952392091,0.45583263493398,-0.0141391206259165,0.467652833657614,0.597114843784164,-0.272358091025658,0.143424563423029,4461.0000000001,1.02294149049008,0.0577236699573713,701.0000000001,0.0646944443522769,1.08763593474236,0.0331665184006586,2.24334372911547,4.38797508468184,-0.0189607995093895,0.386224682981047,0.552575315033237,-0.192138366722309,0.371324220337045,0.367402110117154,-0.0294680634303427,-0.044398289444838,-0.0479606732705767,0.410425085474901,0.146114397327385,0.847480087443624,-0.183656619125852,-0.461007527196321,-0.751834212897414,-0.690544926566656,-0.641104661755904,0.919372743874902,-0.865227498717103,1.02271504346463,1.15773582577535,1.15773582577535,-1.13778471128513,-17.5980830830732,-0.0899065147323397,-0.0706293666233576,0.264486520994784,-0.148306880174635,-0.285366102110785,-0.196813823178309,0,4461.0000000001,0.0311937171078131,0.00197280119284551,0.786471482221183,1.1886564730656,2324.51040494043,0.0624998605480869,169,2,"SNETWORK (2 3 2324.51040494043 0.786471482221183 100001484 169)",100
41,100001485,0.224213404022277,217,-0.419244275461604,0,0.315622755524543,0.310024668600395,0.31737100022456,1.00183639919062,0.891823124331465,-0.420144607302978,-0.477124410279747,0.635376844329723,0.749628000111635,0.253349714216255,0.635376844329723,0.635376844329723,0.417351011516465,-0.702553273079139,-0.832313996481702,-0.340939781143113,-0.851139610805306,-0.720739219712526,0,-0.434965034965035,-0.700859950859951,0.224213404022277,10,-0.415053172625323,-0.112550015846425,-0.111835971192081,0.485429833621384,0.225305210992212,0.638665836475214,-0.472457336391451,0.0116087658539996,0.116607494244678,1477.0000000001,1.10144419222951,0.0717117238709615,488.0000000001,0.223802804029287,1.3252469961588,0.0634220378693327,0.0245108191815548,0.17568101929744,0.610122677584833,1.20329989228897,0.903839678945927,0.57937355587332,0.948412159249933,-0.266439842148444,0.884343438662603,0.403764908618105,-0.468149865575602,-0.557685841030895,0.0381980847304529,-0.112013932459085,0.562105955755759,0.451834062908154,0.102215627178161,0.139017963839617,0.16719852156485,1.06547887515095,1.12813887117584,-2.61414120835526,1.39195974468409,1.39195974468409,0.00901452358518166,1.06316675953723e-11,-0.686061263318879,-0.519113118425164,-0.809201448136716,-0.541859206228039,0.323429918297969,0.0419764991407147,0.00862346733939096,1477.0000000001,0.0527115589484805,0.0107104788208522,0.673375941284829,0.524656628782395,2904.78146074172,0.0625,1423,2,"SNETWORK (2 41 2904.78146074172 0.673375941284829 100001485 1423)",100
29,100001486,-0.808981567462924,88,-0.790377993358492,-0.853832397374456,-0.959757100198023,-0.960709455694412,-0.961711264614227,0.52658779284841,0.487038448617873,1.74498288889748,-0.0176970880802617,0.967521042634857,-0.16714579944072,2.82404890121464,0.967521042634857,0.967521042634857,0.0190180067909007,-0.563411620318482,-0.663873126493497,0.187765264559383,-0.772510228390706,1.05602816075095,-3.18648417450813,-1.88851148851148,0.604422604422604,-0.808981567462924,8,-0.325354121368502,0.1145167322911,0.114120960051003,0.371539290327282,-0.805520181778724,-0.438543836375851,-0.0152702317564725,0.287548399936975,0.929697592527411,254.0000000001,0.377546274068694,2.17306373242887,63.0000000001,0.218880856216999,0.596427130185693,0.0274243329735362,1.68280260895266,1.54755483920526,-0.517673945511259,0.572238968940547,1.58279682745765,-0.461198357947316,1.59627956537869,-0.192647084741172,1.67067824832632,1.72989520979989,0.376762985507696,0.244541965562579,0.0610582900269676,0.243623902382754,-0.471792152073761,-0.752292666128179,-1.14865192444346,-1.11641271156254,-1.1168788273791,-0.0431328883933371,-0.147268236155676,0.894679761753246,-0.043048723991624,-0.043048723991624,0.461393023282754,-0.858431941198834,0.306639896486138,0.284446407213799,0.0272641338755932,0.343315615547206,-0.650904314406687,-0.530707282638162,0,254.0000000001,0.0173599659877865,0.0100643668857497,0.536832829286136,0.730363638857647,1186.4684864671,0.25,883,2,"SNETWORK (2 29 1186.4684864671 0.536832829286136 100001486 883)",100
17,100001487,-0.861574514395395,53,-0.711340194022643,-0.147031598306002,-0.358045591966192,-0.357303355798844,-0.355675841278248,-0.0372857767141186,-0.033073110072937,0.338461182487718,1.32231665473556,0.680454610383231,0.0506804013546267,-0.090565742140107,0.680454610383231,0.680454610383231,0.507949276200557,-0.00316415764310033,-0.00635582538996743,-0.458042917277602,0.0520257223732006,-0.596303901437372,0.141716566866268,0,-0.395577395577396,-0.861574514395395,9,0.86570532173528,-0.0191714846195926,-0.0190727517001642,-0.631041442337295,-0.851506633895759,0.502091239396935,1.3209553451466,1.08905966629035,0.205695410953029,911.0000000001,0.299598444512436,0.290897959386405,1358.0000000001,0.631592579910282,0.931191024322718,0.0438366495272416,-0.279991374666904,-0.279294566101944,0.572184780739573,1.54386692219053,1.50762422709003,0.454236476563859,1.55653173642312,0.994575918815323,1.45251059571929,4.00318052923878,0.0182278865661161,-0.238122738983597,-1.22157448989722,-0.19498408964941,-0.675181930528773,-0.587156310063935,-1.4058558810172,-1.37829262321507,-1.40813399619979,-0.301548692523233,-0.977193643177049,0.360148000372534,-0.283555855628408,-0.283555855628408,-0.219135834563883,1.06316675953723e-11,0.0765207209311775,-0.0984412708430771,-0.574839394125584,0.236735643648383,-0.855966622945652,1.32390463952001,0,1358.0000000001,0.0141038644435148,0.0297327849837269,0.180110464017708,2.14106140370439,1426.89357775095,0.125,472,2,"SNETWORK (2 17 1426.89357775095 0.180110464017708 100001487 472)",100
29,100001488,-0.498288533592106,147,-0.790377993358492,-0.853832397374456,-0.715996162004961,-0.715344983900652,-0.711097017555422,0.584654188532123,0.561866525001025,1.78346538721154,-0.229123279407774,1.18023444920273,-0.215257016601769,3.49980661891436,1.18023444920273,1.18023444920273,0.125826497130991,-0.772244201201108,-0.857433456534534,0.83711082815565,-1.15465864684745,0.340041067761807,-1.74251497005988,-1.15244755244755,0.0515970515970513,-0.498288533592106,8,-0.0646318888067998,-0.0917521630482012,-0.0911945350359409,-0.00873129587630969,-0.496795925323164,-0.488539452958083,-0.22653821968686,0.784581723714653,0.274738690547035,2871.0000000001,1.26109493666756,0.090838620529587,1166.0000000001,0.16934167308149,1.43043660964905,0.0682056238972833,-0.325988624355117,-0.331505047546126,-0.56654326514845,0.165796708588894,1.15302872884992,-0.476150529362822,1.20560200640562,-0.422480260413496,1.11552320437933,0.85629313915936,0.621461635594311,0.436983233701026,-0.811541054838751,0.55984458218097,-0.471792152073761,-0.752292666128177,-0.89778437282183,-0.860982036160378,-0.83280147843515,-0.105395637131529,-0.377530666779216,0.572887796989016,-0.103678877825057,-0.103678877825057,-0.102425777354122,-0.213448488252015,-0.119760946858252,-0.193655789758922,-1.05519153480075,0.13780303152089,0.467243769286883,0.561126543048159,0,2871.0000000001,0.0601311279660984,0.00807449583118493,0.892596653354611,0.080674784258008,1516.5158734888,0.25,942,2,"SNETWORK (2 29 1516.5158734888 0.892596653354611 100001488 942)",100
3,100001489,-0.312528277848358,104,-0.226804037760009,-0.273941878615531,-0.467885001197052,-0.45962963966976,-0.447550990366083,-0.348310451607122,-0.41601545709475,0.578024787993618,0.794207002486255,-0.0614701172209842,-1.20878820837307,-0.152063373607121,-0.0614701172209842,-0.0614701172209842,-4.38934257594409,0.168236483405,0.230400447819988,1.14532644315642,-0.0254068793614122,0.0739219712525668,-0.0898203592814364,1.0005994005994,0.837837837837838,-0.312528277848358,7,0.338363132744555,2.41488637659212,2.47049092999732,-0.140178867896591,-0.31146027693126,-0.486487938733641,0.794138758325756,0.581683600905305,0.634777811656296,5400.0000000001,5.4803782230668,0.524056285757311,1735.0000000001,1.45369215897069,6.93407038193749,0.213388602976218,-0.00632294150803555,4.77287689082141,-0.301259813378983,-0.132117091155669,0.244180312202382,-0.984724676258582,0.166495948760164,-0.0120181156038881,-1.00836515365519,-2.06745434880551,1.08662512679179,0.65772538334177,0.16567504839521,0.49921925335299,-0.183656619125852,-0.461007527196321,-0.824752533875998,-0.775697199578568,-0.736878520561041,-1.32157320349479,0.221313976385334,-0.850094206277336,-0.994046931585285,-0.994046931585285,0.0681671071756207,-0.832212210597977,-0.93987170358893,-0.944499909459706,-0.201043715455971,-0.966761817696844,0.290009486537341,0.317676415354601,0,5400.0000000001,0.16865278081043,0.0447358220657875,0.530137889181358,2.59915839560514,1954.90281246694,0.0624998605480869,105,2,"SNETWORK (2 3 1954.90281246694 0.530137889181358 100001489 105)",100
17,100001490,0.229867830211433,242,0.152577399052067,0.406018494492994,0,0,0,-0.492476807692353,-0.555615567740743,-0.169661837755299,0.69970057594342,-0.0366758237385193,-0.365217966434753,0.168187282196987,-0.0366758237385193,-0.0366758237385193,0.377607718778362,0.237878637252045,0.304148049796148,0.00985804752080726,0.270253742799963,-0.443531827515401,0.0161216029479497,0.044324905863371,-0.265923265923267,0.229867830211433,9,-0.536761095021406,-0.490930881131298,-0.485397200286053,0.643928781251018,0.22753726784232,-0.214990162380701,0.699910126320774,-0.578785373538364,0.489734701626769,809.0000000001,0.63344071485729,0.0934176609990433,2966.0000000001,0.442992843277836,1.07643355803513,0.0550729208594207,0.196105487787333,-0.0855619946047016,0.267437347267057,0.174451220417641,-0.143288054858759,-0.0663106092711238,-0.161649834416311,0.485000389407679,-0.464989518244568,-0.906998594338677,-0.263193269750449,-0.267174019189862,0.156812774166778,0.0933491639680499,0.121428129376516,-0.277526342387342,0.0663482879745224,0.0902367294815455,0.108528763790319,0.897040617385447,0.450348396812905,0.0750675877824366,1.12332284294464,1.12332284294464,-0.968504283963213,1.06316675953723e-11,-0.0257250864825825,0.0188176230693367,-0.420244363584023,0.0874046316138926,1.6505940822312,0.499203990399759,3.25371167855832e-13,2966.0000000001,0.0324083451620908,0.0226645755973299,0.846002091703943,0.110098713077605,2535.68711821635,0.125,661,2,"SNETWORK (2 17 2535.68711821635 0.846002091703943 100001490 661)",100
28,100001491,-0.368990170206741,168,-0.790377993358492,-0.853832397374456,-0.715996162004961,-0.715344983900652,-0.711097017555422,0.769890572187948,0.784952620724385,2.04514201579234,-0.420725950261287,0.485288019324173,0.11546128067958,2.80646215326916,0.485288019324173,0.485288019324173,-0.00591658633415784,-0.839910506686488,-0.90839021485168,0.727471913401285,-1.21989716972332,0.468172484599588,-2.26546906187625,-1.53286713286713,0.194922194922195,-0.368990170206741,8,-0.0751344392435161,-4.07607659967013,-3.80978308050697,-0.395022680655531,-0.368539211823135,-0.180277976212078,-0.417610264901162,0.695811719460523,9.07588431025316,2024.0000000001,29.3693425781491,0.192661695506546,1163.0000000001,0.358236520647777,29.7275790986968,2.90258400906271,-1.31872717560285,-0.135228887942673,0.228826992919312,0.726408467613184,0.788950237697837,0.940497925229775,1.68327201457324,0.00772291527976645,0.0949514404917397,0.0679565852931956,0.292587769840174,0.322556656103254,-0.935308997260948,0.480548857859094,-0.471792152073761,-0.752292666128177,-0.897784372821835,-0.860982036160374,-0.83280147843515,-0.0551816103455587,0.780909943165488,-0.496124746643493,-0.0549195484918028,-0.0549195484918028,-0.118589514666937,-2.26557274351096,-0.319601870789421,-0.232843820320438,-0.133249403896469,-0.303793513208446,0.51506564583687,0.256870921919055,0,2024.0000000001,2.86760599771869,0.0349780112440269,0.01965675152027,0.650363587490544,1631.7607019428,0.125,709,2,"SNETWORK (2 28 1631.7607019428 0.01965675152027 100001491 709)",100
29,100001492,-1.1685946376778,1,-0.790377993358492,-0.853832397374456,-1.31184600508887,-1.30651564302517,-1.32383268064034,0.381739043394083,0.345643717758579,1.51782305113023,0.267660614435399,0.552105339509648,-0.146901177357885,2.05332631193202,0.552105339509648,0.552105339509648,-0.240743735947572,-0.311821667106357,-0.454054237595041,0.0883180975524864,-0.437121736444629,0.279260780287474,-1.27411842980705,-0.441958041958041,0.405132405132405,-1.1685946376778,8,0.877549177705474,4.67844302570128,4.88697480428272,0.303532468017049,-1.16718544179535,-0.950291755171909,0.268953770849261,0.685451754262745,0.07763671885,1.0000000001,0.000124125864864597,0.168891080241364,3212.0000000001,0.867315315616879,0.867439441381744,0.0180661076688537,-2.60219508111548,-5.98769749681202,-0.961153872342052,-0.933995757150672,0.0690303077699935,-1.82006409038225,0.0344144595691333,-1.02357066376932,17.4701006269729,24.4419855139836,-1.11872111109227,-1.25700826369183,0.271775202268632,-0.481010272093723,-0.471792152073761,-0.752292666128179,-2.3587188560243,-2.29529197602235,-2.43477706343215,-3.43664406852827,-0.215357112693769,-0.400825116690439,-1.72458143744152,-1.72458143744152,0.767557364776349,-30.6526268870945,1.21821690200128,1.55790108149443,0.121561286917669,1.31893308659391,-2.01447642819193,-1.9502439031136,0.117904013974806,3212.0000000001,2.58515962428055e-06,0.0180635224092294,0.00935985242711712,4.38709013156405,697.123966425709,0.25,801,2,"SNETWORK (2 29 697.123966425709 0.00935985242711712 100001492 801)",100
41,100001493,-0.542843183139992,88,-0.886598059773572,-0.0928456434617663,0.315622755524543,0.310024668600395,0.31737100022456,0.985468660446356,1.14142878167883,0.627777161867458,-0.182024275950904,0.587595542632479,0.528426531677322,0.311454436652599,0.587595542632479,0.587595542632479,0.533207784877077,-0.524091110803288,-0.657274378172118,0.0263638111491957,-0.693389728195339,-0.720739219712526,0,-0.434965034965035,-0.700859950859951,-0.542843183139992,10,-0.545008866626856,0.952204961170304,0.958644636634372,0.931623716859213,-0.542350345678286,0.102523759604117,-0.179306283768602,-0.60130638802341,0.0611015091585819,84.0000000001,0.0328236416880839,0.13853364171889,1155.0000000001,1.02327596690835,1.05609960849643,0.0419253194958982,-0.265238336406421,-0.0739826544581382,-0.00989381363487067,0.125582585635996,0.213103977544588,-0.112129817542471,0.186143297859077,-0.166497343375622,0.308417580667244,0.255751070917862,-0.131839752106552,-0.16778810759084,-1.10501021976995,-0.143131258282245,-0.658232714974315,-2.60749408789749e-15,0.102215627178156,0.139017963839617,0.167198521564845,-0.353154630129021,-0.380815454350334,-0.084570812985999,-0.32820399361506,-0.32820399361506,1.83845669557354,-0.67276511676955,0.604172473979928,0.672630383804604,0.517552440194896,0.550742147206272,0.539797268256688,0.433784834261041,0,1155.0000000001,0.00130304153734743,0.0406222778585508,0.24603085556195,0.696685190312564,2178.34023128685,0.0625,1294,2,"SNETWORK (2 41 2178.34023128685 0.24603085556195 100001493 1294)",100
41,100001494,0.552172545626649,257,0.680412427894334,0.334368660703197,0.315622755524543,0.310024668600395,0.31737100022456,0.958316458881972,0.83508780302106,-0.629038821628654,-0.660120056876208,0.298962925141784,0.592583931617251,1.94460119594769,0.298962925141784,0.298962925141784,0.260209343573295,-0.513585894945455,-0.642310459591229,-0.0861281476999526,-0.659553098483686,-0.720739219712526,0,-0.434965034965035,-0.700859950859951,0.552172545626649,10,-0.468095964718281,0.158479771643232,0.158019754014975,0.626583143394799,0.551576580928334,0.645167374579298,-0.656304804471969,-0.814457387462163,0.113311517340401,1253.0000000001,0.907989162961973,0.0815708100936063,117.0000000001,0.0610346103907671,0.96902377325274,0.0442134748996158,1.54322835287219,1.98199337095865,0.559005807334498,1.29981587148918,1.05933973461459,0.511235469918549,1.06010890016809,-0.847318653209633,-0.283951538236936,-0.0502364872287327,1.2545401590725,1.16377916348908,-0.170623649770713,3.03982229924964,0.562105955755759,0.451834062908155,0.0611741359489439,0.0831996442622866,0.100065179572212,0.0624769461529933,0.507506568717114,0.139303675410529,0.0639119953687781,0.0639119953687781,-0.0807381783591547,-0.0543255221334795,-0.847074771237675,-0.775980404643677,-0.607067220862262,-0.767039596700975,0.835568349053397,-0.621015959240358,0,1253.0000000001,0.0414286595259767,0.00278481527363917,0.805595125606008,0.0766005348414183,3129.54002243975,0.0625,1463,2,"SNETWORK (2 41 3129.54002243975 0.805595125606008 100001494 1463)",100
37,100001495,0.520515995920694,124,1.29896932353205,1.22104076566898,1.45807027539656,1.42805593959054,1.43873085382348,0.178751373057371,0.103706988266586,-0.467886752163478,0.549584880785986,-0.50146170967616,0.646884958146914,-0.958304915463035,-0.50146170967616,-0.50146170967616,-0.550261918399889,-0.649991050871123,-0.705216418973112,-0.545621084722036,-0.747403796610116,1.28439425051335,-2.76197604790419,-0.927972027972028,1.1480343980344,0.520515995920694,12,1.17231828448178,0.508657408230177,0.509388297381412,-0.670923320441542,0.519648540500959,0.21036750281474,0.551522046948442,-0.595453344901949,0.142350435969828,310.0000000001,0.282213352024283,0.098951436449136,340.0000000001,0.215158288916164,0.497371640840446,0.0213397756840227,0.335852675413671,1.57246017352109,-0.0160390124056588,0.902268722262298,1.36330517930774,0.087503115720976,1.28327881103172,0.489855314113213,1.70482822253255,3.0098297831083,0.126549519156598,-0.0139718687185054,-1.06577180903491,0.093112829847874,0.528207847926239,1.07109749798066,2.19258446122347,2.15155944355969,2.28302402457116,0.178462314414042,-1.36995622142383,0.342044100155639,0.187624409261159,0.187624409261159,-0.896836868777554,1.06316675953723e-11,0.149073103854874,0.0811662813164231,0.317049627071112,0.100735021657034,-1.04300901284361,-1.07613506380558,0,340.0000000001,0.01210838958955,0.00923138599447273,0.732586446768696,0.558692360296845,4975.37104047651,0.0312499339939208,1172,2,"SNETWORK (2 37 4975.37104047651 0.732586446768696 100001495 1172)",100
41,100001496,0.159017918513976,209,-0.419244275461604,0,0.315622755524543,0.310024668600395,0.31737100022456,1.02369065905673,0.928646368721165,-0.36340863344113,-0.468098600545933,0.694535056234497,0.752207749515523,0.146266788687027,0.694535056234497,0.694535056234497,0.428036092211522,-0.700223280684927,-0.827750386030239,-0.387943748810718,-0.839598062144326,-0.720739219712526,0,-0.434965034965035,-0.700859950859951,0.159017918513976,10,-0.000465109455342091,-0.166898444356353,-0.165722946670956,-0.0873018368533671,0.159930329147544,0.713353643312662,-0.464799978285554,-0.505883892157299,0.25182122551322,1555.0000000001,2.50425336304696,0.0541154267813094,226.0000000001,0.0782141024842985,2.58246746543126,0.124778316458445,0.881761104159622,1.29968199377764,0.799074857323002,1.34864641331202,0.802294749504953,0.646838602223927,0.84986278969523,-0.218754107559695,0.677413121260062,0.320457122324637,-0.0531989305425662,0.368948944732797,-0.670681655653693,0.442763533645257,0.236130222476065,0.482876291594129,0.102215627178161,0.139017963839617,0.167198521564845,0.478901846449845,0.145010960673187,0.115850860757728,0.541065617017858,0.541065617017858,1.21387185779199,1.06316675953723e-11,-0.228397888842634,-0.214522241534592,-0.205669006927698,-0.186408330739813,0.558311268900316,-0.0717354460573908,0,1555.0000000001,0.120999208144298,0.00377910821414663,0.647633532398663,1.25886101683136,2861.02210142028,0.0625,1415,2,"SNETWORK (2 41 2861.02210142028 0.647633532398663 100001496 1415)",100
16,100001497,0.935401643991691,346,0.288659805977357,0.708741764562854,0.0737102907633875,0.0682577010310203,0.067165878475577,-0.736061480673781,-0.86919333283312,-0.450426013119004,0.302697991417166,-0.620179187796811,-0.463217840450692,0.70701994552286,-0.620179187796811,-0.620179187796811,0.327323842769894,0.644751239290661,0.739449658609797,0.351132103651554,0.720729747817713,-0.443531827515401,0.0161216029479497,0.044324905863371,-0.265923265923267,0.935401643991691,9,1.05505897915831,-0.167293961682786,-0.166114825541711,-0.609472154147804,0.932115411314322,-0.089052774022444,0.306789685034977,0.538539992324564,0.839321926401797,1816.0000000001,2.43691840203432,0.0766434923730182,1770.0000000001,0.216892795505182,2.65381119743951,0.128234408367571,-0.183618136689761,-0.306421248902496,-0.459564963380247,0.256784461615801,1.12273134372388,-0.0159425567679926,1.18957577528353,0.293964137447156,1.06195825075282,1.55395496633027,-0.887283313846557,-1.14982386745766,-1.46352253909041,-0.414172732106834,0.562105955755759,0.451834062908154,-4.52365144789511e-15,-4.51494518067087e-15,-4.84823954093274e-15,-0.0682924126102691,-0.819971891345107,0.820502615784875,-0.0677610798820477,-0.0677610798820477,0.304665388612504,1.06316675953723e-11,0.730296237232958,0.779472970055163,0.182818239213469,0.76974298628407,-0.728673885376206,0.682420381039871,0,1816.0000000001,0.117753964404735,0.0104804438628362,0.921146475777839,0.704676506644262,3122.0434664638,0.0625,414,2,"SNETWORK (2 16 3122.0434664638 0.921146475777839 100001497 414)",100
41,100001498,-0.44738416208973,110,-0.886598059773572,-0.0928456434617663,0.315622755524543,0.310024668600395,0.31737100022456,0.93698171048632,0.976131759432323,0.284146918266983,-0.257828982827528,0.660179895331899,0.463798403410918,0.449300901420425,0.660179895331899,0.660179895331899,0.514993353110458,-0.660426117099893,-0.787317900108239,-0.118618792132358,-0.838729508513127,-0.720739219712526,0,-0.434965034965035,-0.700859950859951,-0.44738416208973,10,-0.359594676104045,0.399051725170493,0.399088238974943,0.47338600073027,-0.448216806634158,-0.130558898552139,-0.253979850803661,-0.613199259586772,0.0540088925873978,708.0000000001,0.244542342966304,0.178410540780465,477.0000000001,0.544244974894755,0.78878731776106,0.0345002280102774,-0.151824838933384,-0.0421301730003618,0.0871164734786015,-0.468126281168818,-0.855872947220224,-0.193818155074932,-0.821095036926119,-0.300095710895908,-1.05236472209303,-0.759735495432664,0.00410903765925758,0.211515134264279,0.111958151663211,0.0373323504835002,-0.658232714974315,-1.30374704394875e-15,0.102215627178156,0.139017963839617,0.16719852156485,-0.653390643573443,-0.64654988075705,-0.0184566329028142,-0.567655311987662,-0.567655311987662,0.822512657030923,1.06316675953723e-11,-0.352501462790205,-0.352617426445788,-0.132120718621844,-0.34009955845164,1.04114079507299,1.12906165949685,0.00392810611668106,708.0000000001,0.0106958699432664,0.0238043579670109,0.317893767882574,0.120692460580066,2300.49954497147,0.0625,1316,2,"SNETWORK (2 41 2300.49954497147 0.317893767882574 100001498 1316)",100
12,100001499,0.460878031268401,258,0,-0.0695595240108285,-0.467885001197052,-0.45962963966976,-0.447550990366083,-0.696639740826516,-0.814933815199748,-0.0643420665636948,0.026576247304163,-1.23594290343951,-1.73232702643791,-0.0757251113098098,-1.23594290343951,-1.23594290343951,-5.4807799136657,0.508533830796213,0.657745846966807,1.73435209250893,0.295780058729511,0.184804928131415,-0.778443113772456,0.103496503496504,0.51023751023751,0.460878031268401,7,-0.29852346179106,1.39293231477281,1.40946629359063,0.535281838558658,0.461056911646904,0.289308905843468,0.0304492326808444,0.653740475144251,0.357204621120598,3267.0000000001,1.86578345421578,0.0718452146938977,2933.0000000001,0.336903050857447,2.20268650497323,0.0809655481136789,0.171285658523769,0.0517570912335181,-0.107415531134257,-0.240492716791269,-0.199298644752437,-0.0664404229860887,-0.159771903644545,0.0632950658940061,0.050355204874424,0.0716659992905566,-1.85956932742721,-1.99098304721969,-1.71280525149081,-0.472254655641492,0.223123099423871,0.103212322371746,-0.751834212897414,-0.690544926566656,-0.641104661755904,0.587153271215788,-1.79263818352463,-0.512764786859647,0.681071287463037,0.681071287463037,-12.6339560188449,1.06316675953723e-11,0.818358551934604,0.808631928364851,0.411913419541501,0.810847796254675,-0.097405819470588,1.27302663962792,0,3267.0000000001,0.0685817884220584,0.0123837595916206,0.758027738899776,0.538825738384931,2845.17073778958,0.0312499302740435,258,2,"SNETWORK (2 12 2845.17073778958 0.758027738899776 100001499 258)",100
41,100001500,0.217069058335979,216,-0.419244275461604,0,0.315622755524543,0.310024668600395,0.31737100022456,1.00854414231784,0.89948752613277,-0.418338091579133,-0.475009316842962,0.649275506468714,0.748121055949795,0.238584426786163,0.649275506468714,0.649275506468714,0.420141188308136,-0.699889396843632,-0.829682217761624,-0.347217058899266,-0.846632081604054,-0.720739219712526,0,-0.434965034965035,-0.700859950859951,0.217069058335979,10,-0.479394702421006,-0.10966300845733,-0.108971342301126,0.600770193722642,0.21709416293204,1.19423988734315,-0.471771220216149,-0.261220288937179,0.162489947804047,1571.0000000001,1.63251892033554,0.0522125233579788,629.0000000001,0.210029774800926,1.84254869503647,0.0881335696992303,0.168944475631436,-0.0290545361600261,0.636397987528318,0.612882650790587,-0.0415971693588051,0.939285502587611,-0.0440753723369357,-0.0979788709060526,-0.0145407684930172,0.00268541724495169,0.553559850985584,0.509894365493797,-0.922833893041815,0.989229916523413,0.562105955755759,0.451834062908153,0.102215627178152,0.139017963839613,0.16719852156484,0.457855280290937,0.326153741660965,-0.5433963276314,0.514657872122255,0.514657872122255,-0.0109605592908929,1.06316675953723e-11,-0.64857390456396,-0.61206310483259,-0.639813106630737,-0.541722148792982,0.401847214908666,-0.12883007137935,0,1571.0000000001,0.0780873364563103,0.01004623314292,0.670397259912714,0.0942194685339928,2899.7180189697,0.0625,1422,2,"SNETWORK (2 41 2899.7180189697 0.670397259912714 100001500 1422)",100
16,100001501,0.684843214605546,300,0.288659805977357,0.708741764562854,0.0737102907633875,0.0682577010310203,0.067165878475577,-0.694698376656848,-0.768902110805831,-0.354771669424231,0.410366679189915,-0.231693723490751,-0.47064015396742,0.468508597429749,-0.231693723490751,-0.231693723490751,0.37099611201236,0.562422608892191,0.656668537489902,0.268836093901688,0.632003097166076,-0.443531827515401,0.0161216029479497,0.044324905863371,-0.265923265923267,0.684843214605546,9,-0.396997323900405,-0.312142644954922,-0.309356591132592,0.724132972389148,0.682867364923715,0.00416796797136776,0.411325139145868,0.211498916737879,0.109061606526326,1543.0000000001,0.269050864078145,0.0998303942049655,4316.0000000001,0.688875590413359,0.957926454391503,0.0474859743285599,-0.29947606127299,-0.349605309666079,1.08925398506964,0.156213145388001,-1.46689863160538,0.110542152356523,-1.59576256636357,0.423274290277335,-1.65700576648001,-2.59757616407772,-0.00960842538635213,0.319175148004994,0.125105318110581,0.749525221633575,0.562105955755759,0.451834062908154,0,0,-4.84823954093274e-15,0.52991328851929,1.09209097906877,-1.39488902486068,0.606158955967221,0.606158955967221,-0.490205753339818,1.06316675953723e-11,-0.645628569859919,-0.488803643795037,-0.215990733791702,-0.640883655550902,1.39275553418418,0.406512325702675,0,4316.0000000001,0.0133372894503549,0.034148684778205,0.188336470636422,0.144019279344356,2859.57022123496,0.0625,368,2,"SNETWORK (2 16 2859.57022123496 0.188336470636422 100001501 368)",100
17,100001502,-0.762738342484943,78,-0.550809761043692,0.0528857651479453,-0.358045591966192,-0.357303355798844,-0.355675841278248,-0.0610852602784285,-0.0596962814391785,0.263862568255248,1.27326432696109,0.666086354183019,0.0258463402276633,-0.0847826119736141,0.666086354183019,0.666086354183019,0.503236910723014,-0.0229112598736134,-0.0229557825295198,-0.443660257584744,0.0244964190972641,-0.596303901437372,0.141716566866268,0,-0.395577395577396,-0.762738342484943,9,1.0837210505667,-0.387572096879383,-0.383730672744177,-0.70904967414961,-0.762211417398347,-0.183223701914259,1.27206315887887,-0.444934271005825,0.103035604352535,17.0000000001,0.00280048231097039,0.155671632832829,2476.0000000001,0.616249663942406,0.619050146153377,0.031098817923232,-1.09943635418917,-0.565030306123408,-0.441414234711025,-0.513311708921629,-0.10535706893103,-0.0578399440725299,-0.116826086374316,0.721370145386789,-0.120289925953929,-0.323018172499165,1.8710525552976,1.18850829506982,-0.344753951643701,3.1214194677418,0.121428129376515,-0.277526342387342,-1.15182012691952,-1.11963854165909,-1.12046643587808,0.200082229910394,0.844177825753954,-0.211808541205771,0.211435153216474,0.211435153216474,-0.280473204628935,-0.11462209279226,-1.05747662784882,-1.01966597705162,-0.818622073475386,-0.94637317011973,0.442938862456855,-0.119690948557934,0,2476.0000000001,0.000140685995555295,0.0309581318276767,0.264893499982385,1.50109672918916,1568.06802522873,0.125,497,2,"SNETWORK (2 17 1568.06802522873 0.264893499982385 100001502 497)",100
35,100001503,0.955545840119725,215,1.95876350285277,1.6240746339498,1.45807027539656,1.42805593959054,1.43873085382348,0.643242417248285,0.565242666828045,-0.113072046226539,-0.271709377997737,0.0303843806873437,1.14558972785629,-0.234571687772335,0.0303843806873437,0.0303843806873437,-0.585907317592645,-0.504323098086613,-0.617098238961314,-0.842452818005803,-0.509418834219999,-1.3305954825462,1.62674650698603,0.565034965034965,-1.23832923832924,0.955545840119725,12,-0.144768165651852,-0.134595249883773,-0.133703233030333,-0.0423366436163715,0.950349181094464,-0.36196657677715,-0.268833135038219,0.556703610046366,0.307611151937195,78.0000000001,0.153445353056949,0.0820059332520429,1176.0000000001,0.616750710623617,0.770196063580566,0.0370025978004555,0.156515668775817,-0.232463403084016,-0.522611957388185,-0.121536048197666,0.628236850971085,-0.314859818469014,0.66163120774216,-0.385367402695125,0.571809605069664,0.407406116929275,0.0808089133973182,-0.175826169513959,-1.13806186527377,-0.0258082486234944,0.596004386864676,1.11697181886013,2.19258446122347,2.1515594435597,2.28302402457116,0.231179915606022,0.113080614565006,1.17682253609201,0.246108620006467,0.246108620006467,-0.485990422329253,-2.31433222605308,0.202977333563743,0.382354262769085,0.151309748739401,0.199812799213374,-0.695781894701715,-0.469777962383375,0,1176.0000000001,0.00737198868403934,0.0296306090164162,0.288551211530617,1.21768293161432,5509.94855360498,0.0156249669969604,988,2,"SNETWORK (2 35 5509.94855360498 0.288551211530617 100001503 988)",100
28,100001504,0.682561094009923,249,-0.268041164135857,-0.507523118116241,-0.715996162004961,-0.715344983900652,-0.711097017555422,0.682852878389107,0.767000430040086,2.19806927513937,-0.639259399806331,-1.86241191026846,-0.243171793259524,1.15177574322694,-1.86241191026846,-1.86241191026846,-0.537752007546053,-1.1420883783212,-1.14167630967925,0.116944476219933,-1.48908990450751,0.468172484599588,-2.26546906187625,-1.53286713286713,0.194922194922195,0.682561094009923,8,-0.701306692555668,0.170471359129689,0.170002206144328,1.14415365681127,0.682590202811148,0.268015408826907,-0.635547905234539,0.595592288304742,0.0424765455750133,4216.0000000001,0.286315300640443,0.0378768586130463,2045.0000000001,0.12384030985951,0.410155610399953,0.0186746727305543,2.29866642096195,1.82793142227981,1.4421829584245,-0.05683405772189,-2.14153673249779,0.220750791755224,-2.13904533214823,-0.901888735141471,-2.14596278059091,-0.440369638158583,-0.844252891886826,-0.690795711666543,-0.05681291606451,-0.204437454456446,0.121428129376515,-0.277526342387342,-0.897784372821835,-0.860982036160378,-0.83280147843515,0.982019317372498,-0.236260339811196,1.88277394104522,1.25621043386277,1.25621043386277,-2.60182541291921,1.06316675953723e-11,-0.61789580274104,-0.771763405043918,-0.483415040765221,-0.545904760209875,-0.398048029509251,0.156143152553863,0,4216.0000000001,0.0130361364624546,0.00563853616809969,0.594457048630869,1.08576908973212,2088.08449594597,0.125,790,2,"SNETWORK (2 28 2088.08449594597 0.594457048630869 100001504 790)",100
43,100001505,-0.397470647618788,28,0.12371145778112,0.869954874556633,0.532114998802948,0.540517197237357,0.552449009633917,-0.319190763514125,-0.258413129389373,-0.682622746769557,-0.00183766695669199,-0.357966407809266,0.5269890940845,-1.23932974458879,-0.357966407809266,-0.357966407809266,0.390852467127143,0.625794994918096,0.428054346611755,0.0362447476630003,0.754477922542965,0,0.0419161676646709,0.81118881118881,0.429975429975429,-0.397470647618788,11,0.350902746451877,-0.00411816282710441,-0.00409774846824858,-0.371382302000977,-0.397353450031359,-0.796812480893485,0.000166628214001897,1.19527497874071,0.13407638679014,10.0000000001,1.32135880214161,0.0689893229312333,6.0000000001,0.40794498379329,1.7293037858349,0.0811929958460011,-0.123914573121016,0.775678833575793,-0.92005195907765,0.792712909608216,2.61620753203156,-0.922129421206729,2.69418783742715,-0.461667198627013,2.38929413332553,2.53447891942818,0.798039222863906,0.301192829206357,-0.893669359370938,0.458429109611202,-0.353148128111646,0.538992472803681,0.102215627178161,0.139017963839617,0.167198521564845,0.309399361276596,-1.44129569748072,0.267211830184087,0.335582156222387,0.335582156222387,-0.404138652350328,1.06316675953723e-11,-0.796220912820763,-0.699371986135858,-0.57121074559463,-0.720004564740956,-0.230017315334924,0.0163543054870433,0,10.0000000001,0.062039463787742,0.019153531958259,0.107624967461306,0.999659579247236,2954.56314065614,0.0312500660060792,1499,2,"SNETWORK (2 43 2954.56314065614 0.107624967461306 100001505 1499)",100
37,100001506,0.591666314150908,138,1.29896932353205,1.22104076566898,1.45807027539656,1.42805593959054,1.43873085382348,0.210240876240104,0.137953248524829,-0.469949176815801,0.500896911494905,-0.500200016654847,0.692975295923712,-1.09019497732402,-0.500200016654847,-0.500200016654847,-0.583831011427233,-0.709715215909685,-0.770019095869175,-0.679682680931077,-0.798156461060367,1.28439425051335,-2.76197604790419,-0.927972027972028,1.1480343980344,0.591666314150908,12,1.19297191714335,-0.444740938038275,-0.439998854867551,-0.735732854929738,0.5866057826799,-0.779944353725464,0.501630091396706,0.882673524917393,0.0373976121636577,21.0000000001,0.00502250337803021,0.121727960717972,2233.0000000001,1.73834563369227,1.7433681369703,0.088469591796443,-0.0284631494846358,0.468582573239811,-1.06978887112674,-0.754024531228657,0.498992201434133,-0.808793683564598,0.554681846929728,-0.0416413176562333,0.171514038971704,0.291618243605212,-0.288455077027874,-0.159791933861169,0.23992473128251,0.0285767340312693,0.528207847926239,1.07109749798066,2.19258446122348,2.15155944355969,2.28302402457116,-0.00947537675284449,0.443260118687657,-1.98434990594281,-0.00953190853864218,-0.00953190853864218,-1.61132664171533,-1.76790550968074,-0.114234119125584,0.0812829380287805,0.194247629036472,-0.157983121198095,-0.653337367223107,-1.70333617119679,0,2233.0000000001,0.000254873772729985,0.088214717923713,0.816725968793529,2.13219187478535,5060.78248976555,0.0312499339939208,1186,2,"SNETWORK (2 37 5060.78248976555 0.816725968793529 100001506 1186)",100
3,100001507,-0.545721073072351,45,-0.494845044588713,-0.486027089260215,-0.640656641110964,-0.630828421199535,-0.621755757978306,-0.309066900649413,-0.385416846433061,0.682956614253253,1.07059634598333,0.0647084249411309,-1.12868317911742,0.391194333439083,0.0647084249411309,0.0647084249411309,-4.86538472215604,0.264251798460427,0.289015960985854,1.34012474149668,0.0599800270020151,0.0221765913757709,0.149700598802395,1.22237762237762,0.834152334152334,-0.545721073072351,7,1.02512293360704,-0.325087212696051,-0.322130749590891,-0.691874441054005,-0.545201469050948,-0.89039855080272,1.07082905453191,0.894814407090714,0.0342050400292599,55.0000000001,0.00300779227815745,0.0760342988875144,135.0000000001,0.0164111248938874,0.0194189170720449,0.000964829836482192,0.99814760181998,0.177661266551818,-0.48759768402147,-0.637136692385493,-0.215093367353407,-1.01429458859498,-0.235085834976497,0.082626680041287,-0.221936141154756,-0.506213869928759,1.37878237984094,0.923693765309603,-0.532575973604211,1.05883594191808,-0.471792152073761,-0.75229266612818,-0.897784372821835,-0.860982036160378,-0.83280147843515,-0.498598339752074,-0.487325069108498,0.587075104383928,-0.448397438157835,-0.448397438157835,-0.125617566286495,-2.50678337056821,0.135632661636584,0.0386411296265707,0.418824267864466,0.0614281525923332,-0.0766233317041479,0.0770231641893946,0,135.0000000001,0.000149442285520996,0.000815387450961196,0.285529581941774,2.82086270723945,1602.20191803603,0.0624998605480869,46,2,"SNETWORK (2 3 1602.20191803603 0.285529581941774 100001507 46)",100
37,100001508,0.086082317982641,35,1.29896932353205,1.22104076566898,1.50580654500643,1.48232234240258,1.49987706507974,0.0837879173023223,0.0154984513779521,-0.491417802350077,0.697393476168914,-0.312151893673345,0.604722071539194,-1.08582634283283,-0.312151893673345,-0.312151893673345,-0.508440957982419,-0.52858064585447,-0.56651794135796,-0.422258034859896,-0.616924589431994,0.170020533880904,-0.850299401197607,-0.17062937062937,0.240786240786241,0.086082317982641,12,0.815976326042994,-0.215149857764156,-0.213500476949346,-0.621573464734754,0.0875680786898158,-0.06882508973507,0.697774872465329,-0.724316741134403,0.314843167429118,525.0000000001,1.05708677163253,5.00515926477336,23.0000000001,0.736211842838316,1.79329861437084,0.0873881467339276,1.06672000362098,-0.224105328676764,-0.310086693246471,0.712327040671788,1.55364263934642,0.0158219412370665,1.66023758158238,0.526676269521785,1.77772958559221,3.4700808556677,-0.116523771788744,-0.338451955392544,0.260716680141496,-0.114782417866859,0.528207847926239,1.07109749798066,2.4522912362509,2.41698321209087,2.55471607934846,0.520124407383576,-1.31304693842095,0.811978181640161,0.593547240294896,0.593547240294896,0.769829871837995,-1.16855377183242,0.417884582077426,0.529093854484314,0.905968607817457,0.252877993787772,0.113030153282728,0.507154394043138,0.0046113299325751,525.0000000001,0.0515122540442213,0.0358758925897064,0.20112632113548,1.16748797902008,4435.87689459494,0.0312499339939208,1083,2,"SNETWORK (2 37 4435.87689459494 0.20112632113548 100001508 1083)",100
17,100001509,-0.607740684748865,108,0.152577399052067,0.406018494492994,-0.358045591966192,-0.357303355798844,-0.355675841278248,-0.102493342229808,-0.0905557711157347,0.225273773072336,1.17645987180931,0.706480464341247,0.00207356943612063,-0.0791989198347185,0.706480464341247,0.706480464341247,0.491649830495326,-0.0362072918498217,-0.0207910272837082,-0.429108660032402,0.00507166756548187,-0.596303901437372,0.141716566866268,0,-0.395577395577396,-0.607740684748865,9,0.564578250952374,1.84061149500524,1.87166794048885,-0.372691796892636,-0.607892061021694,0.148987585660905,1.1756223676889,-0.562207448992033,3.78880746033996,1120.0000000001,6.7844888506158,0.22177745234139,1744.0000000001,0.618387134129811,7.40287598464561,0.251703945902308,2.18329661372866,2.66881164540367,0.191605741345517,0.241373138854306,0.0705956716603072,-0.282516143960365,0.0539177866734516,0.566869418688561,-0.448077524552759,-1.14856241603098,0.66466595345754,0.414882178343556,-0.811447478256015,0.273351358499166,0.121428129376515,-0.277526342387342,-1.4058558810172,-1.37829262321507,-1.40813399619979,-0.405561200147255,-0.434402089316771,0.704416693288411,-0.372456469831991,-0.372456469831991,0.180088238597178,1.06316675953723e-11,-0.167158663550381,-0.288070786406079,-0.511972604613436,-0.0453395862130854,0.479703172007111,-0.390274090440691,0,1744.0000000001,0.230678268485327,0.021025677316981,0.374885498982642,0.0123270597541705,1751.21857544383,0.125,527,2,"SNETWORK (2 17 1751.21857544383 0.374885498982642 100001509 527)",100
17,100001510,-0.21429029790797,178,0.152577399052067,0.406018494492994,0,0,0,-0.295943770405828,-0.305205443044771,0.0296988521129612,0.948578586153017,0.432964282115229,-0.185471057639711,-0.0403424225717378,0.432964282115229,0.432964282115229,0.442921387432973,0.0411926893812356,0.0821225012944202,-0.21339155319554,0.0631616875273343,-0.443531827515401,0.0161216029479497,0.044324905863371,-0.265923265923267,-0.21429029790797,9,-0.478208817943291,-0.20183359803475,-0.200321051311606,0.58245832382989,-0.211359635619346,0.17560336502813,0.95128801347502,0.572167605275631,0.0824515336829428,1247.0000000001,0.164384841095983,0.0778119821522597,1255.0000000001,0.156130150600057,0.32051499159604,0.0155821796476514,0.164599276648622,0.109484005629297,0.147211265424939,0.317894714477498,0.262263781162544,0.238182243646368,0.279165800016702,0.751341222628688,0.250468817966753,0.59614917616138,0.445715938018449,0.0965675274427262,-0.792406160592656,0.376606861004589,0.121428129376515,-0.277526342387342,0.102215627178161,0.139017963839613,0.167198521564845,0.925754911330775,1.5046479235803,-0.310085783231508,1.16763665835903,1.16763665835903,0.467932597167341,1.06316675953723e-11,-0.71853751362049,-0.584032065300932,-0.839249869583935,-0.570169773022391,1.12957236435972,0.237311663397677,0,1255.0000000001,0.00799174508298521,0.00759043446466616,0.621072330163228,1.58829215541482,2161.15069774602,0.125,597,2,"SNETWORK (2 17 2161.15069774602 0.621072330163228 100001510 597)",100
17,100001511,-0.682163782144014,94,-0.254295665086778,0.276450920905401,-0.358045591966192,-0.357303355798844,-0.355675841278248,-0.0956280155771044,-0.0850769075507412,0.23835524902631,1.19532789617749,0.681472420648762,-0.00409315490441307,-0.0573416712336939,0.681472420648762,0.681472420648762,0.493750121610849,-0.0140745203148569,-0.00400575655019729,-0.423769627495067,0.0319978138603782,-0.596303901437372,0.141716566866268,0,-0.395577395577396,-0.682163782144014,9,1.2631103853136,0.351390899216473,0.351216193291883,-0.730082874248905,-0.682201967091669,-0.160954273065118,1.19440536346816,-0.249172199354416,5.15493221181418,171.0000000001,1.40933956296211,0.27808815174769,1880.0000000001,0.835866479887848,2.24520604274996,0.099026777314857,-0.49159450263383,0.103065928263988,-0.0920551739960833,-0.465601841105643,-0.575083215966235,-0.212726585734799,-0.556373209017488,0.611632171931542,-0.729013950960073,-1.88656369328093,0.610488062553116,0.661497585159012,0.303336503288705,0.490699971020935,-0.268402373618771,-0.138763171193664,-1.4058558810172,-1.37829262321506,-1.40813399619979,-0.854946067489758,-0.0690987710425088,0.200123790373665,-0.710559905148771,-0.710559905148771,-0.0455839586056842,-0.0797597488215963,0.137340172424605,-0.0921017929238439,-0.416400979069513,0.265072138874376,0.287070204208582,0.130169015926929,7.39070173036512e-14,1880.0000000001,0.0621601546853616,0.0368666225294953,0.323798879443999,0.626345488242805,1666.15291101209,0.125,513,2,"SNETWORK (2 17 1666.15291101209 0.323798879443999 100001511 513)",100
3,100001512,0.153559725624444,198,-0.226804037760009,-0.273941878615531,-0.467885001197052,-0.45962963966976,-0.447550990366083,-0.399110657475606,-0.47281585375684,0.532064112085417,0.518392166141421,-0.754252878116309,-1.21315036414993,-0.777174079881413,-0.754252878116309,-0.754252878116309,-4.82547567134311,0.223993875629408,0.318128066297947,1.22752351050761,0.0298388237158428,0.0739219712525668,-0.0898203592814364,1.0005994005994,0.837837837837838,0.153559725624444,7,-0.218173204933664,0.18261092485488,0.182136176278173,0.247337371104338,0.150412946955367,-0.376416137747186,0.519051410458823,-0.463940622925043,0.100516637041408,4422.0000000001,0.710643392459215,0.10417290832467,1440.0000000001,0.239834864001076,0.950478256360291,0.0431836588439282,0.962498526095013,0.197867220731357,-0.0327019331546368,-0.102390110280563,-0.101172550150968,-0.404026057589347,-0.100967902947518,0.209643039302251,-0.0374829461865547,-0.0544717555398784,-0.385086543865826,-0.71967128062355,0.24191867274694,-0.321985544229649,0.0197333209688588,-0.17889795238422,-0.751834212897409,-0.690544926566656,-0.641104661755904,0.0579725120415842,-0.805370035773757,0.868676419411482,0.0592413869648961,0.0592413869648961,4.1335179429933,-32.5143862150647,0.902357633734519,0.847101854299319,0.71701103188659,0.829141452643115,0.0558650278071266,0.852093076027929,0,4422.0000000001,0.0322870949883821,0.0108965637555461,0.902562269617502,0.865051544120825,2491.90179492199,0.0624998605480869,199,2,"SNETWORK (2 3 2491.90179492199 0.902562269617502 100001512 199)",100
43,100001513,0.0255526258032696,107,0.12371145778112,0.869954874556633,0.965149594579297,0.947078472655203,0.966783102940535,-0.0465349339871275,-0.041785421262582,-0.462922320802479,-0.328626406314136,-0.463426221198643,0.689206519415542,-0.781245205152543,-0.463426221198643,-0.463426221198643,0.246195417044269,0.486418122367491,0.291956795096247,-0.265252899801478,0.633955628892089,-1.14579055441478,2.23053892215569,2.01958041958041,-0.227886977886978,0.0255526258032696,11,0.624331552675111,0.144235842981465,0.143791343007921,-0.528101293376645,0.0294647596422979,0.508673233546573,-0.325744586844966,0.430843962521831,0.254171494494541,3.0000000001,0.751478503445577,0.110797949235303,3.0000000001,0.327583064394033,1.07906156773961,0.0493576475872799,0.874076755663657,0.83835414592151,-0.0932922019806852,0.159160428872298,0.379664816823357,0.4159406960608,0.380777539020311,-0.0885958095008467,0.361425616055987,0.235534325829661,0.56622574896248,0.364630807551386,0.0912549674268423,0.155111147374018,-0.353148128111646,0.538992472803682,2.19258446122347,2.15155944355969,2.28302402457116,-0.495011457967294,-0.472748404094206,0.470205098675557,-0.445530436831422,-0.445530436831422,-0.00418415262668792,-0.048166109948414,0.583089690803066,0.595738760783423,0.924246244098614,0.429402099307108,-0.494895998947378,-0.379193525035125,0,3.0000000001,0.0343735817999104,0.0149840656873695,0.419336852995213,1.33627351729346,3409.24756136334,0.0312500660060792,1576,2,"SNETWORK (2 43 3409.24756136334 0.419336852995213 100001513 1576)",100
29,100001514,-1.03711368012541,36,-0.790377993358492,-0.853832397374456,-0.959757100198023,-0.960709455694412,-0.961711264614227,0.423853347899165,0.353012118675548,1.58806349573805,0.124791268700775,0.870831574638843,-0.217765929256901,2.93502029230027,0.870831574638843,0.870831574638843,-0.0902873508891447,-0.333578748222581,-0.434720462304412,0.505353833134602,-0.540894742815292,0.388090349075976,-1.93862275449102,-1.29510489510489,0.10534398034398,-1.03711368012541,8,0.70223977830776,0.0357181339841122,0.0355590927402221,-0.563926242311497,-1.03638095707739,-0.749064231538017,0.126461766741612,0.713764542256406,1.20678425569797,1711.0000000001,3.30121956749427,0.433773270964335,315.0000000001,0.218458077226216,3.51967764462049,0.164098303404019,-0.241692315678259,0.42226707253111,-0.877103111843289,-0.752664068414259,0.205694173772213,-0.857315001736363,0.210088672794213,-0.315212488465885,0.187435360503427,0.229561673240198,-0.235216718385403,-0.428730849686418,-0.0185881899859833,-0.212042348823534,-0.471792152073761,-0.752292666128179,-1.4058558810172,-1.37829262321507,-1.40813399619979,-0.875256839126798,-0.0624874431475444,-0.200706309731904,-0.72422808765659,-0.72422808765659,0.174210410876309,1.06316675953723e-11,0.197559774497691,0.418903499785061,0.241879899323671,0.178963966549883,-0.261067910631304,-0.0714063543151603,0,1711.0000000001,0.15391310925499,0.010185194049029,0.221888637115871,0.194173901726276,894.290078626931,0.25,831,2,"SNETWORK (2 29 894.290078626931 0.221888637115871 100001514 831)",100
41,100001515,-0.253684936927874,144,-0.886598059773572,-0.0928456434617663,0.315622755524543,0.310024668600395,0.31737100022456,0.980685114570908,1.00476832232295,0.135791593469875,-0.293499829537681,0.807717180080387,0.549236082193475,0.416079126559834,0.807717180080387,0.807717180080387,0.503552035731641,-0.774414618395871,-0.894988206481153,-0.232256252763146,-0.961632141035995,-0.720739219712526,0,-0.434965034965035,-0.700859950859951,-0.253684936927874,10,0.537473962650285,-1.12797231034066,-1.10553028978202,-0.551429757241698,-0.253642893774788,-0.965095207805179,-0.29074361421874,0.84581309121068,0.0314271893073439,201.0000000001,0.0403977463535455,0.1067123953997,291.0000000001,0.198592753266121,0.238990499519666,0.0136894458846231,-0.0267948747988342,1.3703834672463,-1.02125744445547,-0.329052709452875,1.0532405066858,-1.00154111999949,1.32181975125642,-0.833393832514734,1.15825494315635,0.795403364403315,-1.03432974241664,-1.06344967628089,-0.00196598695510348,-0.429849562078502,-0.658232714974315,-1.30374704394875e-15,0.102215627178161,0.139017963839617,0.167198521564845,-0.726422138233021,-0.760575890697419,0.198149625027496,-0.620996339761271,-0.620996339761271,1.5694456660159,1.06316675953723e-11,0.976022592631699,1.04080319376133,1.5370863426537,0.711709123757837,-0.0818189536457576,1.06477281711184,0,291.0000000001,0.00231399473410768,0.0113754510505154,0.43655867881531,1.41085078456672,2502.21728239511,0.0625,1350,2,"SNETWORK (2 41 2502.21728239511 0.43655867881531 100001515 1350)",100
29,100001516,-1.1685946376778,1,-0.790377993358492,-0.853832397374456,-1.31184600508887,-1.30651564302517,-1.32383268064034,0.381739043394083,0.345643717758579,1.51782305113023,0.267660614435399,0.552105339509648,-0.146901177357885,2.05332631193202,0.552105339509648,0.552105339509648,-0.240743735947572,-0.311821667106357,-0.454054237595041,0.0883180975524864,-0.437121736444629,0.279260780287474,-1.27411842980705,-0.441958041958041,0.405132405132405,-1.1685946376778,8,0.877549177705474,4.67844302570128,4.88697480428272,0.303532468017049,-1.16718544179535,-0.950291755171909,0.268953770849261,0.685451754262745,0.07763671885,1.0000000001,0.000124125864864597,0.168891080241364,3212.0000000001,0.867315315616879,0.867439441381744,0.0180661076688537,-2.60219508111548,-5.98769749681202,-0.961153872342052,-0.933995757150672,0.0690303077699935,-1.82006409038225,0.0344144595691333,-1.02357066376932,17.4701006269729,24.4419855139836,-1.11872111109227,-1.25700826369183,0.271775202268632,-0.481010272093723,-0.471792152073761,-0.752292666128179,-2.3587188560243,-2.29529197602235,-2.43477706343215,-3.43664406852827,-0.215357112693769,-0.400825116690439,-1.72458143744152,-1.72458143744152,0.767557364776349,-30.6526268870945,1.21821690200128,1.55790108149443,0.121561286917669,1.31893308659391,-2.01447642819193,-1.9502439031136,0.117904013974806,3212.0000000001,2.58515962428055e-06,0.0180635224092294,0.00935985242711712,4.38709013156405,697.123966425709,0.25,801,2,"SNETWORK (2 29 697.123966425709 0.00935985242711712 100001516 801)",100
29,100001517,-1.09813981367504,17,-0.790377993358492,-0.853832397374456,-1.31184600508887,-1.30651564302517,-1.32383268064034,0.426128553524761,0.38156636659777,1.56335578918833,0.256407833556207,0.585975055447276,-0.147769355146341,2.0674168583442,0.585975055447276,0.585975055447276,-0.237109971276662,-0.344639662428208,-0.486465515761189,0.0768213792058292,-0.476390043082887,0.279260780287474,-1.27411842980705,-0.441958041958041,0.405132405132405,-1.09813981367504,8,0.824000300427086,7.44817008215574,7.93833268344222,-0.0571941591524681,-1.0980574714186,-1.05752980803101,0.257740672212898,0.790349652409648,0.0491968245514209,745.0000000001,0.0585987173549938,0.0885396962830091,31842.0000000001,4.50747296978323,4.56607168703823,0.0592232469383666,1.30593064275765,3.12551796900775,-1.13323946588694,-0.944194133759604,0.284065503990541,-2.15189363880975,0.0846607173428742,-1.53142716510636,0.112138856701597,0.155172177297929,-1.32104239303136,-1.6047198359368,0.105062390630942,-0.484701585970756,-0.471792152073761,-0.752292666128179,-2.3587188560243,-2.29529197602235,-2.43477706343215,-3.15371270766188,-0.124419487423298,-0.384032958527399,-1.66335869691377,-1.66335869691377,-0.212790769890383,1.06316675953723e-11,0.0990811791354546,0.000336199463907086,-0.371303536820524,0.212274414993612,-2.54973937591052,-1.53691302154259,0,31842.0000000001,0.000760042008611394,0.0584632048297552,0.114718876680195,7.18733157939174,794.867099092259,0.25,813,2,"SNETWORK (2 29 794.867099092259 0.114718876680195 100001517 813)",100
13,100001518,0.898090668096579,319,0,-0.0695595240108285,-0.110963835372034,-0.110383201657025,-0.109843962764069,-0.955726454572729,-1.15382154681157,-0.451294588730727,-0.346851889788362,-1.54013432587798,-1.63070529745638,-0.0866961256999383,-1.54013432587798,-1.54013432587798,-2.91203887414171,0.606703160212694,0.845574286853488,1.7651674377922,0.413902378276579,1.07186858316222,-1.64670658682635,0.299300699300701,1.38452088452089,0.898090668096579,7,-0.0103636568050304,-0.522972277955979,-0.516855750404806,-0.129171006554346,0.892826239484859,-0.416723467198113,-0.343735910114257,-0.397387660367481,0.0462737744278336,1322.0000000001,0.0978050803525176,0.0570933945286802,706.0000000001,0.064444461699166,0.162249541951684,0.0083482411083529,0.839970125310497,0.654560089767739,-0.224083636772751,-0.538069700678208,-0.46268397004228,-0.289349099013705,-0.523095641551289,-0.477491315575531,-1.22487324465739,-0.746869321732183,-0.0982274989433261,-0.0287485478233773,0.0861694465530355,-0.0140590666490354,0.223123099423871,0.103212322371745,0.000480866141914464,0.0349290148369488,0.115671933158067,-0.0344951217187152,-0.0288184919656948,0.289000630006994,-0.034497274091842,-0.034497274091842,0.86008296903981,-10.527338860961,0.0318769843114296,0.119296583254972,0.612546571889876,-0.0990086279637468,-0.605445939431896,-0.615279086702194,0,1322.0000000001,0.00503237403613563,0.00331586697221727,0.333905788939492,1.20036171084883,3186.15391010349,0.0156249651370217,319,2,"SNETWORK (2 13 3186.15391010349 0.333905788939492 100001518 319)",100
12,100001519,0.401041410683156,247,0,-0.0695595240108285,-0.467885001197052,-0.45962963966976,-0.447550990366083,-0.663364113817231,-0.764080999262789,-0.0515135892790851,0.0481111943474544,-1.12675004026155,-1.74328454279058,-0.0480399273355798,-1.12675004026155,-1.12675004026155,-5.43718244273593,0.496705520342005,0.638466472946173,1.71103075117285,0.285135900367327,0.184804928131415,-0.778443113772456,0.103496503496504,0.51023751023751,0.401041410683156,7,0.533133865435517,-0.143267421995191,-0.14230195376415,-0.491933757772189,0.405798465842818,0.453091898533088,0.0501385049905527,0.840232661555346,0.0716403786310056,1952.0000000001,0.223579880551727,0.179627996928879,1460.0000000001,0.419297156328626,0.642877036780354,0.0309330517750259,0.287198006228022,0.488955997270857,-0.424866202161396,0.678975902643197,1.68068579162953,0.449891997807848,1.77348685938948,0.338766047013812,1.64476033705324,1.90917289636194,0.461775554992925,0.589645245445281,-0.737535287477829,0.928613028199725,0.223123099423871,0.103212322371745,-0.751834212897414,-0.690544926566656,-0.641104661755899,0.109934734430055,0.0683041183046291,0.153549494281103,0.11372252324661,0.11372252324661,-0.349593203822476,-4.31987296656843,-0.187066115337876,-0.139953340189123,0.570836850181214,-0.335420618108377,0.465420075548226,0.308281184876511,0,1952.0000000001,0.0107579017462217,0.0201751499288042,0.538803442941692,0.61336297290359,2783.6359173023,0.0312499302740435,247,2,"SNETWORK (2 12 2783.6359173023 0.538803442941692 100001519 247)",100
28,100001520,-0.273233165257051,179,-0.790377993358492,-0.853832397374456,-0.715996162004961,-0.715344983900652,-0.711097017555422,0.765571648621244,0.775365132480384,2.02531626570661,-0.42741291114113,0.448932840534412,0.0927702121335356,2.85521091717441,0.448932840534412,0.448932840534412,-0.00160510967027185,-0.875079605211809,-0.94751751000573,0.708847518645258,-1.26082553245683,0.468172484599588,-2.26546906187625,-1.53286713286713,0.194922194922195,-0.273233165257051,8,0.143423063287157,-0.473994131667454,-0.468757364439055,-0.253871169155859,-0.273749147278651,-0.454703433125553,-0.422274346945577,0.877208799603372,0.0975825166032413,514.0000000001,0.0801917883724243,0.0930146256840663,6367.0000000001,0.946849289786463,1.02704107805889,0.0523887834207922,-0.281488255443168,-0.230101123984112,-0.856558611216296,-0.0515099588627886,1.26659875050863,-0.347461884259489,1.41644257464067,-0.640647723948002,1.33869619599914,0.685814170100883,-2.3533866497784,-2.30659514710471,-0.045794786445138,-0.488617979962243,-0.471792152073761,-0.752292666128179,-0.897784372821835,-0.860982036160378,-0.83280147843515,-2.2582702524702,-0.129694250562849,-0.132718135381099,-1.40651862974931,-1.40651862974931,4.88049508860079,1.06316675953723e-11,0.759717892156099,0.711681361118216,0.0874895425902556,0.824996612180423,0.372797966245119,0.25088924560849,0,6367.0000000001,0.00409053767183307,0.0482982456489591,0.0971774392146901,2.1841543234607,1693.30300541806,0.125,720,2,"SNETWORK (2 28 1693.30300541806 0.0971774392146901 100001520 720)",100
29,100001521,-0.441925969200198,157,-0.790377993358492,-0.853832397374456,-0.715996162004961,-0.715344983900652,-0.711097017555422,0.562589791551912,0.544353486946314,1.76993076264939,-0.24979193013993,1.13824841046844,-0.171980621334155,3.49735647099839,1.13824841046844,1.13824841046844,0.10368557745214,-0.797251636733575,-0.875488590541275,0.951673669613355,-1.2071596763841,-0.720739219712526,0,-0.434965034965035,-0.700859950859951,-0.441925969200198,8,0.45917838742909,-2.98682451336704,-2.84502621049428,-0.61156221978304,-0.43876849104136,0.445410415052338,-0.247133768527022,0.537170015100844,0.116351348412453,5298.0000000001,0.98554881481005,0.0903587441909044,766.0000000001,0.110660778617584,1.09620959332763,0.087682074130761,-0.0330060634262354,0.667964187749744,-0.213025331958462,0.784230800258673,1.52076840860842,1.24454979264573,2.66397005900166,0.400972264004279,3.03706930034043,2.23733415285647,0.176568959014208,0.0632731737552369,-0.70414450264554,0.16894232040717,-0.471792152073761,-0.752292666128179,-0.897784372821835,-0.860982036160378,-0.83280147843515,0.0515868573034847,0.825325399139406,-1.35338526800039,0.0526369785484634,0.0526369785484634,0.482736712457505,1.06316675953723e-11,-0.58671010208013,-0.600265512010538,-0.912282041990092,-0.408143577702791,0.479308216048125,0.165979936262717,0,5298.0000000001,0.0788306950296783,0.00885137900108266,0.952539933401479,1.46066558919847,1572.12614527734,0.25,952,2,"SNETWORK (2 29 1572.12614527734 0.952539933401479 100001521 952)",100
37,100001522,0.675714930685175,161,1.29896932353205,1.22104076566898,1.45807027539656,1.42805593959054,1.43873085382348,0.265369819398823,0.189367970425825,-0.462631263887465,0.437838704093288,-0.550038942410046,0.726765679420885,-1.11853016167301,-0.550038942410046,-0.550038942410046,-0.574753036758823,-0.749873421654743,-0.825843447557616,-0.821238982212631,-0.822870395798005,1.28439425051335,-2.76197604790419,-0.927972027972028,1.1480343980344,0.675714930685175,12,-0.343402296566396,1.52826060424079,1.54874183749844,0.637337107076136,0.672604720143028,0.504615030608784,0.439250821454476,-1.18592363858968,1.00865917399234,118.0000000001,0.7611732406886,0.0960498519986653,1095.0000000001,0.672617063555766,1.43379030414437,0.0514740998875935,0.914960703215082,1.04589263803588,0.792476303519817,0.425531869319037,-0.549976039575341,0.0595319558526375,-0.432087235762842,0.413564049194969,-0.541240658574811,-0.872853767530876,0.450103397581056,0.628261384005648,-0.876430648419688,1.04824029553019,0.528207847926239,1.07109749798066,2.56486718660396,2.50096773368679,2.63935381790135,0.13492386791122,0.0950572909075665,-0.770909419652864,0.140397756491199,0.140397756491199,-0.106374451670944,-0.115867801753863,-0.0413474984613197,0.0519966657755067,0.195577252972545,-0.0784758993911974,-0.732729490396969,-0.450266944402608,0,1095.0000000001,0.0273266650159263,0.0241474347716672,0.95189106205351,0.752530775673222,5197.99085785227,0.0312499339939208,1209,2,"SNETWORK (2 37 5197.99085785227 0.95189106205351 100001522 1209)",100
17,100001523,-0.558919579447039,120,0.152577399052067,0.406018494492994,-0.358045591966192,-0.357303355798844,-0.355675841278248,-0.126047896490177,-0.112461567285601,0.20600023214121,1.14208166619169,0.683584736763104,-0.0280067541130019,-0.0652156277558315,0.683584736763104,0.683584736763104,0.485069694336705,-0.0253377333035245,-0.00592115020162946,-0.38396909816288,0.0105115934575858,-0.596303901437372,0.141716566866268,0,-0.395577395577396,-0.558919579447039,9,0.582451566251348,0.173320675177229,0.172849878978268,-0.527398158753783,-0.560300126410236,0.177808550299582,1.16006034806447,-1.40188485517819,2.29952113844892,254.0000000001,0.933829732440072,0.16647485065972,5699.0000000001,1.51685429387186,2.45068402621193,0.111525467622746,0.0166805228020611,-0.0686752117236091,-0.057095877100386,0.201424914016579,0.276720601445598,0.144331408518546,0.304255529464124,0.785239813021279,0,-0.000117896751581071,-0.811844956961027,-0.614389406379962,0.195124444062406,-0.322672038578732,0.121428129376515,-0.277526342387342,-1.4058558810172,-1.37829262321507,-1.40813399619979,-0.269102266802168,-0.187245482631689,0.144952785870421,-0.254927831710926,-0.254927831710926,1.50717709909407,1.06316675953723e-11,0.833869971316485,0.803751644992343,-0.604915084833225,1.07348203761842,0.632465645609172,0.0258186589142803,0,5699.0000000001,0.0424966239532304,0.0690288435695155,0.416403981644054,0.326400091350929,1820.35208526862,0.125,539,2,"SNETWORK (2 17 1820.35208526862 0.416403981644054 100001523 539)",100
41,100001524,0.0774502769704067,198,-0.419244275461604,0,0.315622755524543,0.310024668600395,0.31737100022456,0.973301549248194,0.883114529683038,-0.36755769382372,-0.444522641251277,0.804090030983476,0.669477261913799,0.572978565662871,0.804090030983476,0.804090030983476,0.442729519145683,-0.649683985753896,-0.770101614511039,-0.260116898979762,-0.79928280751936,-0.720739219712526,0,-0.434965034965035,-0.700859950859951,0.0774502769704067,10,-0.650931232471061,0.526829338137998,0.527703257451784,1.09165543301585,0.078409462508304,0.558444032950084,-0.44134083688078,-0.338248649411391,0.267501036397041,1432.0000000001,2.44976274698074,0.0564812943207834,428.0000000001,0.154598027418114,2.60436077429886,0.111384742806941,1.89239636480988,2.18181254954474,-0.0492768226859317,0.991286988270234,1.48173047642518,0.352149203358764,1.39031615847708,-0.313331324227579,1.40555291298632,0.73888613871622,0.15425270307311,0.390962645256887,0.051763457304019,0.670010044200107,-0.353148128111645,0.538992472803681,0.102215627178161,0.139017963839622,0.167198521564845,0.411432954202867,-0.191166169871325,1.17753195886633,0.457320346813752,0.457320346813752,0.28846477392152,-0.113923602966362,0.0523997468109212,-0.0282415699703691,0.425561746212824,-0.0313591864185382,-0.159886650476907,-0.474589202785513,0.00692458010612243,1432.0000000001,0.104772808728198,0.00661193397874217,0.611098893376785,0.977565540727378,2798.91709781682,0.0625,1404,2,"SNETWORK (2 41 2798.91709781682 0.611098893376785 100001524 1404)",100
43,100001525,0.369188627677576,168,0.12371145778112,0.869954874556633,0.965149594579297,0.947078472655203,0.966783102940535,0.25349525076499,0.21194308820107,-0.226623947500591,-0.58425336370158,0.0290851837395737,1.02251114845145,-1.075721505714,0.0290851837395737,0.0290851837395737,-0.112223513290681,0.745115871069811,0.618169266410931,-0.667454221275773,1.03372855455943,0.147843942505134,-0.958083832335329,-0.581818181818182,-0.163390663390663,0.369188627677576,11,-0.0755263962616883,0.0285354754767032,0.0284058142606676,0.0185280686552791,0.368053525818313,-0.0446164403136395,-0.580376625002073,0.546541503045399,0.0418725989517205,3.0000000001,0.123799712539179,0.031075700286193,6.0000000001,0.183755623223391,0.307555335662571,0.014357327907608,0.803643706191479,0.3887685629875,-0.400073994427693,0.448611918343169,1.28313627047007,-0.0208945069697344,1.31367523335882,-0.834039489837134,1.24451227023975,0.421186157172618,1.44621233266223,1.06655165276399,-0.11015802016167,1.70118645355331,0.333292087215755,0.794723803541573,2.19258446122347,2.15155944355969,2.28302402457116,-0.588582780387417,0.112671674503988,0.362516348221559,-0.518772256072821,-0.518772256072821,-0.149409804308349,-0.219975007986945,-0.296068307059871,-0.341049135149631,-0.319715614785505,-0.232972542438919,-0.2896437405208,-1.03113595135259,0,6.0000000001,0.00577923010415566,0.00857809770345233,0.656799956606047,0.728204645510411,3755.62759598951,0.0312500660060792,1637,2,"SNETWORK (2 43 3755.62759598951 0.656799956606047 100001525 1637)",100
37,100001526,0.417614645284705,100,1.29896932353205,1.22104076566898,1.45807027539656,1.42805593959054,1.43873085382348,0.14657241820093,0.073794749017055,-0.506004707992093,0.596848677083892,-0.419430902190618,0.667848922549268,-1.05778880801521,-0.419430902190618,-0.419430902190618,-0.55776079090879,-0.617349780649438,-0.667240609639603,-0.529678753995998,-0.709173052619022,0.665297741273101,-1.69993346640053,-0.507226107226108,0.644007644007643,0.417614645284705,12,-0.347849043953086,-0.47166861560954,-0.466472014201208,0.409632721793075,0.413402038541855,-0.653242403060019,0.598168899183145,-0.367545723262601,0.0459048278033227,7.0000000001,0.00205500784777544,0.143115353579589,797.0000000001,0.729460216028119,0.731515223775895,0.0372988406290154,0.957133929482163,1.79780357866182,0.23505299218195,-0.181477345095605,-0.606520265631252,-0.612729766750243,-0.679202508054348,0.130258532535898,-0.80663202497591,-1.46324128007407,-0.545304273696846,-0.613080872425786,0.250386068884801,-0.369460567370698,0.528207847926239,1.07109749798066,2.19258446122347,2.1515594435597,2.28302402457116,-0.571959221547794,-0.335181146317314,0.435965334201769,-0.505993150825045,-0.505993150825045,-1.38436172202,-5.62322725146584,1.39038962588546,1.49636725035368,1.18126789350643,1.25150020617934,-1.22485578079996,-0.917950967010784,0.0018983126608246,797.0000000001,0.000104781696661077,0.0371940588323543,0.58884046125867,1.20645294990391,4829.45206380025,0.0312499339939208,1148,2,"SNETWORK (2 37 4829.45206380025 0.58884046125867 100001526 1148)",100
41,100001527,-0.438451913006861,112,-0.886598059773572,-0.0928456434617663,0.315622755524543,0.310024668600395,0.31737100022456,0.93544795688187,0.970618970668937,0.268212230313641,-0.258772384045936,0.662999256080337,0.465992805820327,0.44996627903206,0.662999256080337,0.662999256080337,0.514376838577612,-0.663875723400708,-0.790425830215824,-0.120469249288849,-0.842737824209007,-0.720739219712526,0,-0.434965034965035,-0.700859950859951,-0.438451913006861,10,-0.420192372095022,-0.616069046638799,-0.608101290300857,0.410220553697672,-0.438040738007509,-0.114389876951386,-0.256109072868554,-0.241340962946335,0.0702361230734093,1020.0000000001,0.458159020616081,0.0884294676050091,158.0000000001,0.089353102503858,0.547512123019939,0.0286390422685337,0.0169016733441102,-0.429789952877286,-0.185179003360939,0.0895141112847583,0.431839859399212,0.0702852005611993,0.494527503216773,-0.164518965437467,0.391148806987916,0.286127818398238,-0.0317455319727657,-0.0679054021438267,0.111766595943892,-0.160878825306883,-0.658232714974315,-1.30374704394875e-15,0.102215627178161,0.139017963839617,0.167198521564845,-1.28592021790348,-0.0239275049993492,-0.0921746833731751,-0.974499860423372,-0.974499860423372,0.715479244140459,1.06316675953723e-11,0.40503055520319,0.237680986884948,0.255195413251989,0.396013514375013,1.04332858798692,1.01847649913564,0.015829878315844,1020.0000000001,0.0239651963110465,0.00467384585748724,0.324739122919412,2.37329200468957,2312.13592104118,0.0625,1318,2,"SNETWORK (2 41 2312.13592104118 0.324739122919412 100001527 1318)",100
17,100001528,0.538576727386057,275,0.152577399052067,0.406018494492994,0.0737102907633875,0.0682577010310203,0.067165878475577,-0.532403884526152,-0.620478054488458,-0.167437361846014,0.63761600697875,-0.263546010672366,-0.380888243181339,0.150843834116171,-0.263546010672366,-0.263546010672366,0.364168129409896,0.250722447565746,0.3181174173986,0.00742652375880663,0.286892780225866,-0.443531827515401,0.0161216029479497,0.044324905863371,-0.265923265923267,0.538576727386057,9,-0.660149055799635,0.433783498558401,0.43400867390795,1.09515762341849,0.540731462013664,0.958345750143578,0.638001336041607,-0.693118646591973,0.404451964431455,1525.0000000001,0.986128174956815,0.134013959920444,921.0000000001,0.197335965478167,1.18346414033498,0.0514481146623461,-0.24393299105675,-0.100092393891218,0.458879077386929,1.14669398707566,1.06263271849943,0.645622161175365,1.0134505657003,0.806703292110216,1.03364671038168,1.95595864613653,-0.123718244831486,-0.0415134002993048,0.150848130944331,-0.037107270369047,0.221166088419351,-0.112451475532973,0,0,-4.84823954093274e-15,-0.253032327718291,-0.107171455697277,0.206754443044993,-0.240587551675186,-0.240587551675186,0.997549468544087,1.06316675953723e-11,-0.00381730405614692,0.130511326662151,0.753444388617255,-0.172140467797041,0.165589440493275,0.227011369025876,0,1525.0000000001,0.0428694318554656,0.00857868270688056,0.9567940944549,0.0181834418326616,2720.16977557057,0.125,694,2,"SNETWORK (2 17 2720.16977557057 0.9567940944549 100001528 694)",100
41,100001529,0.328505346188932,230,0.680412427894334,0.334368660703197,0.315622755524543,0.310024668600395,0.31737100022456,1.03283725219266,0.9218714304402,-0.454580068713065,-0.530996550689295,0.654669232335739,0.963003521866645,0.223439851070501,0.654669232335739,0.654669232335739,0.382146847849197,-0.749227341278019,-0.869190394407486,-0.453178510921327,-0.889435571213627,-0.720739219712526,0,-0.434965034965035,-0.700859950859951,0.328505346188932,10,-0.278768953571674,-0.183025493042746,-0.181698346080199,0.255412800118079,0.330602305642971,0.229021007102229,-0.527584886142414,1.06377713121787,0.135071417642486,2022.0000000001,1.74662691537206,0.176946779505667,303.0000000001,0.342878955279493,2.08950587055156,0.101247170092134,-0.506683602215043,-0.530853810039683,-0.246649928684097,-0.045495786950597,0.322660284850599,0.27923270507411,0.342455800720619,-0.537195703367518,0.315875609309086,0.149599277248993,0.0883439662229388,0.413929122857614,-0.946827442518539,0.513056053389003,0.562105955755759,0.451834062908154,0.102215627178161,0.139017963839617,0.16719852156485,0.138420938874342,0.71653505526209,-1.76962999185261,0.144155689275149,0.144155689275149,-0.262001366088151,1.06316675953723e-11,-0.934119218074297,-0.868520147912641,-0.984253425364019,-0.771253793748419,0.557854637236023,-0.331047277807685,0,2022.0000000001,0.0846329434648445,0.0166142265272895,0.715127257560905,0.478564476245083,2975.75426127281,0.0625,1436,2,"SNETWORK (2 41 2975.75426127281 0.715127257560905 100001529 1436)",100
41,100001530,-0.792309004894899,28,-0.886598059773572,-0.0928456434617663,-0.0369605603324269,-0.0422694509956289,-0.0386919408759992,0.935183851917012,1.11336709725204,0.897483006843865,-0.0752536335687553,0.32406234201508,0.428802285743406,0.353349320333436,0.32406234201508,0.32406234201508,0.554202455986799,-0.283438267691145,-0.436854972358718,0.0549109734178377,-0.395223393770126,-0.720739219712526,0,-0.434965034965035,-0.700859950859951,-0.792309004894899,10,0.199048375587938,2.7796319618239,2.85407983042989,0.0452165736113334,-0.792525059657831,-0.730912945380603,-0.0730623249838273,0.11545936741929,0.100918652010544,492.0000000001,0.317535351510583,0.147060662960033,2852.0000000001,2.68226436404975,2.99979971546033,0.0866636690013275,-0.449385375587793,-0.312397575098802,-0.280807877519998,-0.648677411601975,-0.568106408404214,-1.31932026237186,-0.358136731131956,-0.817153578181645,-0.307281713265283,-0.294040638022448,-1.51910220407067,-1.73039528020959,-1.11383577891896,-0.469491797236579,-0.658232714974315,-1.30374704394875e-15,-1.4058558810172,-1.37829262321507,-1.40813399619979,-0.0876295410713458,0.813485498969521,-0.264470666735447,-0.0865580762509423,-0.0865580762509423,-16.1280500197502,1.06316675953723e-11,-0.13599160073482,-0.174817966876954,-0.777421768539744,0.0529230491413723,0.427351996632025,0.0681540019407452,0,2852.0000000001,0.00917353862599721,0.0774901302753302,0.0477666120453231,0.113447532057762,1841.31208792227,0.0625,1234,2,"SNETWORK (2 41 1841.31208792227 0.0477666120453231 100001530 1234)",100
29,100001531,-0.708161258856278,108,-0.790377993358492,-0.853832397374456,-0.715996162004961,-0.715344983900652,-0.711097017555422,0.607901146268527,0.569264622668726,1.83857575747397,-0.0680692704439504,0.957584616789746,-0.11087016990345,2.82545901512049,0.957584616789746,0.957584616789746,0.0583278650873799,-0.671915139481869,-0.794727911062469,0.249663227952758,-0.920632728835119,1.05602816075095,-3.18648417450813,-1.88851148851148,0.604422604422604,-0.708161258856278,8,0.381102375878486,0.0271042307746784,0.0269805802126039,-0.389368458154751,-0.706570916771107,-0.351011106928355,-0.0656809212956889,-0.173613973185796,0.685242915517435,1355.0000000001,1.48449457564115,0.175971863861781,189.0000000001,0.0531740579331829,1.53766863347433,0.0717996845239424,-0.331832178429131,-0.27727490226766,-0.202542730648605,-0.497057478135553,-0.45306728567166,-0.339648436683652,-0.464358916405706,-0.171103576739743,-0.451068298464146,-0.435403189816756,0.0959642037565674,-0.0360838812309633,-1.07358972868245,-0.0762824642896331,-0.471792152073761,-0.752292666128179,-0.897784372821839,-0.860982036160378,-0.83280147843515,-0.620138528074519,0.236340833711607,-0.0431902054348671,-0.542758923988718,-0.542758923988718,0.726033960902964,-1.32758314850425,1.08376376432164,1.14502873139384,-0.813039239290552,1.39745479621878,-0.946017556290384,-0.645119493530568,0,1355.0000000001,0.0693167823934933,0.00248290203044908,0.661005923957325,0.990251465525944,1301.66571187902,0.25,903,2,"SNETWORK (2 29 1301.66571187902 0.661005923957325 100001531 903)",100
41,100001532,-0.413644147721104,118,-0.886598059773572,-0.0928456434617663,0.315622755524543,0.310024668600395,0.31737100022456,0.930808431945332,0.964072310006082,0.238963641601516,-0.262000207124947,0.677052833565081,0.475967970708314,0.449188934657062,0.677052833565081,0.677052833565081,0.512132871345588,-0.679595555029186,-0.804940108582984,-0.131838576272765,-0.860476163659004,-0.720739219712526,0,-0.434965034965035,-0.700859950859951,-0.413644147721104,10,-0.676666833124325,2.09543603113971,2.13658902975019,1.49503139232465,-0.411395715403588,1.13689449606227,-0.259295366227703,-1.28350369401975,0.163931339889986,2806.0000000001,2.94174615419963,0.166747979698031,462.0000000001,0.492672243585578,3.43441839768521,0.111714481525493,1.54892382005102,1.07603655019286,1.37280953840624,0.803194378266612,-0.84619060866855,0.313199970759681,-0.602343720446508,-0.0470053640266122,-0.669934702167232,-0.474826840835695,0.324815051703108,0.0972241449523979,0.110859840112219,-0.00967563142005858,-0.658232714974314,-1.30374704394875e-15,0.102215627178161,0.139017963839622,0.16719852156484,-1.19156891396884,-0.644863177779173,-0.16597177837422,-0.921172155313135,-0.921172155313135,1.38050808370912,1.06316675953723e-11,-0.679655858387173,-0.60528529024609,-0.292168451544293,-0.659748668853722,0.326666183815461,0.0447631052656193,0.00806291231462627,2806.0000000001,0.0956888788860864,0.0160256025394063,0.344986461267855,0.233340630307794,2346.55424443936,0.0625,1324,2,"SNETWORK (2 41 2346.55424443936 0.344986461267855 100001532 1324)",100
41,100001533,-0.792309004894899,28,-0.886598059773572,-0.0928456434617663,-0.0369605603324269,-0.0422694509956289,-0.0386919408759992,0.935183851917012,1.11336709725204,0.897483006843865,-0.0752536335687553,0.32406234201508,0.428802285743406,0.353349320333436,0.32406234201508,0.32406234201508,0.554202455986799,-0.283438267691145,-0.436854972358718,0.0549109734178377,-0.395223393770126,-0.720739219712526,0,-0.434965034965035,-0.700859950859951,-0.792309004894899,10,0.199048375587938,2.7796319618239,2.85407983042989,0.0452165736113334,-0.792525059657831,-0.730912945380603,-0.0730623249838273,0.11545936741929,0.100918652010544,492.0000000001,0.317535351510583,0.147060662960033,2852.0000000001,2.68226436404975,2.99979971546033,0.0866636690013275,-0.449385375587793,-0.312397575098802,-0.280807877519998,-0.648677411601975,-0.568106408404214,-1.31932026237186,-0.358136731131956,-0.817153578181645,-0.307281713265283,-0.294040638022448,-1.51910220407067,-1.73039528020959,-1.11383577891896,-0.469491797236579,-0.658232714974315,-1.30374704394875e-15,-1.4058558810172,-1.37829262321507,-1.40813399619979,-0.0876295410713458,0.813485498969521,-0.264470666735447,-0.0865580762509423,-0.0865580762509423,-16.1280500197502,1.06316675953723e-11,-0.13599160073482,-0.174817966876954,-0.777421768539744,0.0529230491413723,0.427351996632025,0.0681540019407452,0,2852.0000000001,0.00917353862599721,0.0774901302753302,0.0477666120453231,0.113447532057762,1841.31208792227,0.0625,1234,2,"SNETWORK (2 41 1841.31208792227 0.0477666120453231 100001533 1234)",100
41,100001534,-0.638600188089682,65,-0.886598059773572,-0.0928456434617663,0.315622755524543,0.310024668600395,0.31737100022456,0.986163668587852,1.1629330982947,0.853170236271544,-0.114178004993677,0.448968435083436,0.481305104876636,0.391970893321392,0.448968435083436,0.448968435083436,0.558809333022978,-0.404148389441497,-0.543858567499729,0.0978645606190847,-0.555267825520858,-0.720739219712526,0,-0.434965034965035,-0.700859950859951,-0.638600188089682,10,-0.0391433851022715,1.56403775660742,1.58562740835577,0.174544987138506,-0.637968020700854,-0.478679219763706,-0.111717054736991,-0.00272751663988629,0.0635921146015854,118.0000000001,0.0479889020253282,0.0718343214036753,614.0000000001,0.28206935373042,0.330058255655749,0.0117757011603568,2.355180950371,-0.229994919528151,-0.874223733520437,-0.271434619905649,0.903252972785631,-0.813037414787493,0.707971598104926,-0.497368933062447,0.911060759080451,0.832758931087507,0.482231530355702,0.235162282432257,0.146057509785768,-0.0368709362488711,-0.658232714974315,-1.30374704394875e-15,0.102215627178161,0.139017963839617,0.167198521564845,-1.38581647710545,0.247235204561424,-0.318131388064468,-1.02845736674293,-1.02845736674293,0.135110571395627,-0.0594137019095713,0.201360159349696,-0.0113025687137394,-0.331738306454776,0.314736833678339,0.182923496632642,0.520685839099042,0.00380081464562278,614.0000000001,0.00171213097619973,0.010063570084157,0.170049278370372,2.32342252507806,2049.17962503441,0.0625,1271,2,"SNETWORK (2 41 2049.17962503441 0.170049278370372 100001534 1271)",100
37,100001535,0.0742742046764978,32,1.29896932353205,1.22104076566898,1.50580654500643,1.48232234240258,1.49987706507974,0.0850612856484819,0.016465509311097,-0.489177669239481,0.698743567976669,-0.309640733966308,0.601699526270562,-1.08058675379985,-0.309640733966308,-0.309640733966308,-0.510458885114328,-0.525653882770866,-0.563121969559386,-0.417356988033487,-0.614131991247697,0.170020533880904,-0.850299401197607,-0.17062937062937,0.240786240786241,0.0742742046764978,12,-0.287785279288285,-0.290442544305072,-0.28793224969156,0.25280462107296,0.0736934717105363,0.128327047848446,0.699064167695841,-0.966427611641824,0.150538956417178,512.0000000001,0.492919414245489,0.126496554466454,264.0000000001,0.213569723267489,0.706489137412979,0.034887923303495,-0.257236255141798,-0.35905792076667,0.663419095193452,-0.101079087263761,-1.19740531455588,0.219304866416218,-1.29771158004855,0.63043021791365,-1.27769267250041,-2.49049816587921,-0.0470834423875198,-0.189558512501356,0.156656618751085,-0.0059899445458868,0.528207847926239,1.07109749798066,2.42455056876992,2.38863191597705,2.52569521772899,0.510619615236729,-0.899591359404112,1.04005726350068,0.58135660448051,0.58135660448051,1.06930147680414,-2.72500546320476,0.358676077458521,0.488004019515916,1.03317213072006,0.157300380005035,0.408137270815013,0.329559354473389,0,512.0000000001,0.0243413999706003,0.0105465232328947,0.183470560240668,0.0138759829806852,4417.95423363804,0.0312499339939208,1080,2,"SNETWORK (2 37 4417.95423363804 0.183470560240668 100001535 1080)",100
17,100001536,0.078540461968316,221,0.152577399052067,0.406018494492994,0,0,0,-0.398926882100312,-0.428319355678493,-0.0811646988791654,0.827318268647104,0.167459773589827,-0.26797462574553,-0.0281492413906136,0.167459773589827,0.167459773589827,0.413715594359029,0.127001787300513,0.177167249603028,-0.0931443523326218,0.149328488682445,-0.443531827515401,0.0161216029479497,0.044324905863371,-0.265923265923267,0.078540461968316,9,-0.578601991301829,0.277984268383256,0.277592805774993,0.874239750845469,0.0757206093329388,-0.327144740512156,0.827242732823345,-0.799516452955493,0.0810111224524696,1111.0000000001,0.143898173967778,0.0954076201567287,4765.0000000001,0.726846229892488,0.870744403760266,0.0389033777778049,1.35687580195196,0.550149243717283,0.770635838754011,-0.252231484658307,-1.52155490104606,-0.370367174760694,-1.49127236313704,0.378943711719328,-1.89638382752881,-3.65953128817029,2.11563493243847,1.42749631768428,0.176207048962228,5.01344290983572,0.15972247199303,-0.21414593490891,0.0599902183252885,0.0815894617301531,0.0981285943181437,0.183160266432483,0.548358799321789,-0.786381488806847,0.192777989492335,0.192777989492335,-0.0115762380619418,-0.0147614498487387,-1.14564970929526,-1.07385774388301,-0.701087600630588,-1.07133802172046,0.327718373979722,-0.171660890126743,0,4765.0000000001,0.00642912544897479,0.0324742522288301,0.771157722459475,0.79639387037605,2411.06180426425,0.125,640,2,"SNETWORK (2 17 2411.06180426425 0.771157722459475 100001536 640)",100
3,100001537,-0.579558191236247,37,-0.494845044588713,-0.486027089260215,-0.640656641110964,-0.630828421199535,-0.621755757978306,-0.302546065791487,-0.388856210824951,0.672908601613881,1.15468000329586,-0.0109525698022976,-1.14784543306332,0.400884265536951,-0.0109525698022976,-0.0109525698022976,-4.82510007381603,0.260163951410989,0.266136147387211,1.27334435354874,0.0670522733898896,0.0221765913757709,0.149700598802395,1.22237762237762,0.834152334152334,-0.579558191236247,7,0.752037230331996,0.970428276356349,0.977199637350187,-0.533167754732208,-0.577029813270507,1.00408823028336,1.15374204746114,-0.101908630665578,0.929467697692977,2965.0000000001,4.40609678938755,0.0782751282970623,1437.0000000001,0.17983556773865,4.5859323570262,0.18147433854212,1.24986873865606,2.11315656228859,-0.142298044608012,0.277285767848252,0.609079173584913,0.529750302132915,0.529297012616679,0.971725981277594,0.625815526101251,1.58830590998668,-0.424681649139392,-0.622760898905472,-1.29836730196734,-0.371992718658297,-0.471792152073761,-0.752292666128179,-1.18926697056759,-1.14241875549932,-1.14014680236341,-1.28168056438569,-0.57608198279242,0.0228507661410864,-0.972153696502077,-0.972153696502077,0.865410831160271,-30.1648877591221,0.999058053912001,0.811020068529604,-0.711691177340283,1.28019824893799,-0.918314086244972,-0.443901051531987,0,2965.0000000001,0.174357892292124,0.00711644614999548,0.248930979935246,1.70679302420467,1549.43036743624,0.0624998605480869,38,2,"SNETWORK (2 3 1549.43036743624 0.248930979935246 100001537 38)",100
17,100001538,-0.857405162436724,54,-0.711340194022643,-0.147031598306002,-0.358045591966192,-0.357303355798844,-0.355675841278248,-0.0349524140111036,-0.031128221777056,0.334936466015195,1.32167109011976,0.680799913460504,0.0515073138010976,-0.0912939294000057,0.680799913460504,0.680799913460504,0.507920422309016,-0.00382845267376618,-0.00686490412814663,-0.457873691892463,0.0511565883014762,-0.596303901437372,0.141716566866268,0,-0.395577395577396,-0.857405162436724,9,0.828418697669888,-0.0043160841464611,-0.0042946774966939,-0.616920239358829,-0.847252018770676,0.574360997253834,1.32068843841466,0.871599221109578,1.51882071123998,463.0000000001,1.12430482983135,0.696047713380563,1137.0000000001,1.2653074068734,2.38961223660475,0.112199221549442,-0.410519748407484,-0.275292927780981,0.280814993472405,0.506051468855518,0.350681465891828,0.503831490976053,0.360868250950474,1.01828731823784,0.314105074957214,0.866918448467634,0.106071113694904,-0.135811357227285,-0.957561397715731,-0.15972528972031,-0.675181930528773,-0.587156310063935,-1.4058558810172,-1.37829262321507,-1.40813399619979,-0.313194006103626,-0.943602541208163,0.371787795222413,-0.293725339825894,-0.293725339825894,0.0591078583166366,1.06316675953723e-11,-0.0860880429455654,-0.208748530502145,-0.538001081376774,0.0497398392519493,0.188353387317963,1.48475644777024,0,1137.0000000001,0.0527893708613651,0.059409850588077,0.18362905230857,2.39699741510823,1432.75247100964,0.125,473,2,"SNETWORK (2 17 1432.75247100964 0.18362905230857 100001538 473)",100
17,100001539,0.0223765535093607,214,0.152577399052067,0.406018494492994,0,0,0,-0.384868041505901,-0.418583410642736,-0.0753459857369764,0.852257926497857,0.186133748981284,-0.286066190323292,0.00169978310727998,0.186133748981284,0.186133748981284,0.418178331136533,0.11985977281517,0.168692008165603,-0.0876242437294022,0.139314200338798,-0.443531827515401,0.0161216029479497,0.044324905863371,-0.265923265923267,0.0223765535093607,9,-0.516554571857514,-0.0231193626113741,-0.0229991339059912,0.688134177268959,0.0227363771018346,0.515155462199724,0.852318394096083,-0.312549229578743,0.385096951551357,4808.0000000001,2.96026857036567,0.0950894151861326,3444.0000000001,0.523590663102498,3.48385923336817,0.164119857707684,0.408228319472701,0.461050312059611,0.874563175927605,0.6444771129196,-0.356365189261915,0.465081371531086,-0.36860179986115,0.820464099766899,-0.438381311933323,-0.933382803014999,1.33241983727746,0.821459601018539,0.171359506030875,1.77678523699529,0.121428129376515,-0.277526342387344,0.102215627178156,0.139017963839617,0.167198521564845,-0.303915877171732,-0.525386369073662,0.476458434356565,-0.285627525906536,-0.285627525906536,-0.0257437665126466,-0.154792846812428,-0.700692295098595,-0.641629022487928,-0.119765426572576,-0.724437697788382,0.208388888739343,-0.290190095917043,0,4808.0000000001,0.139454215484116,0.0246656421235687,0.745656439951795,0.551240039354028,2368.59895273937,0.125,633,2,"SNETWORK (2 17 2368.59895273937 0.745656439951795 100001539 633)",100
41,100001540,-0.0108668210268851,184,-0.886598059773572,-0.0928456434617663,0.315622755524543,0.310024668600395,0.31737100022456,0.931569180090766,0.895627127743512,-0.296646248370839,-0.399216704853754,0.880215180385963,0.591475147745043,0.746882494036047,0.880215180385963,0.880215180385963,0.477384048046869,-0.652623584147591,-0.780059736893836,-0.267286123920588,-0.801676363040864,-0.720739219712526,0,-0.434965034965035,-0.700859950859951,-0.0108668210268851,10,-0.486780753169739,0.11306465295443,0.112671829026346,0.654276869886806,-0.0123657753332762,-0.353856952196839,-0.395693753930089,0.600801802172852,0.114030876506408,1925.0000000001,1.40381130467075,0.1093606237492,92.0000000001,0.0643434503182174,1.46815475488897,0.0675245138383678,-0.205502322226278,-0.229242015970737,-0.554135339618728,-0.411306638563557,0.232365854319434,-0.36257714027057,0.234230876838615,-0.60203003299209,0.29795341698567,0.165431076846968,-1.38071882632342,-1.02160758087058,-0.0354457009161217,-0.446437966513706,-0.353148128111646,0.538992472803681,0.102215627178161,0.139017963839617,0.167198521564845,-1.33635489258293,0.069591000777643,-0.0555640131862213,-1.00205612996464,-1.00205612996464,-7.76899720902863,1.06316675953723e-11,-0.302448834667058,-0.120758924587696,-0.317694084881592,-0.240449053332162,0.567633789055495,0.639323573922279,0,1925.0000000001,0.0645651798029895,0.00295933393537831,0.562775162293097,0.480290331080454,2716.77189059886,0.0625,1390,2,"SNETWORK (2 41 2716.77189059886 0.562775162293097 100001540 1390)",100
3,100001541,-0.545721073072351,45,-0.494845044588713,-0.486027089260215,-0.640656641110964,-0.630828421199535,-0.621755757978306,-0.309066900649413,-0.385416846433061,0.682956614253253,1.07059634598333,0.0647084249411309,-1.12868317911742,0.391194333439083,0.0647084249411309,0.0647084249411309,-4.86538472215604,0.264251798460427,0.289015960985854,1.34012474149668,0.0599800270020151,0.0221765913757709,0.149700598802395,1.22237762237762,0.834152334152334,-0.545721073072351,7,1.02512293360704,-0.325087212696051,-0.322130749590891,-0.691874441054005,-0.545201469050948,-0.89039855080272,1.07082905453191,0.894814407090714,0.0342050400292599,55.0000000001,0.00300779227815745,0.0760342988875144,135.0000000001,0.0164111248938874,0.0194189170720449,0.000964829836482192,0.99814760181998,0.177661266551818,-0.48759768402147,-0.637136692385493,-0.215093367353407,-1.01429458859498,-0.235085834976497,0.082626680041287,-0.221936141154756,-0.506213869928759,1.37878237984094,0.923693765309603,-0.532575973604211,1.05883594191808,-0.471792152073761,-0.75229266612818,-0.897784372821835,-0.860982036160378,-0.83280147843515,-0.498598339752074,-0.487325069108498,0.587075104383928,-0.448397438157835,-0.448397438157835,-0.125617566286495,-2.50678337056821,0.135632661636584,0.0386411296265707,0.418824267864466,0.0614281525923332,-0.0766233317041479,0.0770231641893946,0,135.0000000001,0.000149442285520996,0.000815387450961196,0.285529581941774,2.82086270723945,1602.20191803603,0.0624998605480869,46,2,"SNETWORK (2 3 1602.20191803603 0.285529581941774 100001541 46)",100
17,100001542,-0.459489862371059,141,0.152577399052067,0.406018494492994,-0.358045591966192,-0.357303355798844,-0.355675841278248,-0.169040173032392,-0.159157765459242,0.163999088060569,1.08682012559029,0.644749304954595,-0.053094082431697,-0.0939075689890365,0.644749304954595,0.644749304954595,0.473907707141221,-0.0267182789136014,-0.000853411117852992,-0.358207556586131,0.00405409352507818,-0.33264887063655,-0.333618477331052,-0.204195804195803,-0.181818181818182,-0.459489862371059,9,0.306975660682487,1.90727810630662,1.94085056718534,-0.163839595951869,-0.454162526982437,0.510592455044682,1.08613321511024,0.551202844184729,0.0956796365225948,4168.0000000001,0.63759338303776,0.201541036111897,2431.0000000001,0.783330470206604,1.42092385314436,0.0477557787822453,0.373516128674458,-0.0109822912183343,-0.0880566973837656,0.526387782789202,0.942725771032448,-0.0290445176512339,0.696337632753257,0.668828724969989,0.20924499148202,0.515481273324747,-1.01501926850632,-0.814960326187113,-0.907545483792251,-0.388817457213677,0.121428129376515,-0.277526342387342,-1.4058558810172,-1.37829262321507,-1.4081339961998,0.225057826472859,-0.905348221917133,0.900859997886288,0.239242696338462,0.239242696338462,-3.05336885315086,1.06316675953723e-11,0.827907980899443,0.694824178689369,0.935135089145134,0.694907173873598,1.17032593428226,0.640646703650684,0,4168.0000000001,0.0214288530800595,0.0263269256021858,0.491190147398883,0.956086149439216,1944.88048307002,0.125,560,2,"SNETWORK (2 17 1944.88048307002 0.491190147398883 100001542 560)",100
3,100001543,-0.241380382251472,119,-0.226804037760009,-0.273941878615531,-0.467885001197052,-0.45962963966976,-0.447550990366083,-0.376669560009006,-0.439774791869292,0.551438570028738,0.759175672948197,-0.0391919543756732,-1.23889767897668,-0.136953063004747,-0.0391919543756732,-0.0391919543756732,-4.38063982172834,0.162142460120616,0.230425795698454,1.12547032317437,-0.0294559300400871,0.0739219712525668,-0.0898203592814364,1.0005994005994,0.837837837837838,-0.241380382251472,7,0.410351807746447,2.15671845163709,2.20049116957675,-0.229666431594622,-0.241513527585185,0.170399927750471,0.759214691029069,0.290317048624645,0.472996260051648,53.0000000001,0.0400800829596102,0.302154026637061,12209.0000000001,5.89798296961278,5.93806305247239,0.191108381614819,0.0746975125608446,1.72859830860548,0.372939261070894,0.859318853319733,0.720078612752197,-0.337807695155831,0.509850988891688,0.366475546007161,1.06859941783357,2.18184830812784,0.869822513847956,1.05587148949943,0.163688540187215,2.46777556136387,-0.183656619125852,-0.461007527196319,-0.751907167950865,-0.690630121734971,-0.641200483860617,0.101176023070462,0.407425412093111,0.502833231840217,0.104446297071466,0.104446297071466,-0.0918709157915654,-2.68111898770046,-0.390137919933538,-0.344563613331869,0.440413828797745,-0.519633419236357,0.295601982165054,0.12546057130102,0,12209.0000000001,0.0012899222690503,0.189818459245769,0.595339566875954,0.0603525537784552,2048.91715850776,0.0624998605480869,120,2,"SNETWORK (2 3 2048.91715850776 0.595339566875954 100001543 120)",100
36,100001544,0.87993060866474,200,1.53264647786662,1.1941726428676,1.45807027539656,1.42805593959054,1.43873085382348,0.438901490216189,0.382302484076934,-0.232802491947227,-0.0705275563111501,-0.349299227576671,0.924718077113088,-1.47381477989689,-0.349299227576671,-0.349299227576671,-0.614798532544492,-0.569434209577826,-0.691226549952459,-0.933485969504575,-0.57484005865655,0,0.0419161676646709,0.81118881118881,0.42997542997543,0.87993060866474,12,0.59420802501082,-0.218145298995423,-0.216464500827245,-0.527638001379202,0.872836861073977,-0.46178046182977,-0.0683409409291672,-0.0569620309557755,0.71861932526098,25.0000000001,0.114893633203188,0.549014218745505,1614.0000000001,5.66688219483389,5.78177582793707,0.281897119934495,-0.181873964556056,-0.201754681894952,-0.713432017246544,-0.893375521574668,-0.266271417950964,-0.4146469048811,-0.285325320971642,-0.215712423043943,-0.272459688744659,-0.260378236492957,0.724403028624997,0.752596574262241,0.0508105977715124,1.20450216498935,0.596004386864676,1.11697181886013,2.19258446122347,2.15155944355969,2.28302402457116,-0.150371297836334,0.0763158490557209,-1.01188365235389,-0.146391002225424,-0.146391002225424,-0.268702632661719,-0.126463777332254,-0.430129571571312,-0.312034180078461,-0.275274296207241,-0.390538211887593,-0.340615578710554,-0.343921269422951,0,1614.0000000001,0.00560177101698979,0.276295348817505,0.922220347054777,0.746693985403652,5423.4140178062,0.0156249669969604,1048,2,"SNETWORK (2 36 5423.4140178062 0.922220347054777 100001544 1048)",100
3,100001545,-0.358669553764412,93,-0.226804037760009,-0.273941878615531,-0.467885001197052,-0.45962963966976,-0.447550990366083,-0.341342310377166,-0.415682729954575,0.58054974193767,0.826027139415499,-0.0525991938579316,-1.19924627492909,-0.105487728736018,-0.0525991938579316,-0.0525991938579316,-4.59120188254623,0.197472814303097,0.256860067974405,1.18349860298999,0.00446344817425285,0.637577002053388,-1.16766467065868,0.37272727272727,1.11578624078624,-0.358669553764412,7,0.368173148189724,0.673198051185961,0.675510308308606,-0.328787626217906,-0.358740137874423,0.239485465198723,0.825959469383385,-0.539561910960027,0.403026984834895,4629.0000000001,2.98274647096143,0.0476611546361558,2367.0000000001,0.180367319430592,3.16311379029202,0.13185485060209,0.073672213020164,0.759819037824075,0.508535570565815,-0.284921032514859,-1.20408972272787,0.0704536907439005,-1.10070958196671,0.613583117332066,-1.44810523812067,-3.06179126828546,1.4239221574925,1.30758772432197,-0.511715695381709,3.31202293566366,-0.103412722476775,-0.349706193249102,-0.85356962721521,-0.809349112657467,-0.774728051263416,-0.333316959371241,0.0404238187865743,-0.251413834351026,-0.311168196012433,-0.311168196012433,-0.189548120841461,-5.83778926808835,-0.338379481170672,-0.358307032489509,0.177209757006127,-0.399360421355623,0.224944392546291,0.122761227949236,0,4629.0000000001,0.124336213012809,0.00751863748928048,0.485444572624616,0.451468206592835,1890.45948712555,0.0624998605480869,94,2,"SNETWORK (2 3 1890.45948712555 0.485444572624616 100001545 94)",100
41,100001546,-0.106723153943051,173,-0.886598059773572,-0.0928456434617663,0.315622755524543,0.310024668600395,0.31737100022456,0.917246401216156,0.883777419217181,-0.205135380507686,-0.380882367392788,0.860909223936531,0.520509776596169,0.809991539587193,0.860909223936531,0.860909223936531,0.483504886807994,-0.647319162705678,-0.770062286186945,-0.161198269459951,-0.814410507023118,-0.720739219712526,0,-0.434965034965035,-0.700859950859951,-0.106723153943051,10,-0.568330915444529,1.14314805100412,1.15343398992236,1.02170738120444,-0.107062505914988,0.302166701420805,-0.376321150624366,-1.08577994008941,0.104090276400258,1929.0000000001,1.28409728681694,0.0670705366717684,109.0000000001,0.0467534667286153,1.33085075344556,0.0510985349911258,-1.18164423197609,1.61598080753892,0.751366069182035,-0.238656381452006,-1.51709218151759,0.00430406765961689,-1.27703960506911,-0.372711648529385,-0.873202631848153,-0.491645766691471,-1.2395548966826,-0.980837049550909,0.212858700874987,-0.391816649738766,-0.515921389169153,0.251420898524074,0.102215627178161,0.139017963839617,0.167198521564845,0.447793572591701,-0.709691908061883,1.39934211041928,0.502124600543813,0.502124600543813,-0.989902964065458,1.06316675953723e-11,-0.541996977319924,-0.331604232462214,0.153380060000584,-0.616613893985821,0.745964457324206,0.751173486043707,0.379403583037038,1929.0000000001,0.0493034172644515,0.0017951176266743,0.528008474599069,0.682254149000417,2657.67221636299,0.0625,1379,2,"SNETWORK (2 41 2657.67221636299 0.528008474599069 100001546 1379)",100
3,100001547,-0.167351975626777,137,-0.226804037760009,-0.273941878615531,-0.467885001197052,-0.45962963966976,-0.447550990366083,-0.383690812772333,-0.44990474582799,0.556071111562707,0.708076285478651,-0.102983105859357,-1.2463915912668,-0.262771073533391,-0.102983105859357,-0.102983105859357,-4.40939424764727,0.149981302088944,0.222042274882814,1.07415698094154,-0.0353924426938658,0.0739219712525668,-0.0898203592814364,1.0005994005994,0.837837837837838,-0.167351975626777,7,-0.61884929084807,0.407925760267297,0.408007698116523,0.990875457351234,-0.168866447620377,-0.218733897117579,0.70911162280801,-0.477132699859793,1.17531454579068,4274.0000000001,8.03125958308337,0.232621335014881,4345.0000000001,1.61597396221338,9.64723354519675,0.421296920421547,-0.371949338720928,-0.409072036975585,0.293579979130174,0.652057495937354,0.559532502720543,-0.284680858335881,0.536088069092079,0.372386749286506,-0.293125104292184,-0.543801025896834,1.02811861377853,0.811985423133271,0.157589197653172,2.08032827934693,-0.183656619125852,-0.461007527196321,-0.751834212897414,-0.690544926566656,-0.641104661755904,0.382967829041986,0.77607711138429,0.447676153616756,0.422772385005046,0.422772385005046,-0.318550179754274,-0.190018781518973,-0.533049974561261,-0.442825407790018,0.297342358529662,-0.641593292431378,0.367602344303509,0.17150601937587,0,4345.0000000001,0.350726963620934,0.0705699567006125,0.663931365462724,0.289765140022842,2147.81972230533,0.0624998605480869,138,2,"SNETWORK (2 3 2147.81972230533 0.663931365462724 100001547 138)",100
3,100001548,0.182338385398041,205,-0.226804037760009,-0.273941878615531,-0.467885001197052,-0.45962963966976,-0.447550990366083,-0.40748537256682,-0.480829230689589,0.514004130746616,0.503727115150132,-0.817785083539828,-1.23461634184152,-0.684981225875958,-0.817785083539828,-0.817785083539828,-4.84747020716399,0.22794589357999,0.321675562114695,1.26144457836917,0.0286128644406166,0.0739219712525668,-0.0898203592814364,1.0005994005994,0.837837837837838,0.182338385398041,7,-0.167910037210857,0.186585857041869,0.186110074029244,0.153883704483244,0.181220519325323,0.128312450823038,0.505303451842938,-0.219970482027777,0.116871608279441,886.0000000001,0.165553275054277,0.145160112722956,3296.0000000001,0.764943808780899,0.930497083735176,0.0422463041918675,0.495883302559888,-0.402844081660523,0.100275017213862,0.264872905129689,0.254492439052512,0.0981472476769022,0.25332801483682,0.470383015750575,0.136277765075501,0.235461323623799,0.922246894717314,0.558869828699893,0.240256912626224,1.37067881349018,0.0197342387241321,-0.178896679418615,-0.751834212897418,-0.690544926566656,-0.641104661755904,0.717540560917623,0.864058093328406,-2.37235902707915,0.859382333592142,0.859382333592142,-0.187896305920739,-0.083181578358001,-0.945310215566028,-0.818910513828693,-1.0416984101409,-0.769633172869857,0.50268981593814,0.605926961039711,0,3296.0000000001,0.00751642763865461,0.0347298764532129,0.932676794623102,0.518992279656231,2535.32395022284,0.0624998605480869,206,2,"SNETWORK (2 3 2535.32395022284 0.932676794623102 100001548 206)",100
17,100001549,-0.12726466193699,192,0.152577399052067,0.406018494492994,0,0,0,-0.347337267586652,-0.365627803201632,-0.0321358201960525,0.906476283059674,0.33572248407861,-0.230071562117926,-0.026987396399383,0.33572248407861,0.33572248407861,0.432413163109556,0.0803074434356529,0.12681672005407,-0.147268533090668,0.100366335734383,-0.443531827515401,0.0161216029479497,0.044324905863371,-0.265923265923267,-0.12726466193699,9,-0.408204464386094,0.00217519099727658,0.0021645730397617,0.489039719107526,-0.125553247125094,1.20314798070699,0.906131013506687,-0.498784595266196,0.0483807843142635,1737.0000000001,0.134359784004562,0.0910324638593067,2426.0000000001,0.353088577402106,0.487448361306668,0.022860967524669,-0.0695360873114552,-0.0988953766199643,0.152458132591025,1.4537190668024,2.01013799882095,0.913174129358175,2.06769232681354,1.05312536794731,1.8769217129901,4.23331245813669,-0.0573902571644772,0.76771204947746,0.280042176499169,2.10061362466203,0.121428129376516,-0.277526342387341,0.0612709447678129,0.0833313087176452,0.100223533943626,0.724280026482464,0.990564206158188,-0.355254077743895,0.868897428360201,0.868897428360201,-0.128367547579997,1.06316675953723e-11,-0.968758170529897,-0.88016265628931,-0.927033595439511,-0.823014884394486,0.905367729644258,0.633833141080704,1.94704615028094e-13,2426.0000000001,0.00630137443774368,0.0165595929869253,0.670051047304278,1.25935558695346,2242.70643884307,0.125,611,2,"SNETWORK (2 17 2242.70643884307 0.670051047304278 100001549 611)",100
43,100001550,0.326322553559785,160,0.12371145778112,0.869954874556633,0.965149594579297,0.947078472655203,0.966783102940535,0.113505336163428,0.0554169144595431,-0.474402137602341,-0.512152716095952,-0.113804570585708,0.832627406840809,-0.302079274238739,-0.113804570585708,-0.113804570585708,0.0600626892416722,0.608893312284115,0.464609970134201,-0.434689554338223,0.819379918395487,0.147843942505134,-0.958083832335329,-0.581818181818182,-0.163390663390663,0.326322553559785,11,-0.500422865505198,-0.178838435415822,-0.17755131023353,0.628644853888475,0.324935558962904,0.533838965098483,-0.507505055394456,-0.496189021216372,0.0412559058585895,4.0000000001,0.162635212924752,0.0317611496653788,3.0000000001,0.0939043979821512,0.256539610806903,0.0124214720101524,-0.405894811020713,0.208315563119911,-0.148620797868703,0.638829397586776,1.22167210401535,0.520606431956331,1.29707699492412,-0.371730468147518,1.2221569436489,0.494063656836503,-0.568621728345837,-0.592269419136081,0.0221856351710859,-0.265045902275841,-0.353148128111646,0.538992472803681,2.19258446122347,2.1515594435597,2.28302402457116,0.212065784667503,-0.158525204600143,0.0529736168897262,0.224737015956107,0.224737015956107,-0.673233835795789,1.06316675953723e-11,0.217462232956942,0.0453015657090991,-0.488389803433671,0.370215935569819,0.044430696565223,0.0396854733461432,0.0040821589222145,4.0000000001,0.00787468540291954,0.00454678650723284,0.626623439533744,1.52323792339303,3711.61005023414,0.0312500660060792,1629,2,"SNETWORK (2 43 3711.61005023414 0.626623439533744 100001550 1629)",100
28,100001551,0.0614730101677147,211,-0.790377993358492,-0.853832397374456,-0.715996162004961,-0.715344983900652,-0.711097017555422,0.792680865169958,0.797377687809331,2.07587983969302,-0.47857428490868,-0.0670672876643728,0.0872701164617317,2.60807799621188,-0.0670672876643728,-0.0670672876643728,-0.127777744936822,-0.912342018869991,-0.973956458556819,0.781276311090172,-1.32106124804661,0.468172484599588,-2.26546906187625,-1.53286713286713,0.194922194922195,0.0614730101677147,8,-0.909174821829539,-0.308620872704312,-0.305880416235984,1.65852142670263,0.0705287607127922,1.88252066836791,-0.475263626945818,-0.0547221345605303,0.177189180859104,7655.0000000001,2.16858855224007,0.0825730612262709,1045.0000000001,0.137958810551883,2.30654736269195,0.114268245415158,1.84529962058049,1.22270825772556,1.56590457972654,0.777075344775289,-1.15873563269552,1.36569235941269,-1.25987610247985,0.0850918628425159,-1.17357442791724,-0.511036300538883,-0.187904074509502,-0.0908207923485719,-0.0665996004055208,0.194759009534956,-0.471792152073761,-0.75229266612818,-0.897784372821835,-0.860982036160378,-0.83280147843515,0.993791445180188,1.39061465902684,-0.757996640319998,1.27503898060768,1.27503898060768,1.16178391942645,1.06316675953723e-11,-0.297563176096544,-0.2509514267131,-0.68266250392453,-0.146929162892389,0.616030643729281,0.777034907357922,0,7655.0000000001,0.107433652862485,0.00683459245267273,0.320282037098478,1.51657081894169,1870.42180142017,0.125,752,2,"SNETWORK (2 28 1870.42180142017 0.320282037098478 100001551 752)",100
41,100001552,0.217069058335979,216,-0.419244275461604,0,0.315622755524543,0.310024668600395,0.31737100022456,1.00854414231784,0.89948752613277,-0.418338091579133,-0.475009316842962,0.649275506468714,0.748121055949795,0.238584426786163,0.649275506468714,0.649275506468714,0.420141188308136,-0.699889396843632,-0.829682217761624,-0.347217058899266,-0.846632081604054,-0.720739219712526,0,-0.434965034965035,-0.700859950859951,0.217069058335979,10,-0.479394702421006,-0.10966300845733,-0.108971342301126,0.600770193722642,0.21709416293204,1.19423988734315,-0.471771220216149,-0.261220288937179,0.162489947804047,1571.0000000001,1.63251892033554,0.0522125233579788,629.0000000001,0.210029774800926,1.84254869503647,0.0881335696992303,0.168944475631436,-0.0290545361600261,0.636397987528318,0.612882650790587,-0.0415971693588051,0.939285502587611,-0.0440753723369357,-0.0979788709060526,-0.0145407684930172,0.00268541724495169,0.553559850985584,0.509894365493797,-0.922833893041815,0.989229916523413,0.562105955755759,0.451834062908153,0.102215627178152,0.139017963839613,0.16719852156484,0.457855280290937,0.326153741660965,-0.5433963276314,0.514657872122255,0.514657872122255,-0.0109605592908929,1.06316675953723e-11,-0.64857390456396,-0.61206310483259,-0.639813106630737,-0.541722148792982,0.401847214908666,-0.12883007137935,0,1571.0000000001,0.0780873364563103,0.01004623314292,0.670397259912714,0.0942194685339928,2899.7180189697,0.0625,1422,2,"SNETWORK (2 41 2899.7180189697 0.670397259912714 100001552 1422)",100
17,100001553,0.534409798060715,274,0.152577399052067,0.406018494492994,0.0737102907633875,0.0682577010310203,0.067165878475577,-0.531710848569198,-0.620414328317001,-0.172509366558966,0.641596736799375,-0.244303571124243,-0.379083097533899,0.127921788067612,-0.244303571124243,-0.244303571124243,0.364836168355993,0.24940566699474,0.317601561500087,0.00881547084283268,0.284978105146487,-0.443531827515401,0.0161216029479497,0.044324905863371,-0.265923265923267,0.534409798060715,9,-0.659116416156106,0.280440303722501,0.280053954634943,1.06117019786387,0.533537063282891,1.13804800588111,0.641925015795752,-1.14718590512735,0.252944279483946,572.0000000001,0.231322280607043,0.115446156983841,634.0000000001,0.117021406317607,0.34834368682465,0.0155566880851094,-0.105582628520762,-0.196664773396243,0.955622367079676,0.693415797063178,-0.415933294200142,0.797336585577454,-0.40750825907606,0.879334755391278,-0.202904542192476,-0.360649954815556,0.820771208122381,0.601471438312966,0.150998958127479,1.8044475830616,0.17534138526447,-0.188295299544115,-4.52365144789511e-15,0,-4.84823954093274e-15,1.16058937276033,0.232133657043614,-1.81927530941974,1.55325230109844,1.55325230109844,-0.881066184530986,-0.143273852370802,-0.646640324050458,-0.438078924233736,-0.134888397860597,-0.661583956484819,0.472506345394065,-0.167686274316459,0,634.0000000001,0.0103306265593284,0.00522606142578106,0.953441288391592,0.288088921908936,2714.58693062875,0.125,693,2,"SNETWORK (2 17 2714.58693062875 0.953441288391592 100001553 693)",100
43,100001554,0.259242259321765,147,0.12371145778112,0.869954874556633,0.965149594579297,0.947078472655203,0.966783102940535,0.148023397298059,0.0804302944616253,-0.398635223936116,-0.499563450157347,-0.159407275013848,0.771898008080211,-0.201322645883751,-0.159407275013848,-0.159407275013848,0.084692727026179,0.60661599154696,0.457306701426874,-0.364598744100321,0.803676778754644,0.147843942505134,-0.958083832335329,-0.581818181818182,-0.163390663390663,0.259242259321765,11,-0.596005964661435,-0.324630511191009,-0.321680135648513,0.796955571437444,0.257086741938906,0.0159217916664835,-0.496242194486039,-0.774277886623747,0.0574639388842682,9.0000000001,0.509690295821115,0.0453961227157844,4.0000000001,0.178956392579627,0.688646688300741,0.0342126820705188,-0.23737276282549,-0.259045720298244,0.122323451427441,0.400829569699795,0.434302870145252,0.124827390696637,0.47265217526028,-0.540263770301268,0.432483592579086,0.181686295499951,0.303955571149036,0.1451240006612,0.0281069656515132,-0.0131418651826384,-0.353148128111646,0.538992472803681,2.19258446122347,2.15155944355969,2.28302402457116,-0.940926014005316,-0.116945583560721,0.262518367452096,-0.767543112008932,-0.767543112008932,0.0538542689000814,-0.23986361801506,0.0744890170601576,-0.0392925014980325,0.331844404117161,0.0154735626640724,0.309658973253013,0.180635861957438,0.00518818117789643,9.0000000001,0.0253219427171383,0.00889073925338048,0.574639450718001,0.405719483271241,3635.7826245322,0.0312500660060792,1616,2,"SNETWORK (2 43 3635.7826245322 0.574639450718001 100001554 1616)",100
35,100001555,0.998712320770273,224,1.95876350285277,1.6240746339498,1.11742223327512,1.09970853501445,1.1005013034785,0.65963883016458,0.63240073649952,-0.123310148365428,-0.443148359668691,-0.150634538228935,1.12094194768805,-0.775912658996473,-0.150634538228935,-0.150634538228935,-0.77775314174592,-0.521017819438494,-0.629311265246697,-0.920725037598003,-0.516136994973546,-1.3305954825462,1.62674650698603,0.565034965034965,-1.23832923832924,0.998712320770273,12,-0.152171593484109,-0.824763614408686,-0.811782335116812,0.00270636504837218,0.996230718816935,0.648881685390943,-0.439989715797109,0.215312814042139,0.0738390333442664,252.0000000001,0.118999080325115,0.0912036084329924,1098.0000000001,0.640429639224611,0.759428719449726,0.041220060418288,-1.18712005652717,-0.102721689281907,0.295148931862546,-0.0619557660278367,-0.565504587766048,0.78189723063964,-0.674532724770317,-0.10667121184955,-0.162089078985751,0.458471306163155,-0.897568125505159,-0.807969402481886,-1.15091847991312,-0.380523254996075,0.596004386864676,1.11697181886013,2.19258446122348,2.1515594435597,2.28302402457116,-0.255700647321927,0.375528044403889,-1.20561235458738,-0.242976132071889,-0.242976132071889,5.58057937634275,1.06316675953723e-11,0.954792652214351,1.10732035274009,0.264384834186837,0.995916131508752,-0.445512489558459,0.0191434660994915,0,1098.0000000001,0.00645899890235932,0.0347610614159287,0.501254119667522,2.13107817334821,5562.75826585945,0.0156249669969604,997,2,"SNETWORK (2 35 5562.75826585945 0.501254119667522 100001555 997)",100
29,100001556,-0.69020227799072,111,-0.790377993358492,-0.853832397374456,-0.715996162004961,-0.715344983900652,-0.711097017555422,0.607901146268527,0.569264622668726,1.84800003612345,-0.0693074845431118,0.959017415588064,-0.111608065013871,2.83298572650146,0.959017415588064,0.959017415588064,0.0600482813821272,-0.679377807377762,-0.803558474840104,0.254121607543218,-0.930858130467423,1.05602816075095,-3.18648417450813,-1.88851148851148,0.604422604422604,-0.69020227799072,8,0.283125535471517,-0.104025866400334,-0.103377277202924,-0.331196828555465,-0.69097524702442,-0.829456199599496,-0.0669626767880112,0.131555781521182,6.4672574783754,3740.0000000001,38.6710994428671,0.0415863237077398,139.0000000001,0.00924187519373211,38.6803413179608,1.84833726866761,-0.618373992528508,-0.737781809386741,-0.632041991694249,-0.474800769628287,0.260659914340503,-0.954528630087196,0.272804737592724,-0.545302926026993,0.229534866106277,0.22272391655546,-0.507467963403275,-0.83420726951438,-0.837533479887088,-0.267589307569163,-0.471792152073761,-0.752292666128179,-0.897784372821835,-0.860982036160383,-0.832801478435145,0.956417525952061,0.237516378923681,-3.26274806342686,1.21561823198758,1.21561823198758,-0.504797507233737,1.06316675953723e-11,0.308731820477008,0.550685510565558,-1.38308226921231,0.686317641898187,-1.21446453691674,-0.647112792050979,0,3740.0000000001,1.84789564624512,0.000441622322482042,0.679709665185783,0.512695791316219,1319.01745059542,0.25,906,2,"SNETWORK (2 29 1319.01745059542 0.679709665185783 100001556 906)",100
43,100001557,0.401637378482013,172,-0.0343645341584618,0.726058121384469,0.965149594579297,0.947078472655203,0.966783102940535,0.37130854523165,0.30071527162669,-0.0981236284327129,-0.604005826712012,0.156497974000213,1.13649895240567,-1.40269500617848,0.156497974000213,0.156497974000213,-0.170881215316925,0.754897929141637,0.63847200048341,-0.716095770739251,1.05496417643645,0.147843942505134,-0.958083832335329,-0.581818181818182,-0.163390663390663,0.401637378482013,11,-0.194728195779719,-0.273905743228717,-0.2715972729809,0.126465279480922,0.399336771272948,0.618051848231968,-0.599906054862151,-1.66494550321887,0.0185211301849915,1.0000000001,0.0182530712527304,0.03497214625345,6.0000000001,0.206795936149246,0.225049007301977,0.01108100635818,0.792386934723415,0.738897619891869,0.998723690810376,0.144726902576129,-1.28405411547385,0.608188215484566,-1.38750279935234,-0.585403830875258,-1.15311756183455,-0.321602069583301,-0.101165179189114,0.00017122340803709,-1.15919565890556,-0.0509384434021985,-0.353148128111646,0.538992472803681,2.19258446122347,2.15155944355969,2.28302402457116,-0.343601697836845,0.267356829309977,-0.158655006685406,-0.320020025984972,-0.320020025984972,2.02533508333502,1.06316675953723e-11,0.80995980451957,0.664278232192937,0.813587980498585,0.704612385720738,-0.321198091065013,-0.448851458269823,0,6.0000000001,0.000898748224616181,0.0101822580335638,0.672000550183677,0.492836781253573,3777.80022849408,0.0312500660060792,1641,2,"SNETWORK (2 43 3777.80022849408 0.672000550183677 100001557 1641)",100
3,100001558,-0.140858057544254,141,-0.226804037760009,-0.273941878615531,-0.467885001197052,-0.45962963966976,-0.447550990366083,-0.391934483133365,-0.455603816882284,0.550447947763571,0.69520883712949,-0.126943719857484,-1.26515683916614,-0.286409361464579,-0.126943719857484,-0.126943719857484,-4.43989860617438,0.148873808847916,0.221012443686134,1.06054140023717,-0.0342977068165597,0.0739219712525668,-0.0898203592814364,1.0005994005994,0.837837837837838,-0.140858057544254,7,-0.115071075729804,-1.32347434097042,-1.29352917403731,-0.0374347840069483,-0.143255282695544,-0.516797914901123,0.695399854935437,0.191235037012933,0.212035553286677,979.0000000001,0.331884075031514,0.145793549029996,1945.0000000001,0.453370176315118,0.785254251246632,0.0465724182610273,-0.0122153483644927,0.11561095275137,-0.463466226900808,-0.727995635635291,-0.396824485740493,-0.228989994117918,-0.518104527933773,0.39620223184064,-0.112384287193502,-0.207763228331441,0.517955995389762,0.736835350011725,-0.775434142564764,1.79338489543622,-0.183656619125852,-0.461007527196321,-0.751834212897414,-0.690544926566656,-0.641104661755904,0.492959575416453,0.937114498048551,0.112395159660218,0.558849460508257,0.558849460508257,-0.311726605849259,-1.07504667907447,-0.37747456562419,-0.258218559156062,0.457375475439687,-0.509861488790978,0.394143844027409,0.160743161400828,0,1945.0000000001,0.0196836169891807,0.0268888011718466,0.67924287089627,1.74820113601129,2169.89739302076,0.0624998605480869,142,2,"SNETWORK (2 3 2169.89739302076 0.67924287089627 100001558 142)",100
3,100001559,-0.628776409941856,24,-0.494845044588713,-0.486027089260215,-0.640656641110964,-0.630828421199535,-0.621755757978306,-0.302516340053104,-0.389765922656123,0.668064052986529,1.18361399771558,-0.00192004097263245,-1.14958768510913,0.375202842968041,-0.00192004097263245,-0.00192004097263245,-4.8607327862835,0.264209336204438,0.262673078261043,1.1697121812043,0.0911220627893631,0.0221765913757709,0.149700598802395,1.22237762237762,0.834152334152334,-0.628776409941856,7,0.181027751275328,0.848393630195484,0.853088027121886,-0.148559953773066,-0.627252892908435,0.559742823399756,1.18263432420573,-0.232856705273876,0.53634391941964,1381.0000000001,1.18421913495734,0.461482176575155,931.0000000001,0.686909697544427,1.87112883240176,0.0756418413655892,-0.0686456675402861,-0.0423497052971023,0.618061325909099,0.929119974207941,0.474383311408147,0.269901287376349,0.42115386765443,0.856173315101224,0.190461505824322,0.502323332989267,-0.940499294465463,-1.24068933124201,-1.37436680995212,-0.436298107357588,-0.471792152073761,-0.752292666128179,-1.48074956831335,-1.423857898781,-1.44749212629168,-0.744986468492922,-0.681902653873728,0.365787050502615,-0.634267787114119,-0.634267787114119,5.35672792091519,-18.7614462253003,1.1621130035354,1.01629884994223,-0.450912393668403,1.39578373148134,-0.62735925751481,-1.64018421406918,0,1381.0000000001,0.0478729814196491,0.0277688598459401,0.196726145332881,1.45412563717386,1474.15617881337,0.0624998605480869,25,2,"SNETWORK (2 3 1474.15617881337 0.196726145332881 100001559 25)",100
37,100001560,0.688516125193958,164,1.29896932353205,1.22104076566898,1.45807027539656,1.42805593959054,1.43873085382348,0.268485352479694,0.193941806885548,-0.46881225409531,0.427112050816669,-0.563709774695986,0.733873325002231,-1.1568678533853,-0.563709774695986,-0.563709774695986,-0.585178276457015,-0.75834690440762,-0.837558193688406,-0.86200217717925,-0.826091472977624,0.813141683778234,-1.91189050470488,-0.485914085914086,0.874692874692875,0.688516125193958,12,-0.0493224043424006,1.38803395873639,1.40443239552332,0.016142165139424,0.685689507012153,0.443793248536684,0.428117644042928,0.174237027334901,0.256084521499332,474.0000000001,0.776280599691971,1.85767727885058,746.0000000001,8.86270224174929,9.63898284134127,0.354608992452752,0.0469745410640262,-0.367414068501983,1.04890905993592,-0.0226412852934809,-1.67087605463476,0.0505630104979943,-1.34749025851022,0.402521596979293,-1.8371747228149,-2.92562231083856,0.273666657727991,0.474788960263102,-0.755728813080628,0.677617752068627,0.54979234762399,1.08570265337956,2.68313609958857,2.61196976478804,2.7525547118674,-0.282549181828353,0.220562596969807,-0.387425761378635,-0.266844949827793,-0.266844949827793,-0.0723523493802134,-0.40652103763547,0.307726336668133,0.367617780625893,0.675186720582009,0.187980409755447,-0.365297023000264,-0.444428633108059,0,746.0000000001,0.0285586234292798,0.326050368923472,0.969342237652574,0.351661955730143,5215.70584082156,0.0312499339939208,1212,2,"SNETWORK (2 37 5215.70584082156 0.969342237652574 100001560 1212)",100
3,100001561,-0.360852544855681,92,-0.226804037760009,-0.273941878615531,-0.467885001197052,-0.45962963966976,-0.447550990366083,-0.341342310377166,-0.415682729954575,0.577349899799946,0.826565361905489,-0.0528188303065445,-1.19924657667912,-0.104066621987499,-0.0528188303065445,-0.0528188303065445,-4.60156505081395,0.199152667393366,0.258577705412296,1.18533717359014,0.00624410225301305,0.637577002053388,-1.16766467065868,0.37272727272727,1.11578624078624,-0.360852544855681,7,0.260968053473491,2.00264922968901,2.03997615743377,-0.110341786913414,-0.36255802206115,-0.28309597506851,0.826491774899608,-0.477545402316251,0.373983146491266,2999.0000000001,1.79317853372032,0.0469379879587167,1197.0000000001,0.0898283977966036,1.88300693141692,0.0622455418713025,0.750442585971813,0.193097622055412,0.23778643609374,-0.453589591266894,-1.043660187365,-0.698549424191394,-0.755410616940257,0.186724671672967,-1.23352347479961,-2.60767242482888,-0.0332992957854965,-0.332329652699559,0.168768104319414,-0.227254951059143,-0.183656619125852,-0.461007527196321,-0.897784372821835,-0.860982036160378,-0.83280147843515,-0.412782295627009,-0.29325117438075,0.762453744280351,-0.378469522444877,-0.378469522444877,0.723680642520877,-25.5364129177737,1.41537753495507,1.32881611475114,1.4547239459495,1.21280650690863,-0.219502935098424,-1.26445179770703,0,2999.0000000001,0.0592761330091357,0.0029694087621667,0.481198809940392,0.944047858042042,1884.33751885241,0.0624998605480869,93,2,"SNETWORK (2 3 1884.33751885241 0.481198809940392 100001561 93)",100
17,100001562,0.417614645284705,262,0.152577399052067,0.406018494492994,0,0,0,-0.529075136346814,-0.617132170626751,-0.175207454559972,0.650914335692088,-0.206290418479979,-0.392756737685759,0.178369292425294,-0.206290418479979,-0.206290418479979,0.366999368346531,0.250762896448049,0.31861071154407,0.0191062402366805,0.284804658071491,-0.443531827515401,0.0161216029479497,0.044324905863371,-0.265923265923267,0.417614645284705,9,-0.653018197284195,-0.13845457297474,-0.137530108647532,0.962002444975737,0.416892475874208,0.485559361030729,0.651523102511788,-1.05426326310791,3.67415817517294,1114.0000000001,6.54394460702037,0.289717402109883,1170.0000000001,0.541947251997585,7.08589185891796,0.340659810508934,0.399493973385771,0.400720943809559,0.804318625606588,1.06305041756511,0.384079117015606,0.473451055550455,0.404589751050673,0.731623277625767,0.0584895392334414,0.114822597499252,-0.134502168660965,-0.0542356810372358,0.256074897337815,0.160648118189568,0.121428129376516,-0.277526342387342,-4.52365144789511e-15,0,-4.84823954093274e-15,0.519777652457914,-0.732875238781899,0.954207728754253,0.593101548019298,0.593101548019298,-0.231693934752129,-0.417783211758762,-0.166312742198084,-0.00570641971228464,0.196819803728672,-0.215643125645687,0.120342551663862,0.930742694602528,0,1170.0000000001,0.314605271084667,0.0260545393242667,0.913261034654162,0.071727856523803,2647.68174073603,0.125,681,2,"SNETWORK (2 17 2647.68174073603 0.913261034654162 100001562 681)",100
29,100001563,-0.629372377740713,124,-0.790377993358492,-0.853832397374456,-0.715996162004961,-0.715344983900652,-0.711097017555422,0.63728126822894,0.598829439347024,1.85399369570809,-0.0895392074673835,0.985685792675932,-0.120856690837986,3.02494657872339,0.985685792675932,0.985685792675932,0.0606579828629259,-0.710410380359513,-0.831772629794515,0.430724048605364,-1.00230906053948,1.05602816075095,-3.18648417450813,-1.88851148851148,0.604422604422604,-0.629372377740713,8,-0.606095265646667,-0.0485887716715147,-0.0483202997035869,0.871930464873045,-0.620678107631351,1.50715689569658,-0.0869987770544656,-0.122465417121606,0.326008222356488,4104.0000000001,2.13909794893839,0.205344919157993,780.0000000001,0.256078625377076,2.39517657421547,0.113340826635251,-0.445434453015189,-0.463589421772601,0.332369265248934,1.51584324075905,1.85395084543149,1.0983286178002,1.92408624323117,0.514917126854091,1.83068104297067,1.72548657335276,0.951114000377497,0.558315628796886,0.151188673647758,0.558460339477083,-0.471792152073761,-0.752292666128179,-0.897784372821835,-0.860982036160374,-0.83280147843515,-0.39850551027125,-0.434603215244368,0.687204852471374,-0.366561524471119,-0.366561524471119,-0.205127177010085,-0.389669528555505,0.133666809164661,0.0726046472223188,-1.70208947890991,0.571645024270751,0.240309138002429,0.261046125903725,0,4104.0000000001,0.101223071476782,0.0121177550584692,0.756956703724201,0.431691643246466,1390.68067630851,0.25,919,2,"SNETWORK (2 29 1390.68067630851 0.756956703724201 100001563 919)",100
43,100001564,0.195136958811373,135,0.12371145778112,0.869954874556633,0.965149594579297,0.947078472655203,0.966783102940535,0.0696888642191726,0.0386282179151054,-0.518060791533577,-0.390446399616592,-0.118017421918458,0.937142691529254,-1.15287649221783,-0.118017421918458,-0.118017421918458,0.252836020987062,0.481406406916138,0.293955325834344,-0.6660020950989,0.701000116025886,-1.14579055441478,2.23053892215569,2.01958041958041,-0.227886977886978,0.195136958811373,11,-0.594347689470585,-0.344114033161285,-0.340899053415499,0.78969669725537,0.196765912249568,0.717411386501619,-0.387142182874842,-0.629429652878793,0.0415918840474519,6.0000000001,0.245939512511549,0.0319845410442981,6.0000000001,0.1891297450879,0.435069257499449,0.0216891782967603,0.0230322170393221,0.0883391500163703,0.165543795200824,1.14248245733856,1.50061958050838,0.698101297556053,1.64034969614025,-0.0509326664978529,1.49524204524996,0.832783368296132,-0.57547090364504,-0.445423880346563,0.132782990926594,-0.265051529278703,-0.353148128111646,0.538992472803679,2.19258446122347,2.15155944355969,2.28302402457116,-0.272339738552009,0.103212478062779,-0.194978879406404,-0.257803836836221,-0.257803836836221,3.62204622653522,-0.580765666269349,0.22149882420152,0.0688878160577333,-0.282743963093799,0.324957253549352,-0.499920301587046,-1.04540129839425,0.0179325463570521,6.0000000001,0.0122606362541055,0.00942854194265483,0.530625749834424,1.13517141831107,3571.5812096418,0.0312500660060792,1604,2,"SNETWORK (2 43 3571.5812096418 0.530625749834424 100001564 1604)",100
17,100001565,-0.4108653872931,150,0.152577399052067,0.406018494492994,-0.358045591966192,-0.357303355798844,-0.355675841278248,-0.184653338831576,-0.181804970819426,0.143691178982715,1.07020326214232,0.610974016002752,-0.0734072012348338,-0.0742735927781713,0.610974016002752,0.610974016002752,0.470336878437362,-0.0331901293686367,-0.00649063303445678,-0.33866014293391,-0.00768425969625059,-0.33264887063655,-0.333618477331052,-0.204195804195803,-0.181818181818182,-0.4108653872931,9,0.146857067500842,-0.178160495908874,-0.176879807932663,-0.228690095888977,-0.411544893699776,-0.0681416730966851,1.06943872680965,0.150052001491446,0.112175381463145,3121.0000000001,0.559742003575105,0.309177466269966,3561.0000000001,1.76025822354479,2.3200002270199,0.112319390683009,-0.818514491525548,-0.856776537585011,-0.163826555202159,-0.0738594104095725,0.148628298359016,0.00732390236988689,0.157343797085915,0.681297597653011,0.285745541766889,0.696035873892406,0.344460391976026,0.532124497440576,0.189531159624878,1.14872731262784,0.121428129376515,-0.277526342387342,-1.4058558810172,-1.37829262321507,-1.40813399619979,0.87900148019303,1.31393105512079,-1.09882175057449,1.09578616070264,1.09578616070264,-0.333421418952748,1.06316675953723e-11,-0.378367845842457,-0.260285955934732,-1.12718310363533,-0.1280425136878,1.11697943542594,0.229041488649587,7.16011575748246e-14,3561.0000000001,0.0270990838641013,0.0852203067189079,0.520606954831898,1.25689494993666,1993.8631774105,0.125,569,2,"SNETWORK (2 17 1993.8631774105 0.520606954831898 100001565 569)",100
41,100001566,-0.470702007878345,104,-0.886598059773572,-0.0928456434617663,0.315622755524543,0.310024668600395,0.31737100022456,0.928312742853151,0.965436824865889,0.308047998737296,-0.252486066311732,0.638702529023088,0.436695323132521,0.449077924465251,0.638702529023088,0.638702529023088,0.516847922221012,-0.648074529799754,-0.774560593574487,-0.11627517952477,-0.823585693944989,-0.720739219712526,0,-0.434965034965035,-0.700859950859951,-0.470702007878345,10,-0.410731540451967,1.12986000586816,1.13985190422297,0.484193090459635,-0.472105274249614,-0.437502275397538,-0.200076754534776,-0.636572154785606,0.0580029514821927,469.0000000001,0.173971646912425,0.0553442686772536,928.0000000001,0.328455219700078,0.502426866512503,0.0193357007073527,-0.471973412160311,-0.361959509579824,-0.39317496379544,-0.24044721365203,0.247530183404368,-0.678808710163653,0.209681167863235,-0.510619589265917,0.101441907367491,0.177304724784793,0.545359154536181,0.374658196911011,-0.403386826228003,0.125147357137431,-0.658232714974315,0,0.102215627178161,0.139017963839617,0.167198521564845,-0.833284073729732,-0.78047218300383,-0.0469214498820728,-0.695838774303034,-0.695838774303034,0.76177745362683,-0.195643028477379,-0.318509205895076,-0.326981653168602,-0.341369834465155,-0.252319430638414,0.289358927772279,0.597225324230488,0,928.0000000001,0.00669523049384735,0.0126404701135054,0.298586860770243,0.655041610822082,2267.67985472997,0.0625,1310,2,"SNETWORK (2 41 2267.67985472997 0.298586860770243 100001566 1310)",100
17,100001567,-0.999306064397919,18,-0.711340194022643,-0.147031598306002,-0.358045591966192,-0.357303355798844,-0.355675841278248,-0.00540571534674578,-0.00529063184906588,0.396230975040379,1.41746259845049,0.617720581871709,0.0630130985648323,-0.0957457766375849,0.617720581871709,0.617720581871709,0.515843954350048,0.00686222267500437,-0.00981098695377343,-0.55492505809115,0.0824037630501079,-0.596303901437372,0.141716566866268,0,-0.395577395577396,-0.999306064397919,9,0.642171569893665,-0.196451343406401,-0.194992792135034,-0.539807089998774,-0.994303431930385,1.116407628371,1.41582183900246,-1.09679227306661,0.742720090676799,1945.0000000001,2.30962436279024,0.801931301597187,933.0000000001,1.1962319116736,3.50585627436385,0.170279239504551,0.182223317799639,-0.093518760945285,0.997587204346883,1.32827096436291,0.497472497022481,0.917015766682437,0.529506148211696,1.24268734220102,0.469932288023406,1.35441074464108,-0.198095116180694,-0.139007200673883,-1.1860379816157,-0.206969605744045,-0.675181930528773,-0.587156310063935,-1.4058558810172,-1.37829262321507,-1.4081339961998,-0.574748703903999,-0.879870021728249,0.239393740774325,-0.508144458269684,-0.508144458269684,0.637466444924966,-1.55227875090217,0.204178420922753,-0.0431211348503884,-1.23852236123235,0.53688423254794,0.781436717019782,0.565240424347474,0,1945.0000000001,0.11217832364554,0.0581009157590114,0.0597908074133745,1.10607050378375,1226.54617513011,0.125,437,2,"SNETWORK (2 17 1226.54617513011 0.0597908074133745 100001567 437)",100
28,100001568,0.583131376933943,241,-0.268041164135857,-0.507523118116241,-0.715996162004961,-0.715344983900652,-0.711097017555422,0.706574096387452,0.805111305208471,1.98466782439949,-0.605869951234926,-1.42404357639489,-0.456606013059846,1.73935321700137,-1.42404357639489,-1.42404357639489,-0.361963665634418,-1.07608660261751,-1.08036587203461,0.380642786620108,-1.45415398657111,0.468172484599588,-2.26546906187625,-1.53286713286713,0.194922194922195,0.583131376933943,8,-0.47979511166218,0.146070817434231,0.145624033789703,0.646703401411828,0.586698862415128,2.1664679833356,-0.602124245837688,-0.739239055297601,0.0756223403644947,10064.0000000001,1.21678965009648,0.0302815289132616,863.0000000001,0.041781435761987,1.25857108575847,0.0575500636457155,0.475773898172017,-0.244715650177079,1.90824570453997,2.25738509147535,0.512018392326438,1.36641490454621,0.513415400527008,-0.248665277168147,0.241643260553392,0.0738939328952694,0.0291837187736524,0.0492062478157885,-0.135882076731761,0.418319833215635,0.121428129376515,-0.277526342387342,-0.897784372821839,-0.860982036160374,-0.83280147843515,0.601734998215897,0.430135087020949,1.19355283690769,0.70047733369646,0.70047733369646,0.139619159771466,1.06316675953723e-11,-0.490407716606306,-0.633755745333164,0.261358576442367,-0.58619697037496,0.0198764239015337,-0.00787911119782964,0,10064.0000000001,0.0556395443030773,0.00191051924263822,0.536416639900499,0.858886952511966,2042.00724154914,0.125,782,2,"SNETWORK (2 28 2042.00724154914 0.536416639900499 100001568 782)",100
41,100001569,-0.408185954831572,119,-0.886598059773572,-0.0928456434617663,0.315622755524543,0.310024668600395,0.31737100022456,0.930808431945332,0.964072310006082,0.237933426156124,-0.263398678482364,0.681450935254762,0.482737380718776,0.450917065704964,0.681450935254762,0.681450935254762,0.511351156057555,-0.680297340673906,-0.805929750786512,-0.132474539648742,-0.861243642825116,-0.720739219712526,0,-0.434965034965035,-0.700859950859951,-0.408185954831572,10,-0.814939608915568,1.92055474722535,1.95463896466013,1.86668246080581,-0.401996234389665,1.37612824877561,-0.26051227997159,-0.394703930629038,0.169371076467335,1860.0000000001,2.01468768181289,0.0382831547743853,627.0000000001,0.153507924019266,2.16819560573215,0.0727028120903084,0.655862105964177,1.56192524868126,0.252012257916662,1.14553197815606,1.31509656764778,0.488416126452017,0.968642618238576,0.036419291504973,0.23213573988653,0.17320512715103,0.31898777133455,0.0160285219733028,0.171481766633168,-0.05669486732934,-0.658232714974315,-1.30374704394875e-15,0.102215627178156,0.139017963839613,0.16719852156484,-1.1053056638249,-0.753784925846658,-0.219347500837697,-0.8703154113333,-0.8703154113333,1.05711395038293,1.06316675953723e-11,-0.658266142055668,-0.641945445029042,-0.501239553804056,-0.585814193294926,-0.294159809226741,0.671634487296013,0.00564558720364425,1860.0000000001,0.0675554637977679,0.00514734819254051,0.348616779086951,1.06984227895737,2352.72539891831,0.0625,1325,2,"SNETWORK (2 41 2352.72539891831 0.348616779086951 100001569 1325)",100
37,100001570,0.439742978108934,105,1.29896932353205,1.22104076566898,1.45807027539656,1.42805593959054,1.43873085382348,0.153540865375322,0.0781681664988733,-0.494660257174352,0.585843841396718,-0.434543514702731,0.659177304491827,-1.0289750947645,-0.434543514702731,-0.434543514702731,-0.557938437431534,-0.618986188964999,-0.669503114943156,-0.524822073787369,-0.71212451334414,0.665297741273101,-1.69993346640053,-0.507226107226108,0.644007644007643,0.439742978108934,12,-0.512599517141482,-0.812516562594195,-0.799862845393813,0.541164666765761,0.435402198032763,-0.53930727517183,0.588368747483612,-0.175322026020657,0.0609957422779312,93.0000000001,0.0362776821765433,0.114735927436356,425.0000000001,0.311849765781062,0.348127447857606,0.0188545754660373,-0.359645184541642,-1.28138049695359,-0.454249806025737,3.79192826991652e-05,0.732623748660401,-0.378993092763503,0.869197733563327,0.26036881954587,0.918530874167486,1.66815645677494,-0.349576935558177,-0.409179657493869,0.145295871049336,-0.245925346553039,0.528207847926239,1.07109749798066,2.19258446122348,2.15155944355969,2.28302402457116,-0.331288598972023,-0.00539537188877398,-0.387931501412078,-0.309417407421364,-0.309417407421364,0.848828695371731,-8.00176179137389,0.905950540922024,1.08876212088936,1.39269985124513,0.66984396996524,-0.593761384251038,-0.781884377011312,0,425.0000000001,0.00196479851049717,0.0168897768555402,0.615149175689126,0.212770354002714,4856.15848397427,0.0312499339939208,1153,2,"SNETWORK (2 37 4856.15848397427 0.615149175689126 100001570 1153)",100
17,100001571,-0.614686374502211,107,0.152577399052067,0.406018494492994,-0.358045591966192,-0.357303355798844,-0.355675841278248,-0.102493342229808,-0.0905557711157347,0.225273773072336,1.17672898305431,0.706281176240317,0.00190382194183014,-0.0787574788229278,0.706281176240317,0.706281176240317,0.491701063954574,-0.0357446682779098,-0.0203109649330511,-0.428935099701882,0.00562265124214547,-0.596303901437372,0.141716566866268,0,-0.395577395577396,-0.614686374502211,9,0.492350664544646,2.66462070510663,2.73286402824677,-0.249604054983856,-0.611261091618818,0.239348804858488,1.17575205118577,0.444724246623904,3.90045743596157,782.0000000001,4.87661949662131,0.105944861065834,872.0000000001,0.147704237559045,5.02432373408036,0.148070590041237,2.65080783999382,3.16714395717593,0.147417513271323,0.105645726741434,-0.0558795044154944,-0.399628513959754,-0.0343058402626251,0.501828121649607,-0.404464372691067,-1.0349507909994,-0.605990654411213,-0.743102825155636,-1.34894943416966,-0.310686522484097,0.121428129376515,-0.277526342387342,-1.4058558810172,-1.37829262321507,-1.40813399619979,0.371274279882909,-0.601909860560759,1.3035754651833,0.408712593409371,0.408712593409371,-0.426008627784111,1.06316675953723e-11,0.756472756857308,0.514021715720772,-0.313576942281241,0.918332166310415,0.292265826150164,-0.452700360579139,0,872.0000000001,0.143717635248157,0.00435295469307967,0.37130997607785,0.170265702583545,1745.26487887251,0.125,526,2,"SNETWORK (2 17 1745.26487887251 0.37130997607785 100001571 526)",100
29,100001572,-0.409973858228143,162,-0.790377993358492,-0.853832397374456,-0.715996162004961,-0.715344983900652,-0.711097017555422,0.560198509617248,0.541143758515437,1.76586264915732,-0.265401894210555,1.15182120464855,-0.223367902033669,3.65266241473055,1.15182120464855,1.15182120464855,0.0886044520176393,-0.797271570155976,-0.873079256754351,1.00293832101481,-1.21656935493326,-0.720739219712526,0,-0.434965034965035,-0.700859950859951,-0.409973858228143,8,0.693297587555053,1.29727011818088,1.31125063914458,-0.487712608983755,-0.411002026924828,-0.0795479266750036,-0.255822562817329,-0.129691346895453,1.22787656244585,1267.0000000001,2.48728808918401,0.0875475097780933,3347.0000000001,0.468483473428451,2.95577156251247,0.110475326264304,-0.513916725365839,-0.21782674873597,0.213176259013552,-0.635863878111563,-1.32618425624218,-0.353815045643365,-1.08647180706384,-0.39002429988703,-1.35711760875214,-0.960946031707355,-2.35338664973198,-1.94403228743634,0.00578066582405646,-0.485855121557329,-0.471792152073761,-0.752292666128179,-0.897784372821839,-0.860982036160378,-0.83280147843515,-0.526703530283668,0.530173553231868,-0.0143581441417461,-0.470696430724076,-0.470696430724076,-37.2237233517838,1.06316675953723e-11,0.523580628427038,0.566831772370133,-0.246544637698595,0.647064979022514,0.531264435464225,0.279474199686854,0,3347.0000000001,0.0929652231588119,0.0175101030054921,0.981531082743594,0.690780024975538,1599.0216653943,0.25,957,2,"SNETWORK (2 29 1599.0216653943 0.981531082743594 100001572 957)",100
28,100001573,0.319275113206634,226,-0.268041164135857,-0.507523118116241,-0.715996162004961,-0.715344983900652,-0.711097017555422,0.720883369094905,0.798365958015779,1.99041077484711,-0.599096814282248,-1.19822444077434,-0.454975726510643,1.97456955098233,-1.19822444077434,-1.19822444077434,-0.324158540219567,-1.02565326447917,-1.04920433559289,0.455536059294492,-1.40428291208463,0.468172484599588,-2.26546906187625,-1.53286713286713,0.194922194922195,0.319275113206634,8,-0.609349892750613,0.243708454159979,0.243261147007582,0.927944423946057,0.325642439383138,1.8284192648438,-0.595413878848471,0.371214149133495,0.0832238731004975,1853.0000000001,0.246557437580033,0.0726597702331123,4170.0000000001,0.484423095233516,0.730980532713549,0.0328562791278265,-0.180382159691228,-0.404446762949259,1.74681068321378,2.40817855825503,1.00904106901236,1.17950921563062,0.994828912525416,-0.309155882256348,0.943374015236649,0.273364629921301,0.0488055506037396,0.0562534589707912,-0.116341494677532,0.391124528386823,0.121428129376515,-0.277526342387342,-0.897784372821835,-0.860982036160378,-0.83280147843515,0.879428933902824,0.0352709142722557,1.56739085919242,1.09643598648115,1.09643598648115,0.0970753608736752,1.06316675953723e-11,-0.114595131541975,-0.328238139193364,0.428509252629162,-0.214971218165099,0.259820802686062,0.479615222063872,0,4170.0000000001,0.0110823197072919,0.0217739593205346,0.430568098879321,1.71113062091172,1957.97595612482,0.125,767,2,"SNETWORK (2 28 1957.97595612482 0.430568098879321 100001573 767)",100
3,100001574,-0.0194986635769975,167,-0.226804037760009,-0.273941878615531,-0.467885001197052,-0.45962963966976,-0.447550990366083,-0.4085036390175,-0.482721131890272,0.523531761111204,0.598442178500884,-0.374099290740031,-1.26642842910153,-0.554188863234916,-0.374099290740031,-0.374099290740031,-4.61770520380695,0.172354276517895,0.249063039876886,1.05835977924964,-0.00429591444730642,0.0739219712525668,-0.0898203592814364,1.0005994005994,0.837837837837838,-0.0194986635769975,7,-0.279433202566473,2.79326621933455,2.86846540398278,0.204139678350575,-0.016445291989546,0.383140883909081,0.600233279499603,0.332074914515076,0.213467098497858,9296.0000000001,3.17264950333128,0.0684876027288678,798.0000000001,0.0873795674382338,3.26002907066951,0.0939596959996176,4.36220182497708,3.12720799363482,0.46562867301863,0.228043034738665,-0.319016966536186,-0.325511873300499,-0.199796231443137,0.296259288527975,-0.223329317666702,-0.399073839649593,0.420486580569479,0.854039583736451,-0.563628536811998,2.48713245120685,-0.111589823971712,-0.361048140340428,-0.751834212897414,-0.690544926566652,-0.641104661755904,1.04096194532141,0.441066377650759,-0.146504307968873,1.35153174205044,1.35153174205044,-0.246860391992688,-4.46466524964294,-0.60976883031368,-0.475447777726838,-0.600478463321548,-0.508723708467905,0.14902050887715,-0.0677622722338442,0,9296.0000000001,0.0914412651135061,0.00251843078611147,0.781594650408836,0.91775095399711,2317.4784976368,0.0624998605480869,168,2,"SNETWORK (2 3 2317.4784976368 0.781594650408836 100001574 168)",100
17,100001575,-1.02490845341549,11,-0.711340194022643,-0.147031598306002,-0.358045591966192,-0.357303355798844,-0.355675841278248,0.00331755032528241,0.00287930957248082,0.40796205055329,1.43338854145485,0.607237661829297,0.0680467522273032,-0.105013233493385,0.607237661829297,0.607237661829297,0.515857833059521,0.017415985450046,-0.00314998893583491,-0.574925528314516,0.0993710335800937,-0.596303901437372,0.141716566866268,0,-0.395577395577396,-1.02490845341549,9,0.791604877101154,0.448670068653537,0.44898503945292,-0.601530304854558,-1.01730072230091,1.253496684392,1.43196592641517,-0.136322662185419,0.434768371682031,900.0000000001,0.625600412927417,0.205590701705551,3085.0000000001,1.01404029192695,1.63964070475437,0.0710932585623415,-1.70462221888062,-1.70652056482194,1.28009281038314,0.458451016985031,-1.37491884451621,0.818179429263332,-1.30760819947835,1.20258929107904,-1.62387088104208,-4.69820000983549,-2.3533866497011,-1.91150204778323,-1.75605272048593,-0.460730553781487,-0.675181930528773,-0.587156310063935,-1.4058558810172,-1.37829262321507,-1.40813399619979,0.853514667503202,-1.60021175155772,1.13216159758539,1.05727408641358,1.05727408641358,12.7511370222693,1.06316675953723e-11,0.786636314916051,0.61576343073611,-2.45234833110321,1.46805166935184,0.359808911391094,0.0223249987672953,0,3085.0000000001,0.027125437735862,0.0439678207264795,0.0368472624545665,0.655315745488554,1188.34227919873,0.125,430,2,"SNETWORK (2 17 1188.34227919873 0.0368472624545665 100001575 430)",100
12,100001576,0.451848876852384,256,0,-0.0695595240108285,-0.467885001197052,-0.45962963966976,-0.447550990366083,-0.689641513112724,-0.805039237174466,-0.0782231519044392,0.0353949320909868,-1.17925272133482,-1.7530734553508,-0.0795981080950633,-1.17925272133482,-1.17925272133482,-5.44128086841431,0.500334169079683,0.64654367173863,1.71474805842847,0.28903061491466,0.184804928131415,-0.778443113772456,0.103496503496504,0.51023751023751,0.451848876852384,7,-0.126395018907368,0.590345534003001,0.591781266842881,0.154594758489515,0.450394740125156,-0.0206677788565593,0.0383915928903285,0.297106345891246,0.11913794577695,2298.0000000001,0.437718765807253,0.0621047442298099,1527.0000000001,0.151620822612399,0.589339588319652,0.0249260333998125,-0.0798691311566531,-0.206186959132304,-0.240009826900728,0.310334709455943,0.858115019300155,-0.134741489802732,0.796395766739892,0.0340209944488702,1.02813112325474,1.13906376949304,1.02824545641142,0.74361822697399,-0.661574381449021,1.88073848785552,0.223123099423871,0.103212322371745,-0.751834212897418,-0.690544926566656,-0.641104661755909,0.726078763636856,-1.68241355461099,-0.408987319363311,0.871442039399807,0.871442039399807,-0.527517384296207,-0.512905629232581,-0.770813647983742,-0.749208483743988,-0.562707490504954,-0.694231782331026,-0.435299247213236,-0.919088072173498,0,2298.0000000001,0.018513252372765,0.0064127809270475,0.7140547614675,0.828565128206217,2832.82781174318,0.0312499302740435,256,2,"SNETWORK (2 12 2832.82781174318 0.7140547614675 100001576 256)",100
43,100001577,-0.37296086623246,33,0.12371145778112,0.869954874556633,0.532114998802948,0.540517197237357,0.552449009633917,-0.3210542264757,-0.262569715565815,-0.70700119994425,-0.0113261061341489,-0.381575409278321,0.546781669740444,-1.24773759357404,-0.381575409278321,-0.381575409278321,0.38805014847108,0.638778109842984,0.438317554711991,0.047596692806679,0.76876718955562,0,0.0419161676646709,0.81118881118881,0.429975429975429,-0.37296086623246,11,0.312754344890506,-0.331211826268192,-0.328173193105656,-0.354944809823107,-0.375348871122103,-0.807104188366452,-0.00832010109280965,0.464795013021057,0.335116658459766,6.0000000001,1.98159880582176,0.0553058181958033,2.0000000001,0.109010738454536,2.09060954417629,0.103984409529545,0.139614289930414,-0.121543060053787,-0.647611006920751,-0.648213580620317,0.0109175450089615,-0.874645754127829,0.011249307649009,-0.438039138948001,0.00909338012918982,0.0174661495743442,0.350938299825645,0.165764403738865,0.062501695777305,0.25007244766184,-0.353148128111646,0.538992472803679,0.102215627178161,0.139017963839617,0.16719852156484,0.118274649336596,-1.31438422170629,0.271917158259402,0.122590557818126,0.122590557818126,-0.640885301261463,1.06316675953723e-11,-0.298771581576633,-0.277371711677366,-0.381318220496659,-0.221051048263934,-0.0740255207332256,0.0382928554717618,0,6.0000000001,0.0985623461459472,0.00542206328359772,0.128971337920699,1.57044206213091,2985.70042651839,0.0312500660060792,1504,2,"SNETWORK (2 43 2985.70042651839 0.128971337920699 100001577 1504)",100
35,100001578,1.06489866331001,232,1.95876350285277,1.6240746339498,1.11742223327512,1.09970853501445,1.1005013034785,0.660861913938877,0.626286137232769,-0.187421356790241,-0.452231620117729,-0.154074367408667,1.11973327984559,-0.678585026056261,-0.154074367408667,-0.154074367408667,-0.775487677346095,-0.575842534181543,-0.691452365037145,-1.00406298704697,-0.569999896048422,-1.3305954825462,1.62674650698603,0.565034965034965,-1.23832923832924,1.06489866331001,12,-0.218761193065289,-0.711459294343114,-0.701349202674941,0.0990629822351074,1.06435541702866,0.332960793108112,-0.446977545151722,0.223195620073349,0.071151786130103,78.0000000001,0.0354925719905172,0.086464963965522,1072.0000000001,0.592777910621933,0.62827048251245,0.0334231178848165,0.322971956895369,0.658333797495461,0.145096335505449,0.121929019328906,-0.0337510683980793,0.505820213623423,-0.04047271846097,-0.249982195405194,-0.106004944926178,-0.0314746191315582,-0.199056059081899,-0.146257427004669,-0.05554163570768,-0.0829729706917556,0.596004386864676,1.11697181886013,2.19258446122347,2.15155944355969,2.28302402457116,0.219688608557512,0.301097165719597,0.708280095364659,0.233237260725308,0.233237260725308,0.769216157386039,-2.39114227604397,0.248036029545649,0.326787087241068,0.406208140990002,0.187585025279225,0.0833359328317961,-0.277415938012559,0,1072.0000000001,0.00188815556991909,0.0315349622148974,0.704802130218986,1.55941626118018,5613.29500727661,0.0156249669969604,1005,2,"SNETWORK (2 35 5613.29500727661 0.704802130218986 100001578 1005)",100
43,100001579,-0.108409306739818,83,0.12371145778112,0.869954874556633,0.545150200838989,0.54037036033024,0.554967563992924,-0.105056124606367,-0.0982168154352538,-0.431289904725516,-0.280919634764637,-0.543540717667727,0.60944653346828,-0.68969215383231,-0.543540717667727,-0.543540717667727,0.267010781832519,0.597738152914907,0.403242086928326,-0.0537515424554435,0.735580383283227,-1.14579055441478,2.23053892215569,2.01958041958041,-0.227886977886978,-0.108409306739818,11,0.083874098032869,-0.0793673505180913,-0.0788975804132122,-0.161641430431957,-0.112382265928986,-0.969782404613396,-0.278200505765638,0.620398331697234,0.0472878032432629,4.0000000001,0.186413600451468,0.0762349864847097,3.0000000001,0.22539488007039,0.411808480421858,0.0195929167258109,-0.288342257154215,-0.227780348705425,-0.828668209623218,-0.994109224959676,-0.242886671364642,-1.1988492396744,-0.253891998732817,-0.957384040805904,-0.27383294917049,-0.190441047965425,-0.139821268985433,-0.287350902450385,-0.964390041662039,-0.284644753241857,-0.353148128111646,0.538992472803681,0.795984361458942,0.806956718155498,0.869416887562444,-0.819526697583811,-0.365978473557913,0.296234482834907,-0.686411837825988,-0.686411837825988,-0.0634064035277073,-0.24565895447556,1.19705967158565,1.16997853543553,0.937656134802349,1.0986080623338,-1.04659289527987,0.0852290651656352,0,4.0000000001,0.00886913772817147,0.0107237788976394,0.327650658081843,0.28478490919966,3275.50776395514,0.0312500660060792,1553,2,"SNETWORK (2 43 3275.50776395514 0.327650658081843 100001579 1553)",100
28,100001580,0.583131376933943,241,-0.268041164135857,-0.507523118116241,-0.715996162004961,-0.715344983900652,-0.711097017555422,0.706574096387452,0.805111305208471,1.98466782439949,-0.605869951234926,-1.42404357639489,-0.456606013059846,1.73935321700137,-1.42404357639489,-1.42404357639489,-0.361963665634418,-1.07608660261751,-1.08036587203461,0.380642786620108,-1.45415398657111,0.468172484599588,-2.26546906187625,-1.53286713286713,0.194922194922195,0.583131376933943,8,-0.47979511166218,0.146070817434231,0.145624033789703,0.646703401411828,0.586698862415128,2.1664679833356,-0.602124245837688,-0.739239055297601,0.0756223403644947,10064.0000000001,1.21678965009648,0.0302815289132616,863.0000000001,0.041781435761987,1.25857108575847,0.0575500636457155,0.475773898172017,-0.244715650177079,1.90824570453997,2.25738509147535,0.512018392326438,1.36641490454621,0.513415400527008,-0.248665277168147,0.241643260553392,0.0738939328952694,0.0291837187736524,0.0492062478157885,-0.135882076731761,0.418319833215635,0.121428129376515,-0.277526342387342,-0.897784372821839,-0.860982036160374,-0.83280147843515,0.601734998215897,0.430135087020949,1.19355283690769,0.70047733369646,0.70047733369646,0.139619159771466,1.06316675953723e-11,-0.490407716606306,-0.633755745333164,0.261358576442367,-0.58619697037496,0.0198764239015337,-0.00787911119782964,0,10064.0000000001,0.0556395443030773,0.00191051924263822,0.536416639900499,0.858886952511966,2042.00724154914,0.125,782,2,"SNETWORK (2 28 2042.00724154914 0.536416639900499 100001580 782)",100
41,100001581,-0.0817167327243422,176,-0.886598059773572,-0.0928456434617663,0.315622755524543,0.310024668600395,0.31737100022456,0.915240948442935,0.883040130356887,-0.229284854346592,-0.382533319525004,0.854383436602994,0.522764691420317,0.815187300715358,0.854383436602994,0.854383436602994,0.481736175654915,-0.646771746061314,-0.771027956233082,-0.169622283765634,-0.812178233445069,-0.720739219712526,0,-0.434965034965035,-0.700859950859951,-0.0817167327243422,10,-0.568330915444529,0.605386832560008,0.606969646385267,0.699758620205187,-0.0805595322625818,0.46103107123403,-0.379552682412656,-0.271139476828355,0.214299842810035,2494.0000000001,3.41801402779847,0.0613063469481414,64.0000000001,0.0250923278333393,3.44310635553181,0.145242214359215,1.5899940297645,-0.691561678058105,0.986863234522309,0.474575569613478,-0.783939497382998,0.260378598195386,-0.72515029931772,-0.248537850478929,-1.90213759974031,-1.06913152217353,-0.966974248107758,-0.730662506482094,0.0744999689992568,-0.300777370445293,-0.353148128111646,0.538992472803681,0.102215627178156,0.139017963839617,0.16719852156484,0.513215567428794,0.793781154944729,-0.127919748741036,0.584680743550312,0.584680743550312,0.49827963000486,1.06316675953723e-11,-0.352759816440043,-0.175230729505293,0.2187312608988,-0.425141305367864,0.32644370096639,1.26326950055606,0.0109006584554902,2494.0000000001,0.144183732509106,0.00105848175010878,0.536558207290213,1.39789127455971,2672.20585331159,0.0625,1382,2,"SNETWORK (2 41 2672.20585331159 0.536558207290213 100001581 1382)",100
29,100001582,-1.16601473164487,3,-0.790377993358492,-0.853832397374456,-1.31184600508887,-1.30651564302517,-1.32383268064034,0.405799093039835,0.364650172451176,1.5458160420576,0.259339331893538,0.573108023021275,-0.147859421251741,2.06252374519646,0.573108023021275,0.573108023021275,-0.236727556933394,-0.33486869084875,-0.475938948829588,0.0812614850604489,-0.464885812236948,0.279260780287474,-1.27411842980705,-0.441958041958041,0.405132405132405,-1.16601473164487,8,0.877379635221529,8.63502178964091,9.26928575935023,0.292394493399682,-1.16335376739554,-0.961165734540277,0.268920596001224,0.663729752990415,0.088868209147398,829.0000000001,0.117786556275246,0.151201728578985,4531.0000000001,1.09533151576184,1.21311807193708,0.0128569613776868,-0.4595025313763,-2.60803906672556,-0.656912015810728,-0.957032734501021,-0.480279726815059,-2.15402533696217,-0.107528582177712,-1.52817696067073,0.135495101069855,0.537586623672349,-1.27783031976987,-1.14432122092037,0.106041293820855,-0.466838665387461,-0.471792152073761,-0.752292666128179,-2.3587188560243,-2.29529197602235,-2.43477706343215,-2.08877379047798,-0.134416300337916,-0.316256435752945,-1.34460648762587,-1.34460648762587,-0.365985086607034,-0.570703861662895,0.804818767730629,0.738614597828785,0.186051815256808,0.870325021120975,-1.8534690918684,-1.89150993890551,0,4531.0000000001,0.00124833454132286,0.0116086267363639,0.0149825075601772,6.00004243318598,702.340187157678,0.25,802,2,"SNETWORK (2 29 702.340187157678 0.0149825075601772 100001582 802)",100
3,100001583,-0.0762585398348099,155,-0.226804037760009,-0.273941878615531,-0.467885001197052,-0.45962963966976,-0.447550990366083,-0.403105896956359,-0.470214126500654,0.531603598171382,0.666566631868668,-0.196734362296375,-1.28331354337838,-0.328948833704202,-0.196734362296375,-0.196734362296375,-4.46739811531828,0.14382134907819,0.216226133617634,1.0404366457686,-0.0369859809126566,0.0739219712525668,-0.0898203592814364,1.0005994005994,0.837837837837838,-0.0762585398348099,7,-0.443251526583893,-0.449255361481964,-0.444438434920412,0.477082760803406,-0.0738664199740946,1.34239348862327,0.667719968091828,-1.10032519229732,0.583061582365386,1498.0000000001,1.39643676608163,0.285012696677831,1306.0000000001,0.59511708510329,1.99155385108492,0.101144781334491,0.110492147946475,0.02004443719726,1.91708899700737,1.36042674765994,-0.877063846624706,1.12163491380278,-0.977899479387177,1.03941204559132,-0.75893587147436,-1.42461215349544,0.350868490582638,0.623405716924555,0.153464478653524,1.6292733569855,-0.183656619125852,-0.461007527196321,-0.751834212897414,-0.690544926566656,-0.641104661755904,0.701844380479011,0.645316617596066,-0.0924041347693532,0.837337525707154,0.837337525707154,-0.308230483847446,-6.39332613997037,-0.0944922381783322,0.048885796833548,0.327640844851362,-0.168585959706877,0.29226801910235,0.309972850935584,0,1498.0000000001,0.0709206487854499,0.0302241324490408,0.732522225899142,0.813228602413624,2246.72093338323,0.0624998605480869,156,2,"SNETWORK (2 3 2246.72093338323 0.732522225899142 100001583 156)",100
17,100001584,0.417614645284705,262,0.152577399052067,0.406018494492994,0,0,0,-0.529075136346814,-0.617132170626751,-0.175207454559972,0.650914335692088,-0.206290418479979,-0.392756737685759,0.178369292425294,-0.206290418479979,-0.206290418479979,0.366999368346531,0.250762896448049,0.31861071154407,0.0191062402366805,0.284804658071491,-0.443531827515401,0.0161216029479497,0.044324905863371,-0.265923265923267,0.417614645284705,9,-0.653018197284195,-0.13845457297474,-0.137530108647532,0.962002444975737,0.416892475874208,0.485559361030729,0.651523102511788,-1.05426326310791,3.67415817517294,1114.0000000001,6.54394460702037,0.289717402109883,1170.0000000001,0.541947251997585,7.08589185891796,0.340659810508934,0.399493973385771,0.400720943809559,0.804318625606588,1.06305041756511,0.384079117015606,0.473451055550455,0.404589751050673,0.731623277625767,0.0584895392334414,0.114822597499252,-0.134502168660965,-0.0542356810372358,0.256074897337815,0.160648118189568,0.121428129376516,-0.277526342387342,-4.52365144789511e-15,0,-4.84823954093274e-15,0.519777652457914,-0.732875238781899,0.954207728754253,0.593101548019298,0.593101548019298,-0.231693934752129,-0.417783211758762,-0.166312742198084,-0.00570641971228464,0.196819803728672,-0.215643125645687,0.120342551663862,0.930742694602528,0,1170.0000000001,0.314605271084667,0.0260545393242667,0.913261034654162,0.071727856523803,2647.68174073603,0.125,681,2,"SNETWORK (2 17 2647.68174073603 0.913261034654162 100001584 681)",100
43,100001585,0.187101084060118,133,0.12371145778112,0.869954874556633,0.965149594579297,0.947078472655203,0.966783102940535,0.0696888642191726,0.0386282179151054,-0.518060791533577,-0.389867356881575,-0.117566841775513,0.935147656732629,-1.15088329913839,-0.117566841775513,-0.117566841775513,0.253709847964546,0.483789049788158,0.295824989428069,-0.660948909682673,0.703078335552281,-1.14579055441478,2.23053892215569,2.01958041958041,-0.227886977886978,0.187101084060118,11,-0.450394886272665,-0.364982494415327,-0.361472953470341,0.50379447706854,0.187610475252434,1.01314850051051,-0.386721465483833,-0.60724802324779,0.021364810510887,2.0000000001,0.0421111890830664,0.0320446625731024,9.0000000001,0.284227880014669,0.326339068997736,0.0163288006741923,0.0513373679564341,-0.041531561308767,1.13089378399463,0.691632722395797,-0.687989322221847,0.900353008579245,-0.755838361933408,0.0431960942420734,-0.745384897683331,-0.413235032006065,-0.549943347722978,-0.56661114269408,0.132984540278529,-0.2878690258814,-0.353148128111646,0.538992472803681,2.19258446122348,2.15155944355969,2.28302402457116,0.143886992060255,-0.0451471559197966,-0.105574118391946,0.150041791535538,0.150041791535538,4.26737102264142,1.06316675953723e-11,0.203125252927998,0.00548425658325827,0.279428393932317,0.169024202248046,-0.65853298916447,-1.29580143909803,0.0349557301051615,9.0000000001,0.00210708821707798,0.0142217123571143,0.523378309185959,0.99588117519452,3561.00959365349,0.0312500660060792,1602,2,"SNETWORK (2 43 3561.00959365349 0.523378309185959 100001585 1602)",100
41,100001586,0.478342794934907,249,0.680412427894334,0.334368660703197,0.315622755524543,0.310024668600395,0.31737100022456,1.06805644976238,0.98944179522839,-0.59371807997322,-0.60953016653904,0.811378633724772,0.964306613896519,1.48693824629985,0.811378633724772,0.811378633724772,0.402259194513329,-0.66327532086848,-0.78915695751478,-0.231111834153739,-0.821727382676711,-0.720739219712526,0,-0.434965034965035,-0.700859950859951,0.478342794934907,10,-0.251502239198234,-1.02072422965028,-1.00192770069083,0.146180622650523,0.475567986149223,-0.204955799316302,-0.605961972576464,0.264725750434846,0.154713328988141,1246.0000000001,1.2328246585425,0.0399944759588436,157.0000000001,0.0401564398327705,1.27298109827527,0.0715399334323419,3.32712613161321,0.749368979800898,-0.547270224533836,0.12390788485749,0.963183712924816,0.0763548806621735,1.18594340985685,-0.86624060970099,0.0728182251719767,0.0424763653582461,-0.606639053365376,-0.405409519245441,-0.0342943573196496,-0.223107849950342,0.562105955755759,0.451834062908154,0.102215627178161,0.139017963839617,0.167198521564845,-0.0912970637400179,0.562437227451628,-0.458270500623888,-0.0901040377410538,-0.0901040377410538,-0.144202123056107,1.06316675953723e-11,-0.357956175186761,-0.145738629148951,0.0754454083822455,-0.396217524197754,0.294903960095158,0.833156488980623,0,1246.0000000001,0.0692831920300048,0.00225674130233712,0.778051004705476,0.0478178465894705,3082.71794417158,0.0625,1455,2,"SNETWORK (2 41 3082.71794417158 0.778051004705476 100001586 1455)",100
29,100001587,-0.974994938944543,49,-0.790377993358492,-0.853832397374456,-0.959757100198023,-0.960709455694412,-0.961711264614227,0.434431200389076,0.361063185526549,1.58875471951748,0.118529140741401,0.885061884785882,-0.20879311889635,2.92995525514535,0.885061884785882,0.885061884785882,-0.0848425492305732,-0.35400936451858,-0.454427458073951,0.489965013906811,-0.563835986054832,0.388090349075976,-1.93862275449102,-1.29510489510489,0.10534398034398,-0.974994938944543,8,0.595972425933882,-0.117985140289501,-0.117228382472087,-0.522735394012502,-0.974249595539381,-0.281672017999397,0.120236958891839,-0.0906729990381611,0.404612508517752,3782.0000000001,2.44655844433948,0.165697556375588,832.0000000001,0.220411472296671,2.66696991653615,0.12775488339312,-0.142964220958908,-0.293203438253702,-0.114031186177905,-0.335847960696635,-0.339768665170006,-0.228469107791242,-0.357466298194652,0.0499025446058277,-0.46071324250935,-0.55563543858726,-0.270538569033159,-0.332392327482553,-0.948564051456611,-0.164218451505083,-0.471792152073761,-0.752292666128179,-1.4058558810172,-1.37829262321507,-1.40813399619979,-0.361137582212275,-0.670348249459606,0.466358897740763,-0.335015004668801,-0.335015004668801,-0.030875624198327,-0.0611894878115168,0.215312400201468,0.259000488596943,0.426276202246586,0.178963966549883,-0.822195080325186,-0.649548344989776,0,3782.0000000001,0.117196593252646,0.0105582900404736,0.298367691535989,1.08344100689182,965.240834059536,0.25,844,2,"SNETWORK (2 29 965.240834059536 0.298367691535989 100001587 844)",100
41,100001588,0.4414291309057,245,0.680412427894334,0.334368660703197,0.315622755524543,0.310024668600395,0.31737100022456,1.04604598660937,0.904285927347691,-0.571493823035786,-0.552451369103459,0.649089437616916,0.999973936910531,0.576956734724412,0.649089437616916,0.649089437616916,0.354867605160607,-0.807027793362612,-0.926332908967413,-0.469110794161016,-0.959388686887128,-0.720739219712526,0,-0.434965034965035,-0.700859950859951,0.4414291309057,10,-0.169610500808415,-0.0671618571497705,-0.0667748192236132,0.121667080794337,0.440740360840499,0.272005683874807,-0.548515199358217,-0.500829996355031,0.162571764848995,1666.0000000001,1.73211074788396,0.68805123976657,341.0000000001,1.50048168932183,3.23259243710579,0.153469051151272,2.03326078208711,1.40980163304997,0.995058975320643,0.556312870206898,-0.639976768273805,0.285263624581555,-0.666876441017455,-0.588284418061874,-0.500344048293365,0.0448457681428024,1.81072147981932,1.0436846028055,-0.131452854487999,2.46293633890313,0.562105955755759,0.451834062908154,0.0512340519102487,0.069680671854632,0.0838057542633842,-0.240893022089608,0.604578930733045,-0.819803695503974,-0.2296832297666,-0.2296832297666,-0.0737983365974026,-0.538288083360127,-1.1191961106968,-1.03708917601534,-0.719249406102127,-1.03797697305781,0.42181628981003,-0.72153028602709,0,1666.0000000001,0.0822328821088056,0.0712361689424666,0.764211834096243,0.191919649586688,3059.19282489941,0.0625,1451,2,"SNETWORK (2 41 3059.19282489941 0.764211834096243 100001588 1451)",100
37,100001589,0.471993072980418,112,1.29896932353205,1.22104076566898,1.45807027539656,1.42805593959054,1.43873085382348,0.164120700261791,0.0866485234456917,-0.485458126498042,0.571178790405428,-0.458940506681029,0.643886840151076,-0.995585122113914,-0.458940506681029,-0.458940506681029,-0.560715844074149,-0.622456043242288,-0.673293101359051,-0.516312338167248,-0.718057190005384,1.28439425051335,-2.76197604790419,-0.927972027972028,1.1480343980344,0.471993072980418,12,0.411937631961929,0.808078323521528,0.812161523241412,-0.349222717566407,0.466268402328197,-0.888568290703554,0.571773783727134,0.101750430481793,0.0474604294704033,2.0000000001,0.00060704207263622,0.165564431237648,974.0000000001,1.03129535123789,1.03190239321053,0.0420108442577337,0.351569830424996,-0.28477069676068,-0.852757430123141,-0.839199981868215,0.0354450933610762,-1.21227148268617,0.0320973329936256,-0.282185637007749,-0.11312384024916,-0.200012297602736,0.0320880874685293,0.266572208058926,-1.06628054310861,0.238323265687381,0.528207847926239,1.07109749798066,2.19258446122348,2.15155944355969,2.28302402457116,-0.477529421187256,-0.688763257052758,0.531700039994429,-0.431488032369937,-0.431488032369937,-0.0333040820982919,1.06316675953723e-11,0.213944848908645,0.236817691590205,0.902727584868858,0.0302975938032907,-1.28460543312848,-1.364099766845,0,974.0000000001,2.47139127497806e-05,0.041986130244984,0.659333050688611,0.879642065261783,4901.0102814185,0.0312499339939208,1160,2,"SNETWORK (2 37 4901.0102814185 0.659333050688611 100001589 1160)",100
41,100001590,-0.803622702539868,24,-0.886598059773572,-0.0928456434617663,-0.0369605603324269,-0.0422694509956289,-0.0386919408759992,0.931793961929656,1.11046652335016,0.899024457938771,-0.073772009860357,0.323132490370734,0.430441959868446,0.352524000051729,0.323132490370734,0.323132490370734,0.554375968962066,-0.279338973965964,-0.434002234578548,0.0465452097041277,-0.388522296487329,-0.720739219712526,0,-0.434965034965035,-0.700859950859951,-0.803622702539868,10,0.115734863776578,1.37963655182913,1.39580382409066,-0.0322273254496054,-0.805364594522557,-1.03941556038886,-0.0696468235836979,0.533394049472834,0.0497251533506198,40.0000000001,0.0127201333539612,0.068354837414888,2534.0000000001,1.10772358851388,1.12044372176785,0.0412804644680383,-0.0979613459239581,-0.121258484060537,-0.917916312554781,-0.915625167253706,0.0190950638557182,-1.54567487709019,0.0163487401713839,-1.00796731615198,0.115243538395511,0.112691955256236,-0.22084789054392,-0.423928640993078,-1.136427819019,-0.272197822912593,-0.658232714974315,-1.30374704394875e-15,-1.4058558810172,-1.37829262321507,-1.4081339961998,0.180296227956402,0.972799512683109,-0.341577486662362,0.189634838023558,0.189634838023558,2.1742700239525,-0.634441407308611,0.0309190807560274,-0.0999007006527673,-1.66574034370653,0.450330272762417,-0.27442276027402,0.0681540019407452,0,2534.0000000001,0.000468647373707635,0.0408118169943307,0.0350467630815003,0.996269414887769,1819.68969649093,0.0625,1230,2,"SNETWORK (2 41 1819.68969649093 0.0350467630815003 100001590 1230)",100
43,100001591,-0.2443553759791,58,0.12371145778112,0.869954874556633,0.532114998802948,0.540517197237357,0.552449009633917,-0.353127712508444,-0.349222309689155,-0.670505837555016,-0.102033226167591,-0.674903827124201,0.405954691801122,-0.544412260468454,-0.674903827124201,-0.674903827124201,0.3179371092555,0.736357446109714,0.539113925469335,0.32243014357838,0.841472376179738,0,0.0419161676646709,0.81118881118881,0.429975429975429,-0.2443553759791,11,0.503368422341647,-0.0154540195668764,-0.0153751645465922,-0.46739369212154,-0.248240577684838,-1.04951773640594,-0.0997801412343758,0.691862753066879,0.470465302567346,1.0000000001,0.463656191780556,0.131554247538908,5.0000000001,0.648251221253116,1.11190741293367,0.0523097769522559,0.49811551106676,0.0944167919865551,-1.02734433832589,-0.897358551450981,0.214460342656386,-1.35990142165505,0.220987606685217,-0.876400048262867,0.231390516448139,0.318534683877318,0.451807502053279,0.365951787363258,-0.549956199256258,0.30389473003047,-0.353148128111646,0.538992472803681,0.102215627178165,0.139017963839622,0.16719852156485,-0.208525545255787,-0.635453271605885,-0.248054718931671,-0.200304536500392,-0.200304536500392,0.0353453927974077,1.06316675953723e-11,0.0791418863505146,-0.137151531250631,0.498842294637437,-0.0686797554583209,-1.0025237471603,-1.04827080343505,0,5.0000000001,0.0218127441575073,0.0304970326947487,0.228258015121808,0.498493297956884,3130.52681076038,0.0312500660060792,1529,2,"SNETWORK (2 43 3130.52681076038 0.228258015121808 100001591 1529)",100
41,100001592,0.0144375840912527,189,-0.886598059773572,-0.0928456434617663,0.315622755524543,0.310024668600395,0.31737100022456,0.943335163170186,0.896042505548551,-0.33077170209676,-0.40991009718998,0.880616385345524,0.626383545152429,0.675784186455422,0.880616385345524,0.880616385345524,0.468332970858261,-0.652093024769325,-0.780144320904958,-0.278442486448661,-0.79896542948525,-0.720739219712526,0,-0.434965034965035,-0.700859950859951,0.0144375840912527,10,-0.568211919558402,-0.453850132680138,-0.448956469896136,0.714146829310279,0.0130331315872439,0.0939755346383246,-0.406762089593201,-0.363888862370659,0.0989953393248464,899.0000000001,0.569154244936064,0.0586507585828024,260.0000000001,0.0975219823313162,0.666676227167381,0.0338859045352282,-0.380508413987826,-0.301371751293908,0.19731158744187,-0.0583807013197387,-0.398673920546716,0.230335471735634,-0.445306557122284,-0.309817089538354,-0.465539301902556,-0.194149548472723,1.12022402973109,0.705166898667012,0.0649140292708956,1.21901983237158,-0.150568690148555,0.331107364279353,0.102215627178161,0.139017963839617,0.167198521564835,0.0097064039564707,0.833804607121461,-0.600937470732121,0.00980678984057232,0.00980678984057232,0.0126585422380693,-0.168986698614909,-1.36505604953657,-1.28824630796782,-0.969399390779293,-1.24682229346092,1.08512581936845,0.255670399372879,0.0012770884322804,899.0000000001,0.0289290446642401,0.00495685977098807,0.577786565565459,1.58782619513088,2742.28968081885,0.0625,1395,2,"SNETWORK (2 41 2742.28968081885 0.577786565565459 100001592 1395)",100
41,100001593,-0.460778901764042,107,-0.886598059773572,-0.0928456434617663,0.315622755524543,0.310024668600395,0.31737100022456,0.934068320268738,0.974694302163837,0.294207981459202,-0.255133334794799,0.650466855997596,0.449528935086966,0.449556568352382,0.650466855997596,0.650466855997596,0.516408279341657,-0.655040197188426,-0.781553948270433,-0.117218659385948,-0.832195932587483,-0.720739219712526,0,-0.434965034965035,-0.700859950859951,-0.460778901764042,10,-0.33155121992126,0.657660882560677,0.659796440906146,0.46876329656646,-0.458643727527247,0.503221991648605,-0.252287933553795,-0.325153456451263,0.0935117686294244,1408.0000000001,0.842023989408763,0.0495685285152966,176.0000000001,0.0557922959478744,0.897816285256637,0.0375276262603568,-0.092691563671553,-0.225418714240971,0.0692858478942792,0.299999476077086,0.3594298685245,0.278133259006072,0.329872157759984,-0.0552500419109513,0.29936722024847,0.220145423045578,0.0979324878410603,0.250038478889925,-0.947288580227712,0.0534649676869361,-0.658232714974315,-1.30374704394875e-15,0.102215627178161,0.139017963839617,0.167198521564845,-0.867257503966861,-0.548835992837744,-0.000504769596719355,-0.71886039234366,-0.71886039234366,0.830137253735638,-0.129197671933114,-0.131920250573473,-0.200930572670846,-0.207144379845587,-0.0803854002726122,0.737390161682993,0.617699789155339,0,1408.0000000001,0.0351955762122521,0.00233204994810466,0.308353336921564,1.23616002163306,2284.28182625096,0.0625,1313,2,"SNETWORK (2 41 2284.28182625096 0.308353336921564 100001593 1313)",100
43,100001594,-0.366708049611118,35,0.12371145778112,0.869954874556633,0.532114998802948,0.540517197237357,0.552449009633917,-0.322653717493138,-0.263297425740108,-0.712369204830847,-0.0126958521339539,-0.383201200027018,0.553688160232177,-1.25316789944976,-0.383201200027018,-0.383201200027018,0.38788212801003,0.638074434278155,0.437354767979018,0.0479068971772702,0.767823271329724,0,0.0419161676646709,0.81118881118881,0.429975429975429,-0.366708049611118,11,0.432769551846646,-0.0127615338650933,-0.0126968560549512,-0.425436106202176,-0.366964948332857,-0.529479741613111,-0.0106619437746644,0.634144172918983,0.125557972218258,4.0000000001,0.494963015499213,0.133512639851037,6.0000000001,0.789481754824903,1.28444477022412,0.0603981655913132,1.34633092759701,0.986169114981869,-0.521243628604327,-0.651683050257204,-0.181627143597822,-0.545108202903926,-0.187678142363393,-0.237082937687353,-0.119781013985477,-0.119403611294285,0.472816234597831,0.582481493066751,-0.713112273205022,0.695826733327894,-0.353148128111646,0.538992472803679,0.563507212506775,0.607963524406182,0.647346441715713,-0.03109648298958,-1.30795030642382,-0.280061033492472,-0.0311231259626312,-0.0311231259626312,0.425561457321171,1.06316675953723e-11,-0.84064371371008,-0.768747254836043,-0.270588456320578,-0.84128248961593,-0.73602603739397,-0.770687371157946,0,6.0000000001,0.0232745376146242,0.037123627876689,0.136120071864959,1.29132624398841,2996.12806211101,0.0312500660060792,1506,2,"SNETWORK (2 43 2996.12806211101 0.136120071864959 100001594 1506)",100
41,100001595,0.354701280372027,233,0.680412427894334,0.334368660703197,0.315622755524543,0.310024668600395,0.31737100022456,1.04964494357931,0.921723924109814,-0.479822152851071,-0.541635516032151,0.639265630116386,0.947930130501277,0.566181165698537,0.639265630116386,0.639265630116386,0.369236955671308,-0.750353201312498,-0.867439581793506,-0.386269882749558,-0.90310378578592,-0.720739219712526,0,-0.434965034965035,-0.700859950859951,0.354701280372027,10,0.161366875837279,-0.386153294197088,-0.382333114159998,-0.260676263003577,0.352318982924123,-0.638581127752965,-0.530210222980217,0.802180780441511,0.057851641911771,1094.0000000001,0.404751577471913,0.102443265273016,590.0000000001,0.386536903600487,0.791288480972401,0.0397414811702054,-0.767131295223122,-0.784974897871336,-0.238963781896862,-0.201420224761772,0.0659971470258917,-0.610287033390017,0.0719881193992229,-1.02230151293153,0.0785897629801496,0.0530042947482615,-0.399572857600468,-0.354908459536821,0.00722236901618115,-0.167558077703283,0.562105955755759,0.451834062908155,0.102215627178161,0.139017963839617,0.167198521564845,0.205692701721124,0.103720367908054,1.21090919282741,0.217653560794169,0.217653560794169,-0.20091895573041,1.06316675953723e-11,0.742039096238008,0.706438903985767,1.09809872277889,0.561491237616711,0.6702228811039,0.860796709916313,0,1094.0000000001,0.0203281452202203,0.0194133358499851,0.724528160197567,0.410591542340817,2991.73479667035,0.0625,1439,2,"SNETWORK (2 41 2991.73479667035 0.724528160197567 100001595 1439)",100
29,100001596,-0.966757985627007,52,-0.790377993358492,-0.853832397374456,-0.959757100198023,-0.960709455694412,-0.961711264614227,0.440295084444974,0.366553878854087,1.59835935387032,0.117975799642143,0.886614997931561,-0.208048835899574,2.93095482590047,0.886614997931561,0.886614997931561,-0.0842882131184873,-0.356484206666563,-0.457267861494746,0.488077164126682,-0.566610198248731,0.388090349075976,-1.93862275449102,-1.29510489510489,0.10534398034398,-0.966757985627007,8,1.13139827647427,-0.245945828319043,-0.243962265896486,-0.71648232830936,-0.96511518911004,0.4492596621461,0.11971671695672,-0.700932499163767,3.29393089011477,3047.0000000001,16.0465510772721,0.30899011363999,1087.0000000001,0.536993332939701,16.5835444101118,0.812525033699719,-0.298870472155348,-0.287556665168016,0.551108936537268,0.0993807665351157,-0.708026487620585,0.474247964832213,-0.76154434786439,0.406353158139849,-0.630773587859351,-0.759180919308119,-0.2411573602674,-0.106419164358904,-1.04144182154006,-0.10510397294537,-0.471792152073762,-0.752292666128179,-1.4058558810172,-1.37829262321507,-1.40813399619979,-0.0172536352112778,-0.951221670681669,0.66968941322951,-0.0173245438560739,-0.0173245438560739,0.408263212245229,-0.199341653033626,-0.248965497754253,-0.339488877372678,0.139777084934534,-0.292387481995721,-1.18690261898038,-0.30709448832925,0,3047.0000000001,0.786214583009616,0.0263104505901035,0.315514283138453,1.15094197478814,981.147981925229,0.25,847,2,"SNETWORK (2 29 981.147981925229 0.315514283138453 100001596 847)",100
17,100001597,0.57558971938174,280,0.152577399052067,0.406018494492994,0.0737102907633875,0.0682577010310203,0.067165878475577,-0.536828166453442,-0.627696072190567,-0.164310822026805,0.633193813767459,-0.277431929616597,-0.373984244948978,0.131405537480493,-0.277431929616597,-0.277431929616597,0.363104905227799,0.250990691541304,0.317989046907248,0.00116163217355488,0.288377510689463,-0.443531827515401,0.0161216029479497,0.044324905863371,-0.265923265923267,0.57558971938174,9,-0.593732384991853,0.0815688043078946,0.0812529719251574,0.869639822094306,0.573256564864725,0.562299486653075,0.633857495932311,-0.627935952200996,1.73439749896948,1313.0000000001,3.64090996272964,0.140915398788984,4023.0000000001,0.906369036995085,4.54727899962473,0.210304235620349,-0.108442375753166,0.0607924263988768,0.426123889362664,0.231754261512273,-0.302076059881665,0.472130765903972,-0.306694627035755,0.722220572250613,-0.310232520088297,-0.569851994398584,0.609245294853922,0.323254622576179,0.254026563415697,0.74975592875089,0.553501088956204,0.437592235691724,-4.52365144789511e-15,-9.02989036134174e-15,-4.84823954093274e-15,0.988512871931906,-0.903631282001944,1.59771239670306,1.26658353062782,1.26658353062782,-0.575702769748845,-0.1767525259448,-0.405536999302857,-0.334746579848013,0.259588387815569,-0.492815272378525,-0.412340879967321,-1.40951547175486,3.70678419335996e-14,4023.0000000001,0.168386146169892,0.0419180893504574,0.9742588206783,0.0937684410018846,2749.25074733439,0.125,699,2,"SNETWORK (2 17 2749.25074733439 0.9742588206783 100001597 699)",100
28,100001598,-0.297345634777475,176,-0.790377993358492,-0.853832397374456,-0.715996162004961,-0.715344983900652,-0.711097017555422,0.770915197196794,0.781670851652144,2.0300933678272,-0.424452687446187,0.46939072827119,0.104797545631398,2.82427775122827,0.46939072827119,0.46939072827119,0.00359051584219161,-0.864200291305123,-0.93545317994377,0.71194353901503,-1.24767631710428,0.468172484599588,-2.26546906187625,-1.53286713286713,0.194922194922195,-0.297345634777475,8,-0.22608126895937,-0.673468871071042,-0.664241935688416,0.0712437941809339,-0.296505956966225,-0.0657283365416618,-0.421003147086721,-0.26826328838357,0.83354389007547,2153.0000000001,2.86924258430207,0.0852341534970917,4528.0000000001,0.617042155800658,3.48628474000273,0.184221762517083,-0.16690951946311,-0.527584858355736,-0.112969876308392,-0.194962484080052,-0.123388816266612,0.13400808551873,-0.144068180084598,-0.383614803373597,0.0334710407020527,0.0185821939704594,-0.291295333782298,-0.0945241243558741,-0.0446289512672116,0.00230988467457636,-0.471792152073761,-0.75229266612818,-0.89778437282183,-0.860982036160383,-0.83280147843515,0.418779480195692,0.207071832941171,0.34115390861238,0.466311626165581,0.466311626165581,2.50065942571908,1.06316675953723e-11,0.14447396456581,0.140299730658202,0.726879745457613,-0.00330823582691618,0.57015234438483,0.190614698949493,0,4528.0000000001,0.151616108579416,0.0326056538376676,0.0757446864215242,0.243189678061754,1676.2879218844,0.125,717,2,"SNETWORK (2 28 1676.2879218844 0.0757446864215242 100001598 717)",100
29,100001599,-0.972514162415967,50,-0.790377993358492,-0.853832397374456,-0.959757100198023,-0.960709455694412,-0.961711264614227,0.434431200389076,0.361063185526549,1.59554955369162,0.118439940946712,0.885448655497312,-0.20876060941616,2.93037117707133,0.885448655497312,0.885448655497312,-0.0849395306512164,-0.354675986020932,-0.455214414001457,0.489503356651976,-0.564591383965011,0.388090349075976,-1.93862275449102,-1.29510489510489,0.10534398034398,-0.972514162415967,8,0.719130698685528,-0.402747659526755,-0.398675655667881,-0.580793761376249,-0.971448680098491,-0.112834201841978,0.120147989981196,-0.440091454253371,0.962047605458031,4022.0000000001,6.18633444112896,0.0750099693757674,762.0000000001,0.0913836972545669,6.27771813828353,0.316216229971676,-0.290747494249254,-0.137643692765443,0.0968970057420858,-0.283486583680172,-0.588745025729723,0.0185426740090617,-0.651273688642692,0.180291980208687,-0.664835895860896,-0.802299247111561,-1.35211171182932,-1.49196973609733,-1.52447642315439,-0.449206451921481,-0.471792152073761,-0.752292666128177,-1.4058558810172,-1.37829262321507,-1.40813399619979,-0.119659028592859,-0.394353899372412,0.993493683895662,-0.117321725333637,-0.117321725333637,-3.95470117778264,1.06316675953723e-11,0.943265112108225,0.843787844995115,-0.248965233169002,1.10730548397374,-1.58854931671266,-0.815673870253805,0,4022.0000000001,0.311613122890783,0.00460310698089315,0.303779439559851,0.685736992187332,970.261393131758,0.25,845,2,"SNETWORK (2 29 970.261393131758 0.303779439559851 100001599 845)",100
37,100001600,0.168146400896469,49,1.29896932353205,1.22104076566898,1.45807027539656,1.42805593959054,1.43873085382348,0.0970902644557617,0.0243337363939068,-0.502329900193988,0.678520916217959,-0.337877727755334,0.603816503015998,-1.07159140281828,-0.337877727755334,-0.337877727755334,-0.51531120370612,-0.544944988968682,-0.588877394851863,-0.452708301924251,-0.631981275404294,0.170020533880904,-0.850299401197607,-0.17062937062937,0.240786240786241,0.168146400896469,12,-0.523941964074725,0.580649147455752,0.58199290786411,0.814998350961341,0.170177839272325,0.633812957681758,0.679067274067975,-0.210407044526896,0.103218516024014,136.0000000001,0.0897746211858258,1.0349564248299,16.0000000001,0.105900768044144,0.19567538912997,0.0082901433878107,0.391834519478824,2.30788944337236,0.143920940850568,0.738097332546349,0.867791685004772,0.391600685848775,0.806734660063043,0.705557111817437,0.41439283690857,0.800791233563228,-0.38950051931756,-0.0770941523240165,0.258874511685986,-0.0880429002698148,0.528207847926239,1.07109749798066,2.19258446122347,2.15155944355969,2.28302402457116,-0.277665413286731,-0.579479795952443,0.459797468880059,-0.262525441683208,-0.262525441683208,-0.00111169783901877,1.06316675953723e-11,0.127766028578363,0.393703936563758,1.26537346203508,-0.151696498014572,-0.483802560603094,-0.306280339672625,0.021832444640149,136.0000000001,0.00380346489203308,0.00448667839577762,0.28986788462293,0.590445724694111,4525.95995386644,0.0312499339939208,1097,2,"SNETWORK (2 37 4525.95995386644 0.28986788462293 100001600 1097)",100
43,100001601,0.377624236928065,169,-0.0343645341584618,0.726058121384469,0.965149594579297,0.947078472655203,0.966783102940535,0.355666539199679,0.290692146344569,-0.0925519626328042,-0.60328618091079,0.155665576258232,1.13355807019492,-1.39009907508408,0.155665576258232,0.155665576258232,-0.167341480114631,0.764813922845996,0.64852826570646,-0.701295265909288,1.06475621304321,0.147843942505134,-0.958083832335329,-0.581818181818182,-0.163390663390663,0.377624236928065,11,-0.46548659382773,0.125836151533075,0.125419210019909,0.615897554520215,0.375682512133529,-0.399285194010128,-0.599734148831416,0.704088613287197,0.0554047187548511,6.0000000001,0.327617030107316,0.0514055874370833,9.0000000001,0.455954283183856,0.783571313191172,0.0359577392004964,0.75297325107076,0.813261682599519,-0.177332747644541,-0.0446843721928695,0.203240930928708,-0.417550913459229,0.204399069756697,-1.11011704745354,0.1923473446394,0.105586621289628,-1.11364623391277,-0.86154361833181,-1.27621986337528,-0.44252157252222,-0.353148128111646,0.538992472803679,2.19258446122347,2.15155944355969,2.28302402457116,0.367811291908501,0.442655051747328,1.04271198664841,0.40456357479453,0.40456357479453,-1.13564032273925,1.06316675953723e-11,0.87468106522152,0.75193961296298,0.42568388085803,0.869208112481094,-0.322941179863417,0.0590167527934347,0,9.0000000001,0.0150341998144486,0.0209235392860477,0.660279827035296,0.544320039711234,3760.70357462135,0.0312500660060792,1638,2,"SNETWORK (2 43 3760.70357462135 0.660279827035296 100001601 1638)",100
41,100001602,0.530041790169092,255,0.680412427894334,0.334368660703197,0.315622755524543,0.310024668600395,0.31737100022456,0.96312313885636,0.831121446308476,-0.628654401216116,-0.657753994525552,0.297285535732847,0.555643188094613,1.98294359690643,0.297285535732847,0.297285535732847,0.26902091430179,-0.50024871176942,-0.628255183463704,-0.0517757753968154,-0.649027816408621,-0.720739219712526,0,-0.434965034965035,-0.700859950859951,0.530041790169092,10,-0.302518800193026,1.17929681564415,1.19040243869368,0.506279878756501,0.529901789724731,0.940152339499456,-0.653922247203888,-0.97934678416758,0.100677202144769,2076.0000000001,1.33663868386655,0.0456840678714953,261.0000000001,0.0762536811950973,1.41289236496164,0.0539071713670099,1.91444173296902,1.76773538842878,1.28685388335743,0.568903461471852,-1.04021644658439,0.435467628473389,-0.869849665824109,-0.873165487247122,-0.0915928317336224,-0.0176017842910726,-0.257820601702776,-0.316060328367355,-0.176915278918784,-0.165020299412822,0.562105955755759,0.451834062908155,0.102215627178156,0.139017963839617,0.167198521564845,0.0406380818316359,-0.704793564305369,0.623050849245364,0.0413588833318484,0.0413588833318484,1.20550052792215,1.06316675953723e-11,0.0577270848492733,0.132008577489536,1.00577490832187,-0.165692581459443,0.269718690014811,0.57088604156995,0,2076.0000000001,0.0509978058059432,0.00290936546106674,0.798494752603692,0.297283687517378,3117.47014293086,0.0625,1461,2,"SNETWORK (2 41 3117.47014293086 0.798494752603692 100001602 1461)",100
29,100001603,-0.957033535445656,55,-0.790377993358492,-0.853832397374456,-0.959757100198023,-0.960709455694412,-0.961711264614227,0.444584958554444,0.37098930653655,1.59909025475703,0.11630368145695,0.890238358797718,-0.204492663390516,2.93169026014632,0.890238358797718,0.890238358797718,-0.0837289290716561,-0.360625964536805,-0.461059639000204,0.48497240599796,-0.571262630048716,0.388090349075976,-1.93862275449102,-1.29510489510489,0.10534398034398,-0.957033535445656,8,1.08726210384221,0.112899069574744,0.112506585210622,-0.694416753825722,-0.95373193992846,-0.10816292383706,0.118356548187221,0.400792382897542,0.0939900995300842,2560.0000000001,0.3846952643178,0.0664912997248961,442.0000000001,0.0469874479417384,0.431682712159538,0.0198548650590429,-0.260521921632049,-0.34816702503951,-0.381825134479306,0.375609367938529,1.18842855958885,-0.103248627648438,1.1988410880076,0.115384881478022,1.12582241096812,1.36647726616977,0.559486783323302,0.207082655532381,-1.00246633416589,0.0924263354987916,-0.471792152073761,-0.752292666128177,-1.16439685872866,-1.13244391634592,-1.13470820184212,-0.0878149664336387,0.625435135724041,-0.709745753512039,-0.0867375014981144,-0.0867375014981144,0.368557882706344,-0.957448654310668,0.223196415449927,0.158021082107154,0.662732892257435,0.0984082886568239,-0.112875661441037,-0.175687374756974,0,2560.0000000001,0.0176937188079338,0.00216114615110905,0.331053944498563,1.19282479601679,995.564356722569,0.25,850,2,"SNETWORK (2 29 995.564356722569 0.331053944498563 100001603 850)",100
17,100001604,-1.03284742283359,8,-0.711340194022643,-0.147031598306002,-0.358045591966192,-0.357303355798844,-0.355675841278248,0,0.000620156701222631,0.408275771682077,1.43721052587815,0.604845997864111,0.0680273292842475,-0.113328763707564,0.604845997864111,0.604845997864111,0.515447840560326,0.0212350559410122,-0.000250468774749277,-0.579407607921383,0.105005232580858,-0.596303901437372,0.141716566866268,0,-0.395577395577396,-1.03284742283359,9,0.791604877101154,0.161069011616158,0.160606717670262,-0.595194501224641,-1.02836710992915,0.545320502548,1.43549753978343,0.2906061367306,0.396784281143517,1e-10,1e-10,0.224359656466492,4158.0000000001,1.49150881956375,1.49150881956375,0.068021824806891,-0.150720648228995,2.32374660792897,0.442080838768788,-0.00938481984592209,-0.667703019390655,0.43860876914205,-0.668140494728448,1.02487365529931,-0.541385719481908,-1.56730776606188,0.661764720619213,0.00869093558739285,-0.936593883504349,-0.0944914455489001,-0.675181930528773,-0.587156310063934,-1.4058558810172,-1.37829262321507,-1.40813399619979,-0.295865099069253,0.441130841737418,-1.38541859566672,-0.278572425545876,-0.278572425545876,0.281951726929953,-0.119826403454539,0.205345670354927,-0.0399435638207349,-1.12697992904545,0.511215971105366,0.206535754314191,-0.203158258087986,0,4158.0000000001,0,0.068021824706891,0.0259945903202928,1.95236656449441,1170.27121138687,0.125,427,2,"SNETWORK (2 17 1170.27121138687 0.0259945903202928 100001604 427)",100
37,100001605,0.245547113114697,65,1.29896932353205,1.22104076566898,1.45807027539656,1.42805593959054,1.43873085382348,0.109668830740932,0.0373640783779881,-0.494483065961884,0.661315938869415,-0.364183040982945,0.614876145422601,-1.05628450921519,-0.364183040982945,-0.364183040982945,-0.520614849625996,-0.556009636898506,-0.603000549574082,-0.466938300348976,-0.64332464753709,0.665297741273101,-1.69993346640053,-0.507226107226108,0.644007644007643,0.245547113114697,12,-0.970157528685297,-0.187645798582133,-0.18627395985179,1.91318898114089,0.244663084486977,0.730504573480808,0.662829693901709,-1.15808375208649,0.0551313067186334,493.0000000001,0.173821009105834,0.0601816305648916,750.0000000001,0.288657120556758,0.462478129562592,0.022427680426249,0.928648083449156,0.735840151716924,0.741248791686892,0.509637301482062,-0.351186113875362,0.664412376238114,-0.374096329272988,0.827783417798197,-0.340184456420197,-0.639995139547524,-0.219883827709706,0.0421615081299818,0.257144201967725,0.078133748231011,0.528207847926239,1.07109749798066,2.19258446122347,2.15155944355969,2.28302402457116,-0.211818395199324,-0.464137022597652,0.301622007053622,-0.20331366769082,-0.20331366769082,0.725133195961137,-1.89148348177305,0.279332468208443,0.344993040472908,0.514717534197952,0.195648532140095,-0.678632281766004,-0.769498661091499,0.0248847571401277,750.0000000001,0.00842937595448873,0.0139983043717603,0.378139598698227,1.10133295817744,4615.56606106745,0.0312499339939208,1113,2,"SNETWORK (2 37 4615.56606106745 0.378139598698227 100001605 1113)",100
43,100001606,0.302108333439557,155,0.12371145778112,0.869954874556633,0.965149594579297,0.947078472655203,0.966783102940535,0.120600341581831,0.064874047307911,-0.455536104538258,-0.508832669500398,-0.118310081636046,0.818257410185101,-0.279158609020438,-0.118310081636046,-0.118310081636046,0.0659245182734878,0.617967332965021,0.471492880946985,-0.414678967145168,0.827156410962244,0.147843942505134,-0.958083832335329,-0.581818181818182,-0.163390663390663,0.302108333439557,11,-0.240796361264349,0.270071160992338,0.26966423342523,0.266820052542732,0.298816093368991,-0.140781758637553,-0.505507024774072,-0.320198408487967,0.111883544773522,3.0000000001,0.330792715075918,0.0386249386774136,1.0000000001,0.0380659144847106,0.368858629460629,0.0165029065759733,0.153928466849353,-0.618004520738978,0.556425241626038,-0.540719650672516,-1.70884650343114,-0.173296737828109,-1.67716909566503,-0.716431477970938,-1.70417017131647,-0.685458513458665,0.151660285756595,0.319029270543845,0.0239180431852528,0.0548604643965461,-0.353148128111645,0.538992472803679,2.19258446122347,2.15155944355969,2.28302402457116,-0.995270496436555,0.138176424757305,-0.089312139917486,-0.802397029108894,-0.802397029108894,0.705003410307603,-0.224022905023754,0.451561995488747,0.305470702755235,0.191117358534621,0.462457121531252,0.0386186556511054,-0.0784997826271941,0,3.0000000001,0.0147998197782262,0.00170308669774701,0.604238698639581,1.88696952915052,3678.95812575359,0.0312500660060792,1624,2,"SNETWORK (2 43 3678.95812575359 0.604238698639581 100001606 1624)",100
17,100001607,0.299627556910981,252,0.152577399052067,0.406018494492994,0,0,0,-0.517279527161061,-0.597719909474331,-0.169325558899125,0.680442491456096,-0.123385431244368,-0.381181399052251,0.160615776594447,-0.123385431244368,-0.123385431244368,0.374912328843954,0.245049427494944,0.312738559150639,0.0216434075903398,0.277137490471689,-0.443531827515401,0.0161216029479497,0.044324905863371,-0.265923265923267,0.299627556910981,9,-0.554950583521751,1.98923760827201,2.02602559790145,1.16346462499562,0.303034172789916,0.889764787038163,0.685521289958728,-0.348479655319986,0.321753816429175,3497.0000000001,1.79893683171501,0.423751035672793,2110.0000000001,1.42951857353748,3.22845540515249,0.106970303356402,-0.453112418765839,-0.320042434069141,0.598173386665101,0.489636298213102,-0.174893633662281,0.196280637330858,-0.125746312629208,0.612433529003856,0.0191079723022912,0.0753337339680633,0.111909453460055,0.320750232977346,0.154812789357342,0.898185010227078,0.121428129376515,-0.277526342387342,0.0735459051286045,0.100025820532309,0.12030221742139,0.945197402957383,-0.851381123109269,1.40717673739866,1.19798092951669,1.19798092951669,1.20567916292738,1.06316675953723e-11,-0.417882537418692,-0.281586998459514,0.056796227310201,-0.457346186553917,0.225447441213506,-0.645284070034694,0,3497.0000000001,0.0596052273529361,0.047365075903466,0.879652422088621,1.67428732477129,2591.71916219129,0.125,671,2,"SNETWORK (2 17 2591.71916219129 0.879652422088621 100001607 671)",100
41,100001608,-0.118034428954692,171,-0.886598059773572,-0.0928456434617663,0.315622755524543,0.310024668600395,0.31737100022456,0.913644964094951,0.88097806742204,-0.175982474401173,-0.375829728174965,0.872273756472536,0.50501264709585,0.81981082893846,0.872273756472536,0.872273756472536,0.485936838322311,-0.649734632798523,-0.769755324192001,-0.136192084781015,-0.822032671867472,-0.720739219712526,0,-0.434965034965035,-0.700859950859951,-0.118034428954692,10,-0.585130024498736,0.118290647157863,0.117887459850173,0.857775321128885,-0.118208634723497,0.155770030301183,-0.372834775685249,-0.407864876677047,0.126751560694637,1376.0000000001,1.11539139181297,0.130790631799025,61.0000000001,0.0510225326837471,1.16641392439672,0.0535973148424218,0.494967668929974,0.619653740012412,-0.238189520365583,-0.0622524048134101,0.270956191784269,0.139263359132952,0.27291877418753,-0.298082180570079,1.29169315250393,0.753836963121901,0.737000970537964,0.450360943048258,0.0768254306307208,0.631285010508428,-0.509952817057897,0.2619655285746,0.102215627178161,0.139017963839617,0.16719852156485,0.0668549539308639,-0.763904242215053,0.80079970500989,0.0684609423406619,0.0684609423406619,0.267152437389176,-0.0897186218521032,-0.801356980988279,-0.658873874238585,0.438245729887023,-0.969493950802349,-0.144061978856408,-0.403262579748867,0.000837813849698803,1376.0000000001,0.0512528033465248,0.00234451139589697,0.521440140965769,0.0941646187566221,2646.50674723873,0.0625,1377,2,"SNETWORK (2 41 2646.50674723873 0.521440140965769 100001608 1377)",100
41,100001609,-0.318483110570271,135,-0.886598059773572,-0.0928456434617663,0.315622755524543,0.310024668600395,0.31737100022456,0.96929359301444,1.00128383494723,0.177043468082321,-0.287930133882844,0.799204320689507,0.556078040389249,0.392141767696712,0.799204320689507,0.799204320689507,0.501803366536081,-0.752989722802488,-0.869697574453711,-0.20486214606924,-0.939637963308759,-0.720739219712526,0,-0.434965034965035,-0.700859950859951,-0.318483110570271,10,0.175412122105532,0.930061857630801,0.936108643366751,-0.0508795524348954,-0.318774651300079,-0.454697341453532,-0.285195874858441,0.471863851830799,0.0547512166201759,108.0000000001,0.0378157805641856,0.106388632535293,1402.0000000001,0.953891061730864,0.99170684219505,0.0395217925648067,2.40450950523174,2.29804052049026,0.210236567255377,-0.583804118595654,-1.1137814015272,-0.656529391663064,-0.973125968364165,-0.604429722037353,-1.7648410340466,-1.20685652961681,-0.831702860633337,-1.17638004654448,-1.39108744591284,-0.398962943372657,-0.658232714974315,-1.30374704394875e-15,0.102215627178161,0.139017963839617,0.16719852156485,0.271122374295178,1.0463661647217,-0.748010076151758,0.291389364870647,0.291389364870647,-0.503099216876882,1.06316675953723e-11,0.659749190212614,0.674716727037736,0.589935766706771,0.594125860965961,-0.180535770536348,0.211741463437862,0,1402.0000000001,0.00150704559448526,0.0380147468703214,0.404114868030889,2.19293871335685,2447.06625204087,0.0625,1341,2,"SNETWORK (2 41 2447.06625204087 0.404114868030889 100001609 1341)",100
12,100001610,0.308957117859755,231,0,-0.0695595240108285,-0.467885001197052,-0.45962963966976,-0.447550990366083,-0.612108712965887,-0.702285903141413,0.0394282082897374,0.0868344882690931,-1.05202860606936,-1.68463746854623,0.0245658389539475,-1.05202860606936,-1.05202860606936,-5.59909277662128,0.517702486673087,0.65463453447378,1.77969063475788,0.299038136966442,0.184804928131415,-0.778443113772456,0.103496503496504,0.51023751023751,0.308957117859755,7,-0.217993838018339,0.732066848232469,0.735099924535352,0.302204439797001,0.311813059422463,0.873334053414941,0.0885972015507733,0.504091247683936,1.02239560348252,1361.0000000001,2.22470347313001,0.3824819506044,622.0000000001,0.380361336380637,2.60506480941065,0.107478426559674,2.02846002523371,1.01168284124849,0.778572191609758,0.751122808775634,-0.0464702111357184,0.511711009096288,-0.041681146782385,0.399840535356583,-0.253776781686606,2.93492192234625,-1.8297654315745,-1.8111972775464,0.0793759342601378,-0.487700778495846,0.223123099423871,0.103212322371745,-0.751834212897409,-0.690544926566656,-0.641104661755904,-1.09417133354773,-0.874813179950443,-0.134265719835716,-0.86360051969735,-0.86360051969735,-41.1079728769909,-73.4741354827663,1.02084207236628,1.03736075458266,0.909063369225759,0.912515145895723,0.606352972521299,1.27322998193175,0,1361.0000000001,0.0917856737252963,0.0156927527343781,0.199042980285983,2.88430240691358,2688.26738624226,0.0312499302740435,231,2,"SNETWORK (2 12 2688.26738624226 0.199042980285983 100001610 231)",100
3,100001611,-0.0265436812968199,165,-0.226804037760009,-0.273941878615531,-0.467885001197052,-0.45962963966976,-0.447550990366083,-0.403839431953149,-0.475933374862674,0.530786716147494,0.602377552493701,-0.346126746993001,-1.25072969931183,-0.556255992924218,-0.346126746993001,-0.346126746993001,-4.60997594164781,0.173196470851779,0.25028119948087,1.05134907072308,-0.00195106932781045,0.0739219712525668,-0.0898203592814364,1.0005994005994,0.837837837837838,-0.0265436812968199,7,-0.0583703879498102,1.89798517026195,1.93120153675308,0.247274180230748,-0.026876953655349,0.0199418354512382,0.60387195715016,0.166924323851051,0.302169000137452,3207.0000000001,1.54932989802963,0.0395551163681528,804.0000000001,0.0508456436495323,1.60017554157916,0.0538672010075167,-0.64624178190073,-1.55951608635625,0.224436220737188,0.267944656488494,0.069877632471628,-0.401739119408388,0.052906188462035,0.255525569585507,0.546094559142532,1.01599996929506,0.63606220387583,0.997905885840996,0.146950161162582,3.67641638695773,-0.108169528672541,-0.356304064568476,-0.751834212897414,-0.690544926566656,-0.641104661755899,0.987207465265203,0.487502679390319,0.0954569175392228,1.26449568711584,1.26449568711584,-0.31559277425427,-2.24986686523359,-0.576033469121134,-0.477619471441562,-0.649021179898099,-0.460048555867661,0.0432427324740624,0.0101546616751239,0,3207.0000000001,0.0521555683863604,0.00171163252115631,0.772499984880657,0.207104366546848,2304.36489285969,0.0624998605480869,166,2,"SNETWORK (2 3 2304.36489285969 0.772499984880657 100001611 166)",100
17,100001612,-0.951773998489076,30,-0.711340194022643,-0.147031598306002,-0.358045591966192,-0.357303355798844,-0.355675841278248,-0.0348319220993218,-0.0330062943345836,0.349300626028851,1.35963694171701,0.648392506640747,0.0472391461989921,-0.0849132916792331,0.648392506640747,0.648392506640747,0.512907015176411,0.0214092304528817,0.0138517435841857,-0.494868015491399,0.0897446787719198,-0.596303901437372,0.141716566866268,0,-0.395577395577396,-0.951773998489076,9,0.619335923094824,-0.724660187500617,-0.714233900292608,-0.566906907002495,-0.948616457154165,0.441905749707966,1.35817752464363,-0.618894466203031,0.438511420342212,3579.0000000001,2.50922254673286,0.144806610350697,1065.0000000001,0.246566783559762,2.75578933019262,0.146947419399485,-0.157587288806087,-0.276378348392006,0.409799435446734,0.282338121496682,-0.200431095227021,0.597393659030998,-0.235546555695965,1.07537798097208,-0.188526545762648,-0.521560640679397,0.461772342239794,0.301388454742806,-0.868979351330344,-0.0140590666490354,-0.675181930528773,-0.587156310063935,-1.4058558810172,-1.37829262321506,-1.40813399619979,-1.18953544765705,-0.605312106580423,-0.346653588958138,-0.919996756763015,-0.919996756763015,0.629310475516103,1.06316675953723e-11,0.104715832801185,-0.00621181974659964,-1.33359035331027,0.450914728525026,-0.486609505970341,-1.09554424196569,0,3579.0000000001,0.13379969711378,0.0131477221857047,0.100783197820599,0.610636540688574,1294.80367500242,0.125,449,2,"SNETWORK (2 17 1294.80367500242 0.100783197820599 100001612 449)",100
37,100001613,0.689804767662698,165,1.29896932353205,1.22104076566898,1.45807027539656,1.42805593959054,1.43873085382348,0.271392190692954,0.196685972779944,-0.465932384898689,0.426032582114836,-0.56490619945604,0.73433627314268,-1.15602691118912,-0.56490619945604,-0.56490619945604,-0.586168668378109,-0.760937945735915,-0.840399948067428,-0.865793011430985,-0.828664446034694,0.813141683778234,-1.91189050470488,-0.485914085914086,0.874692874692875,0.689804767662698,12,0.00952268346250299,0.400458426502419,0.40050201346947,-0.0324858415402011,0.687982242780701,1.05176556338153,0.427348590747535,-0.889136311551805,0.225384064071808,794.0000000001,1.14446039959178,0.10931888453311,732.0000000001,0.511756460812132,1.65621686030391,0.0724222473795088,0.25501819379772,0.0531573607831826,0.501752231546894,0.44732393635616,-0.086889247788657,0.712442581964935,-0.0832719011454943,0.724685297816998,-0.984153567521805,-1.57173597113217,-0.00638189583761492,0.0174866100652954,0.231152137971304,-0.047241502522304,0.528207847926238,1.07109749798066,2.19258446122347,2.15155944355969,2.28302402457116,-0.439381130547389,0.216301036136929,0.0369863457654792,-0.40044437933071,-0.40044437933071,1.18307519686599,-1.00475164541404,0.720629938410443,0.751930691026922,1.11693694560074,0.533491882981987,0.0489778763557379,0.492444018473988,0,794.0000000001,0.0500444090657273,0.0223778382137815,0.975095373029678,0.230393028818071,5221.5459456699,0.0312499339939208,1213,2,"SNETWORK (2 37 5221.5459456699 0.975095373029678 100001613 1213)",100
37,100001614,-0.0211848163737638,12,1.29896932353205,1.22104076566898,1.50580654500643,1.48232234240258,1.49987706507974,0.0801281111542591,0.0114550137532095,-0.463798548574546,0.728214273025453,-0.270644085672887,0.613693337704281,-1.1100698856224,-0.270644085672887,-0.270644085672887,-0.495850627217565,-0.497636580365308,-0.530865093275292,-0.388705030851907,-0.58405476339849,0.170020533880904,-0.850299401197607,-0.17062937062937,0.240786240786241,-0.0211848163737638,12,0.798207561601721,0.24483858886677,0.244392660639821,-0.624109057058121,-0.023146440898745,-0.189780639752568,0.728337955192844,0.0304677552112186,0.282352292104593,1051.0000000001,1.89780285412687,0.10254955301748,6.0000000001,0.00393497606135175,1.90173783008823,0.0854627670410107,0.905058639154014,1.42133897878753,0.0189389925584641,0.0822165887483299,0.0958810985944584,-0.216764693366663,0.0944441072126969,0.418426924325202,-0.0284733771792542,-0.0560692847772175,-1.46624849321284,-1.13395420720861,0.159579339387684,-0.436995855712393,0.528207847926239,1.07109749798066,2.70840082864406,2.67872578178212,2.82264244254143,-0.234334054631178,0.2706757502015,0.725253240064847,-0.22376574920953,-0.22376574920953,-5.67699337796616,1.06316675953723e-11,0.965138662749237,1.22747547565623,1.04691736535671,0.818203411779861,-1.69246175554507,0.937358600111986,0,1051.0000000001,0.0852859318756297,0.000176835065380997,0.0646173557281334,1.04237547018842,4297.30433920357,0.0312499339939208,1060,2,"SNETWORK (2 37 4297.30433920357 0.0646173557281334 100001614 1060)",100
29,100001615,-0.990376237948378,46,-0.790377993358492,-0.853832397374456,-0.959757100198023,-0.960709455694412,-0.961711264614227,0.434431200389076,0.361063185526549,1.58875471951748,0.119891327436572,0.882489200089046,-0.21067267988421,2.93069695145141,0.882489200089046,0.882489200089046,-0.0870498048034392,-0.348471939570396,-0.447881804103017,0.493402090338502,-0.55748409231207,0.388090349075976,-1.93862275449102,-1.29510489510489,0.10534398034398,-0.990376237948378,8,0.682953501265315,-0.167839557660434,-0.166655395794944,-0.566001103267513,-0.986475884889114,-0.129107586427536,0.121604667399529,0.37867123301496,2.92732713777648,363.0000000001,1.69891890695029,0.0434699268148972,5.0000000001,0.000347499195078292,1.69926640604536,0.0821178938547426,-0.0558891994018,-0.0239415811458282,-0.370974569565938,-0.125156384476865,0.386957598340722,-0.0558589672345022,0.409714465713629,0.14278684817472,0.40906826308378,0.502248735042904,-0.177780262639476,-0.271932783884064,-1.12099574045013,-0.140132065757155,-0.471792152073761,-0.752292666128179,-1.4058558810172,-1.37829262321507,-1.40813399619979,0.369977859926005,-0.665475905925353,1.31880878360906,0.407158561731265,0.407158561731265,-1.77053873278431,1.06316675953723e-11,0.171453628427771,0.246502665680371,0.186734883017237,0.156728890867833,-1.47218543778291,-0.460166021152121,0,363.0000000001,0.0821011006882348,1.67930665077986e-05,0.280198244396196,0.863015169209116,948.384767909979,0.25,841,2,"SNETWORK (2 29 948.384767909979 0.280198244396196 100001615 841)",100
3,100001616,-0.0539315510776287,159,-0.226804037760009,-0.273941878615531,-0.467885001197052,-0.45962963966976,-0.447550990366083,-0.409285837067399,-0.476491198768989,0.524592325980549,0.661601680584606,-0.213599062928985,-1.29394534488778,-0.330655768217587,-0.213599062928985,-0.213599062928985,-4.44793714317242,0.140223450874177,0.211313883700804,1.03450247665828,-0.0404355574773938,0.0739219712525668,-0.0898203592814364,1.0005994005994,0.837837837837838,-0.0539315510776287,7,-0.439344600945803,-0.0537131223359023,-0.0534128202795495,0.536670709231225,-0.0507807470446582,0.880876462874089,0.662844773378089,0.0974401846468904,1.15913636377379,2347.0000000001,4.34953324274861,0.0308490680176016,44.0000000001,0.00217015012181915,4.35170339277043,0.206110523672669,-0.651849812396775,-0.123250625104978,0.738126724954925,0.781248897337652,0.0602921573083618,0.728973748452825,0.0622697327543618,0.857951807114238,-0.635865592734864,-1.20222411122215,0.224169020974273,0.310507026194417,0.152990302916627,1.04016554642418,-0.183656619125852,-0.461007527196321,-0.751834212897414,-0.690544926566652,-0.641104661755904,1.20146633121986,1.77280239685984,-0.455318050799595,1.62480588163475,1.62480588163475,-0.212812292708365,-2.76610837720019,-0.184013982605864,-0.028915701957708,-0.125652365604952,-0.15712757671509,0.534783373497456,0.337286472578881,0,2347.0000000001,0.206007738360335,0.000102785212333578,0.748682645129652,1.06783483851665,2270.02265351409,0.0624998605480869,160,2,"SNETWORK (2 3 2270.02265351409 0.748682645129652 100001616 160)",100
17,100001617,-0.722154190500653,87,-0.254295665086778,0.276450920905401,-0.358045591966192,-0.357303355798844,-0.355675841278248,-0.0947465602775232,-0.0823722449331681,0.246392243979045,1.20787634187106,0.658511803984612,-0.00983798496957035,-0.0485799601550041,0.658511803984612,0.658511803984612,0.496036943637135,-0.00285631135377003,0.00354227153501077,-0.419126668142759,0.0452907838423647,-0.596303901437372,0.141716566866268,0,-0.395577395577396,-0.722154190500653,9,1.34465277530221,0.629795433863088,0.631628318720158,-0.740237777357283,-0.719989122205013,0.877739826469528,1.20708720310396,-0.944724146612293,0.510190691366741,1512.0000000001,1.23333454543154,0.188270039011763,3628.0000000001,1.09205639243035,2.32539093776189,0.097674314132689,0.560474660929272,0.522235752896881,0.998782225257597,0.355264717551855,-0.978805477678839,0.541787696444958,-0.901579387726428,0.99681891151115,-0.638024520337348,-1.64820256187853,0.54455455980011,0.0639590724144483,0.20000084559,-0.126762306958633,-0.658232714974315,0,-1.4058558810172,-1.37829262321507,-1.40813399619979,-1.06031138802026,-0.710891157475113,0.0848835806750711,-0.842964310859757,-0.842964310859757,0.286405306671001,1.06316675953723e-11,0.639582922471083,0.413399214959572,0.165365778593221,0.674606361335245,0.297461448091744,0.489014055103783,0,3628.0000000001,0.0518042380474746,0.0458700759852144,0.299017342796708,0.594584602068637,1624.88852711707,0.125,506,2,"SNETWORK (2 17 1624.88852711707 0.299017342796708 100001617 506)",100
28,100001618,-0.177473539211911,189,-0.790377993358492,-0.853832397374456,-0.715996162004961,-0.715344983900652,-0.711097017555422,0.767550357228717,0.771411588784378,2.0492277459112,-0.441013612039856,0.326244898224522,0.085331425667196,2.79698442974907,0.326244898224522,0.326244898224522,-0.0305132134484132,-0.881083362234055,-0.951087051670264,0.688341966145781,-1.26464008775333,0.468172484599588,-2.26546906187625,-1.53286713286713,0.194922194922195,-0.177473539211911,8,-0.514387328785863,2.36188058895686,2.41495219871547,1.1463023300765,-0.165969339959894,2.27470665079269,-0.437818271198351,-0.211741163042291,0.118461937706937,6429.0000000001,1.2176347201623,0.0358032048398636,5110.0000000001,0.292507878451311,1.51014259851361,0.0469021289248524,0.161898717357014,0.804916470134128,2.5822205117156,1.2623587987947,-2.0226723032262,0.78921471997963,-1.37641073072355,-0.0991423260373179,-0.769224349079653,-0.369960168614851,-0.464418276508597,-0.510772807522954,-0.051044067158766,-0.0857414560995304,-0.471792152073761,-0.752292666128179,-0.897784372821839,-0.860982036160378,-0.83280147843515,0.940189662421185,-0.119870049380792,1.76313335322449,1.19013887903031,1.19013887903031,1.04365959828378,1.06316675953723e-11,-0.441526210494387,-0.457684803194204,-0.0971792006195716,-0.446044193615127,0.939201889901246,0.630058274908657,0,6429.0000000001,0.0378173958949097,0.00908473292994274,0.16715243873316,0.384837833088673,1748.85492045038,0.125,730,2,"SNETWORK (2 28 1748.85492045038 0.16715243873316 100001618 730)",100
43,100001619,0.076456997305645,112,0.12371145778112,0.869954874556633,0.965149594579297,0.947078472655203,0.966783102940535,0.00611822025438377,0.00587944376620597,-0.463637125229661,-0.349529395489968,-0.336242622654742,0.788788284446811,-0.874107517442861,-0.336242622654742,-0.336242622654742,0.247711063490508,0.468611992679793,0.280078680876971,-0.397609571043108,0.635736069515869,-1.14579055441478,2.23053892215569,2.01958041958041,-0.227886977886978,0.076456997305645,11,0.663442873813543,-0.0530654273618011,-0.052769185594835,-0.551649071776458,0.0744798678185339,-0.497035381494265,-0.346625137788715,0.844305652574394,0.124153576891286,1e-10,1e-10,0.218516063510789,8.0000000001,1.72282759653649,1.72282759653649,0.0815892887364763,0.54850577718819,0.116289646794701,-0.179354940635884,0.209516425808304,0.595805687400931,-0.495329023944803,0.618579785058969,-0.597859198354045,0.64789068718939,0.439084425492728,-2.11896960578019,-2.28808488720385,-1.81700660454991,-0.491155758252703,-0.353148128111646,0.538992472803681,2.19258446122347,2.15155944355969,2.28302402457116,-0.178632362073331,0.72091727955488,-0.0230021043845434,-0.172774195768982,-0.172774195768982,-7.34326385059685,1.06316675953723e-11,1.56092572449003,1.76235855738822,1.49446246807256,1.36261666929425,-0.959879061777852,-0.36864410145583,0,8.0000000001,0,0.0815892886364763,0.438888538680602,0.325465454527517,3437.76699643231,0.0312500660060792,1581,2,"SNETWORK (2 43 3437.76699643231 0.438888538680602 100001619 1581)",100
13,100001620,0.893725082838285,318,0,-0.0695595240108285,-0.110963835372034,-0.110383201657025,-0.109843962764069,-0.956378031309274,-1.15433908439949,-0.451294588730727,-0.346396819649354,-1.53802099332535,-1.62900913302139,-0.083551261191163,-1.53802099332535,-1.53802099332535,-2.92774157193708,0.607940435323823,0.847020996142967,1.76780619052273,0.414979661746451,1.07186858316222,-1.64670658682635,0.299300699300701,1.38452088452089,0.893725082838285,7,-0.259494669808554,1.02265446370207,1.03041798441217,0.410537764283873,0.887912338515523,-0.534393077377941,-0.343508210020915,-0.32069475701861,0.057486065936664,2060.0000000001,0.189332357628361,0.0358538234372284,709.0000000001,0.0406421565967522,0.229974514125114,0.00901782995520149,0.645659337065058,-0.943304551024095,-0.417487418608784,-0.747908411443437,-0.502742790458765,-0.768829910668131,-0.431816326054676,-0.757506225948612,-0.886764071261288,-0.541288135811769,-0.0346462083855041,-0.0491288719819347,0.0863338325878941,-0.0511635235166517,0.223123099423871,0.103212322371745,0.000480866141923511,0.0349290148369533,0.115671933158067,-0.03511522447144,0.213414072725719,0.447735852402398,-0.0351123306486762,-0.0351123306486762,0.926766154481347,-8.2342751291061,-0.0414775768103242,0.112974954389586,0.688640802014908,-0.197732534785748,-0.54670060999538,-0.699644920084807,3.67950032689592e-13,2060.0000000001,0.00742415738331984,0.00159367247188165,0.325254559995021,0.522612726315856,3179.07906479547,0.0156249651370217,318,2,"SNETWORK (2 13 3179.07906479547 0.325254559995021 100001620 318)",100
13,100001621,0.918433520157566,323,0,-0.0695595240108285,-0.110963835372034,-0.110383201657025,-0.109843962764069,-0.943888232213162,-1.13452760124399,-0.412216000581691,-0.359672470448788,-1.60830303872622,-1.57601520985016,0.00248518923275418,-1.60830303872622,-1.60830303872622,-2.92910456109319,0.627409590245778,0.865974663315485,1.7768084183611,0.437875425233912,1.07186858316222,-1.64670658682635,0.299300699300701,1.38452088452089,0.918433520157566,7,-0.216239199456866,-1.79757289104634,-1.74470226889291,-0.0410295871896794,0.918821972255146,1.00680695499987,-0.356662037267418,0.00825848600787564,0.0437405159315076,3233.0000000001,0.226091710509541,0.0423478088892296,1171.0000000001,0.0792835108560859,0.305375221265627,0.0197118396209052,-0.211965908317289,-0.0935474186976519,0.741879127342063,0.273886810709575,-0.73168425716505,1.30835950645559,-1.03851762884244,0.274920236354258,-1.09356769238424,-0.640831463065409,0.231507091327215,0.133961054266691,-0.990921414148835,0.115705246336118,0.223123099423871,0.103212322371745,0.000480866141918987,0.0349290148369488,0.115671933158063,-0.211738827344186,0.408934984298318,0.483465480339482,-0.20324101013236,-0.20324101013236,0.280473803197935,-2.69174871244119,-0.555595845943435,-0.40861093613278,-0.192425408177759,-0.547968630454626,-0.627547681719348,-0.572483346252061,0,3233.0000000001,0.0145941229140614,0.00511771660684381,0.359262097038507,1.64847579784691,3206.88991865609,0.0156249651370217,323,2,"SNETWORK (2 13 3206.88991865609 0.359262097038507 100001621 323)",100
37,100001622,0.538676055352533,127,1.29896932353205,1.22104076566898,1.45807027539656,1.42805593959054,1.43873085382348,0.190148374182323,0.114731969221033,-0.464986923183229,0.545788597998447,-0.502559492302235,0.657459970435449,-0.964955776832666,-0.502559492302235,-0.502559492302235,-0.548743307717923,-0.655619598238418,-0.711276152478742,-0.554069781813424,-0.752953815967542,1.28439425051335,-2.76197604790419,-0.927972027972028,1.1480343980344,0.538676055352533,12,1.21916844702813,1.67416589200366,1.69933569726825,-0.679121405718605,0.533997529490023,-0.634954571499578,0.54875797892794,-0.176535621453509,0.276246500501092,168.0000000001,0.296799475199569,0.20858759172902,613.0000000001,0.817722610112076,1.11452208521164,0.0390082112592998,1.11369676492493,1.68642631467052,-0.473644449085117,-0.557744829684094,-0.113112818421507,-1.01585445858525,-0.0857020153520155,-0.153017297383624,0.295698882092425,0.523587350357909,0.246787019402401,0.0586589371346251,-0.834231792812585,0.113282821604315,0.528207847926239,1.07109749798066,2.19258446122347,2.15155944355969,2.28302402457116,-0.0552885627105458,-0.789711226875807,0.377346185521519,-0.0550246227944773,-0.0550246227944773,0.00455638762735783,-0.0584190557534328,0.117013659646413,0.0951625029003591,0.427795472971102,0.0140671460231373,-0.874151299741285,-1.07613506380556,0,613.0000000001,0.0103879651657989,0.0286202459935009,0.749621616855568,0.837197463630662,4992.66372922717,0.0312499339939208,1175,2,"SNETWORK (2 37 4992.66372922717 0.749621616855568 100001622 1175)",100
3,100001623,0.00749189433790652,172,-0.226804037760009,-0.273941878615531,-0.467885001197052,-0.45962963966976,-0.447550990366083,-0.406784692505408,-0.48221538820449,0.524543033574448,0.588731495767167,-0.408573277500315,-1.25424277322517,-0.587499719411252,-0.408573277500315,-0.408573277500315,-4.61402456439983,0.176975943404168,0.254981585837547,1.0693605382474,-0.000482497456989175,0.0739219712525668,-0.0898203592814364,1.0005994005994,0.837837837837838,0.00749189433790652,7,-0.279433202566473,-0.988892699673068,-0.971114774036003,0.21839694219138,0.00921046212928661,1.31973844544151,0.589373040610538,-0.602745100499394,0.0641200671114968,2050.0000000001,0.210156517522784,0.0866506069284452,2676.0000000001,0.370725749682135,0.580882267104919,0.0324607978817456,-0.0523570868417393,-0.0703102319317624,1.29930565233586,0.877471711274361,-0.665282761457617,1.26453688141778,-0.816940156982036,1.06369755580425,-1.20622919535754,-2.17217154691641,0.152586110889385,0.504808394433179,0.145406177912154,1.40755819024334,0.0149361366023092,-0.185551825707279,-0.751834212897414,-0.690544926566656,-0.641104661755899,0.931670637466019,-1.60946201677077,0.975725211361008,1.1768402892374,1.1768402892374,0.0482467309665177,-2.85990357008444,-0.809188963016643,-0.847964783122945,-0.557215307328031,-0.737588496132412,-0.498678841992675,-0.525314664829144,0,2676.0000000001,0.0117439429675672,0.0207168548141785,0.802380105554197,1.34897419660438,2347.44906038528,0.0624998605480869,173,2,"SNETWORK (2 3 2347.44906038528 0.802380105554197 100001623 173)",100
41,100001624,0.0144375840912527,189,-0.886598059773572,-0.0928456434617663,0.315622755524543,0.310024668600395,0.31737100022456,0.943335163170186,0.896042505548551,-0.33077170209676,-0.40991009718998,0.880616385345524,0.626383545152429,0.675784186455422,0.880616385345524,0.880616385345524,0.468332970858261,-0.652093024769325,-0.780144320904958,-0.278442486448661,-0.79896542948525,-0.720739219712526,0,-0.434965034965035,-0.700859950859951,0.0144375840912527,10,-0.568211919558402,-0.453850132680138,-0.448956469896136,0.714146829310279,0.0130331315872439,0.0939755346383246,-0.406762089593201,-0.363888862370659,0.0989953393248464,899.0000000001,0.569154244936064,0.0586507585828024,260.0000000001,0.0975219823313162,0.666676227167381,0.0338859045352282,-0.380508413987826,-0.301371751293908,0.19731158744187,-0.0583807013197387,-0.398673920546716,0.230335471735634,-0.445306557122284,-0.309817089538354,-0.465539301902556,-0.194149548472723,1.12022402973109,0.705166898667012,0.0649140292708956,1.21901983237158,-0.150568690148555,0.331107364279353,0.102215627178161,0.139017963839617,0.167198521564835,0.0097064039564707,0.833804607121461,-0.600937470732121,0.00980678984057232,0.00980678984057232,0.0126585422380693,-0.168986698614909,-1.36505604953657,-1.28824630796782,-0.969399390779293,-1.24682229346092,1.08512581936845,0.255670399372879,0.0012770884322804,899.0000000001,0.0289290446642401,0.00495685977098807,0.577786565565459,1.58782619513088,2742.28968081885,0.0625,1395,2,"SNETWORK (2 41 2742.28968081885 0.577786565565459 100001624 1395)",100
29,100001625,-0.813645136620647,87,-0.790377993358492,-0.853832397374456,-0.959757100198023,-0.960709455694412,-0.961711264614227,0.52658779284841,0.487038448617873,1.74498288889748,-0.0170484997426057,0.969942286944577,-0.166724349651186,2.8172124748077,0.969942286944577,0.969942286944577,0.00950577531808493,-0.560384540208291,-0.658866193100294,0.19435702912633,-0.769900078338562,1.05602816075095,-3.18648417450813,-1.88851148851148,0.604422604422604,-0.813645136620647,8,-0.113567742620012,0.0526126384945659,0.0523896427774828,0.066967843495325,-0.81165980939081,0.567794634564475,-0.0145599884189621,-0.380226831787654,0.926188665863357,751.0000000001,1.11207522271036,4.31552991010089,22.0000000001,0.151792941751696,1.26386816436206,0.0587504814355067,1.53461835509226,1.64106021199451,-0.439276694426628,0.43078348735075,1.26583992149227,0.483852166852519,1.29050515819158,0.298969232482433,1.22669743152455,1.27053400064503,0.0535742639300292,0.0475925554327979,0.0611863160787794,0.312070765187984,-0.471792152073762,-0.752292666128177,-1.23897497319628,-1.20837784844266,-1.21915971662395,0.878238775221474,0.212574720163739,-1.15887349734686,1.09462699991501,1.09462699991501,0.200984794592644,-6.73196807419242,0.595198098702227,1.2919321429455,1.58257850494558,0.283624051631734,-1.51451915417852,-1.72652284306874,0,751.0000000001,0.05169443812029,0.00705604321521664,0.531064620447332,0.128412522694045,1181.11723339906,0.25,882,2,"SNETWORK (2 29 1181.11723339906 0.531064620447332 100001625 882)",100
3,100001626,-0.540958175948152,48,-0.494845044588713,-0.486027089260215,-0.640656641110964,-0.630828421199535,-0.621755757978306,-0.319091987558382,-0.394238603343636,0.67605160532587,1.05408077721747,0.0756909277042856,-1.12251409844753,0.363574244546888,0.0756909277042856,0.0756909277042856,-4.86800429499367,0.250689777463156,0.277870736186176,1.32776247101741,0.0451468481729976,0.0221765913757709,0.149700598802395,1.22237762237762,0.834152334152334,-0.540958175948152,7,0.842937397778399,0.845786108308313,0.850439842443697,-0.583127600973765,-0.539615767849525,0.435117328332875,1.05337456062176,-0.151339823723172,0.156967874206234,1973.0000000001,0.495145568098724,0.234253873729214,4965.0000000001,1.85952091884172,2.35466648684044,0.0952326737464824,0.922762944387963,2.40069997991768,0.844727594311978,0.287569245748127,-0.81021101634361,0.179726956091244,-0.718335976431735,0.762838270012791,-1.43038858489227,-3.44191761049598,0.257394839774415,0.0819373287428661,0.188198491965182,0.187156928669298,-0.327724466419656,-0.606650446634182,-1.18926697056759,-1.14241875549932,-1.14014680236341,0.38059757979113,0.871291037223765,-1.64317554432538,0.419916294962035,0.419916294962035,0.237836410887777,-2.34518077815324,-0.760641790245987,-0.785223928322767,-1.58162897812822,-0.436939947695079,0.339026423624654,0.402991483216821,0,4965.0000000001,0.0200257813793408,0.0752068922671416,0.299368007918776,1.35633977047941,1622.15555442183,0.0624998605480869,49,2,"SNETWORK (2 3 1622.15555442183 0.299368007918776 100001626 49)",100
3,100001627,-0.0194986635769975,167,-0.226804037760009,-0.273941878615531,-0.467885001197052,-0.45962963966976,-0.447550990366083,-0.4085036390175,-0.482721131890272,0.523531761111204,0.598442178500884,-0.374099290740031,-1.26642842910153,-0.554188863234916,-0.374099290740031,-0.374099290740031,-4.61770520380695,0.172354276517895,0.249063039876886,1.05835977924964,-0.00429591444730642,0.0739219712525668,-0.0898203592814364,1.0005994005994,0.837837837837838,-0.0194986635769975,7,-0.279433202566473,2.79326621933455,2.86846540398278,0.204139678350575,-0.016445291989546,0.383140883909081,0.600233279499603,0.332074914515076,0.213467098497858,9296.0000000001,3.17264950333128,0.0684876027288678,798.0000000001,0.0873795674382338,3.26002907066951,0.0939596959996176,4.36220182497708,3.12720799363482,0.46562867301863,0.228043034738665,-0.319016966536186,-0.325511873300499,-0.199796231443137,0.296259288527975,-0.223329317666702,-0.399073839649593,0.420486580569479,0.854039583736451,-0.563628536811998,2.48713245120685,-0.111589823971712,-0.361048140340428,-0.751834212897414,-0.690544926566652,-0.641104661755904,1.04096194532141,0.441066377650759,-0.146504307968873,1.35153174205044,1.35153174205044,-0.246860391992688,-4.46466524964294,-0.60976883031368,-0.475447777726838,-0.600478463321548,-0.508723708467905,0.14902050887715,-0.0677622722338442,0,9296.0000000001,0.0914412651135061,0.00251843078611147,0.781594650408836,0.91775095399711,2317.4784976368,0.0624998605480869,168,2,"SNETWORK (2 3 2317.4784976368 0.781594650408836 100001627 168)",100
16,100001628,0.948004381029643,348,0.288659805977357,0.708741764562854,0.0737102907633875,0.0682577010310203,0.067165878475577,-0.73868404303612,-0.871661937577727,-0.454120329338003,0.302306419437089,-0.619793944374504,-0.46306322758826,0.707281132116734,-0.619793944374504,-0.619793944374504,0.327128536747424,0.644026691711288,0.738627356512946,0.351062966722783,0.719828958114605,-0.443531827515401,0.0161216029479497,0.044324905863371,-0.265923265923267,0.948004381029643,9,1.0506263883382,-1.27623181410464,-1.24820220562985,-0.726690089343971,0.94050193364245,-0.804566374815235,0.303577756565981,0.283184984293177,4.96634928395417,1236.0000000001,9.81414128011487,0.129463013511106,2217.0000000001,0.458889350752887,10.2730306307678,0.60417442063559,0.782554260218643,-0.128195475288011,-0.904889873032758,-0.461981157474237,0.687660629145408,-0.677180211600343,0.885378775328282,-0.0776673878872661,0.694428397160621,1.00422329622997,0.14170846257251,0.607403221512366,-0.850058626142723,1.20495795222112,0.562105955755759,0.451834062908154,-4.52365144789511e-15,-4.51494518067087e-15,-4.84823954093274e-15,0.357561440630441,-1.23846598577474,0.6711296843256,0.39232245491599,0.39232245491599,-0.0536842982788191,1.06316675953723e-11,-0.248300768830356,-0.305060170613311,-0.200021154792323,-0.209571329159911,-1.37552881710665,-2.22334095786883,0,2217.0000000001,0.577186356595335,0.0269880639402552,0.951633047002387,0.699094102846458,3132.96295341003,0.0625,416,2,"SNETWORK (2 16 3132.96295341003 0.951633047002387 100001628 416)",100
41,100001629,-0.671843562625928,57,-0.886598059773572,-0.0928456434617663,-0.0369605603324269,-0.0422694509956289,-0.0386919408759992,0.982287484617856,1.16354909928965,0.868719738614341,-0.107666419981359,0.422659338435084,0.479201285152123,0.375608543274996,0.422659338435084,0.422659338435084,0.555491765404941,-0.37810064055257,-0.519156901715386,0.106963805893481,-0.524094843448921,-0.720739219712526,0,-0.434965034965035,-0.700859950859951,-0.671843562625928,10,-0.0391433851022715,0.584656632184683,0.586038134012978,0.0649643650880661,-0.671764033052881,-0.790199511166308,-0.105320340856484,0.634296167836939,0.0590445083921248,65.0000000001,0.024544173259371,0.0881071647534152,1121.0000000001,0.631644003571181,0.656188176730552,0.0277810784273047,0.735855968892556,0.987587722819029,-0.82855314926373,-0.556611766781823,0.418176043949096,-1.02312795604778,0.388608579201937,-0.629964935168632,0.367298921356264,0.339020184045456,0.288858614186949,0.340660575663499,-0.934883130757131,0.00230988467457636,-0.658232714974315,-1.30374704394875e-15,-0.645428219724208,-0.613207474379922,-0.613793294862732,-1.10261508570118,0.26971965690247,-0.356729050959548,-0.868695976681128,-0.868695976681128,0.347172755212387,-0.261340339516413,0.488028001615083,0.288532967092005,0.00340146676061053,0.547744081374649,0.380527191414023,0.276035649971916,0,1121.0000000001,0.00103912813626223,0.0267419501910424,0.142930392788254,0.00887733232229948,2003.08040161548,0.0625,1263,2,"SNETWORK (2 41 2003.08040161548 0.142930392788254 100001629 1263)",100
17,100001630,0.236319302765727,243,0.152577399052067,0.406018494492994,0,0,0,-0.495968439947549,-0.563415677226414,-0.172033661126458,0.699452630751402,-0.0378286673358881,-0.36551488344216,0.167918650282243,-0.0378286673358881,-0.0378286673358881,0.377512172206271,0.237655192294406,0.303932260133486,0.0100588069292411,0.269934662068948,-0.443531827515401,0.0161216029479497,0.044324905863371,-0.265923265923267,0.236319302765727,9,-0.585922485128276,-0.536607339751795,-0.530234376122285,0.735764414172862,0.235487701882145,0.269178688308423,0.699646235484119,-1.43516711894644,0.0842670369450644,581.0000000001,0.0782763254495571,0.158694226508226,3874.0000000001,0.982918066333511,1.06119439168307,0.0547335676110732,-0.198055279091129,0.202965338093655,1.21630357662975,-0.216313413813103,-2.21756187739146,0.405867744994244,-2.50985353179472,0.722378241067814,-2.08435139394651,-4.06861435169402,-0.304350234787025,-0.299600596159513,0.15692195670502,0.0352728674362531,0.121428129376516,-0.277526342387341,0.0769222737530111,0.104617837470374,0.125825089587258,0.934039384327566,-0.356539907150154,0.0705551727360708,1.18053270108245,1.18053270108245,1.25082933999409,1.06316675953723e-11,-0.124915878465271,-0.0802378833900131,-0.0845896436069835,-0.102320934775244,1.79763106407229,0.771159504742977,0,3874.0000000001,0.0040372834346094,0.0506962840764639,0.849081947487662,0.319605328804738,2540.81546651894,0.125,662,2,"SNETWORK (2 17 2540.81546651894 0.849081947487662 100001630 662)",100
29,100001631,-0.876754734832949,72,-0.790377993358492,-0.853832397374456,-0.959757100198023,-0.960709455694412,-0.961711264614227,0.49990782816557,0.449922686987771,1.69145593160737,-0.00955420512777871,0.98954054090549,-0.152709091779676,2.76671844736992,0.98954054090549,0.98954054090549,-0.0553309680350606,-0.529263169372348,-0.610422677608945,0.258811560625846,-0.742464920824309,1.05602816075095,-3.18648417450813,-1.88851148851148,0.604422604422604,-0.876754734832949,8,0.802075373518516,1.73984014988921,1.76726477057163,-0.516956329231386,-0.877126884124725,-0.915508767683197,-0.00753898421631207,0.680667367020699,1.47968388467333,1229.0000000001,2.90747234404889,0.701045346050436,154.0000000001,0.172608268976807,3.08008061292569,0.106577413448958,1.15692710829092,1.59706689749372,-0.89395288372967,-0.940489101433705,-0.0531119268035594,-1.40188718311296,-0.039123351496458,-0.823623873300721,0.142958953741602,0.149124392853544,-1.73092656690495,-1.62233658723994,0.0625463963371133,-0.470408998702976,-0.471792152073761,-0.752292666128179,-1.4058558810172,-1.37829262321507,-1.40813399619979,0.158691859659684,0.958837997900896,-0.766029148415829,0.166060065943599,0.166060065943599,-21.4314392857098,1.06316675953723e-11,0.41437564182587,0.946019757719198,1.90891764937821,0.0067428605052987,-2.13928524252333,-1.87186817437668,0,1229.0000000001,0.100604796027538,0.00597261732141962,0.436261266013408,0.435060221799575,1093.16675250423,0.25,867,2,"SNETWORK (2 29 1093.16675250423 0.436261266013408 100001631 867)",100
17,100001632,-0.676805115683079,96,-0.254295665086778,0.276450920905401,-0.358045591966192,-0.357303355798844,-0.355675841278248,-0.0946458828376288,-0.0864411225969772,0.233756235203377,1.19274866143613,0.685355428996463,-0.00321585555758688,-0.0595784836813124,0.685355428996463,0.685355428996463,0.493257258331903,-0.0164852545965802,-0.00569628931500882,-0.423494765837028,0.0289065917681354,-0.596303901437372,0.141716566866268,0,-0.395577395577396,-0.676805115683079,9,1.25923132151311,0.0160464026716195,0.015970942448786,-0.724396597633675,-0.673996486015297,0.532576724680935,1.19170613719609,-0.201868380538359,0.263264081965081,3056.0000000001,1.28629782470809,0.162490724135576,885.0000000001,0.229915589266695,1.51621341387479,0.0709358228267784,-1.31127605375602,-0.695761547546052,0.0997663413901696,-0.0912352414750578,-0.304936938431408,0.467649340369444,-0.313251323602713,0.955828892901639,-0.164653285839121,-0.418606246983873,0.390925663534868,0.383852593161367,0.199010169965848,0.259750892583329,-0.00423088452946933,-0.232797038908769,-1.4058558810172,-1.37829262321506,-1.40813399619979,-1.39297321816891,0.0728840359217866,-0.367540972012695,-1.03222716499224,-1.03222716499224,0.178306524213844,1.06316675953723e-11,0.758653950369841,0.680187392190244,-0.336966966370919,0.9263712528179,0.585609396607653,0.360677441842821,6.37870293395141e-14,3056.0000000001,0.0601792555264871,0.0107565672002912,0.330423631431228,1.0872916224087,1677.1839585658,0.125,515,2,"SNETWORK (2 17 1677.1839585658 0.330423631431228 100001632 515)",100
16,100001633,0.837757407678953,326,0.288659805977357,0.708741764562854,0.0737102907633875,0.0682577010310203,0.067165878475577,-0.73579340119708,-0.835655062129918,-0.413605423814847,0.369957660334741,-0.405051392770687,-0.495492576516196,0.54381323634327,-0.405051392770687,-0.405051392770687,0.355771222532497,0.58374196135439,0.673777930533625,0.255632157183878,0.661298270381638,-0.443531827515401,0.0161216029479497,0.044324905863371,-0.265923265923267,0.837757407678953,9,-0.736132740266164,-0.189809978218706,-0.188417014701466,1.16248498095491,0.83424331479792,0.298398140247013,0.371664608318141,-0.235984632034101,1.94646079877494,408.0000000001,1.26970374119055,0.457760372777365,4070.0000000001,2.97871654625996,4.24842028735051,0.206103983873665,-0.216567986450838,-0.303991704158748,0.465516195061225,-0.0018270147216839,-0.730163618409835,0.338994661906194,-0.77754521699426,0.513285628406648,-0.699206167020331,-1.06112573734584,0.190677059477539,0.472266269618269,0.12016133799237,1.28701090794505,0.562105955755758,0.451834062908154,-4.52365144789511e-15,-4.51494518067087e-15,-1.45447186227982e-14,0.737782403240655,-1.25744479868831,1.23588463480944,0.888051097276636,0.888051097276636,-0.474668726982773,-0.0906412739958325,-0.36420452079641,-0.202913358733876,0.300540371568833,-0.457439090745116,-1.01447540889153,-0.920312334198915,1.0497334754121e-13,4070.0000000001,0.0615972482845972,0.144506735489068,0.605392274862949,1.58246392688661,3008.9486271094,0.0625,394,2,"SNETWORK (2 16 3008.9486271094 0.605392274862949 100001633 394)",100
29,100001634,-0.876754734832949,72,-0.790377993358492,-0.853832397374456,-0.959757100198023,-0.960709455694412,-0.961711264614227,0.49990782816557,0.449922686987771,1.69145593160737,-0.00955420512777871,0.98954054090549,-0.152709091779676,2.76671844736992,0.98954054090549,0.98954054090549,-0.0553309680350606,-0.529263169372348,-0.610422677608945,0.258811560625846,-0.742464920824309,1.05602816075095,-3.18648417450813,-1.88851148851148,0.604422604422604,-0.876754734832949,8,0.802075373518516,1.73984014988921,1.76726477057163,-0.516956329231386,-0.877126884124725,-0.915508767683197,-0.00753898421631207,0.680667367020699,1.47968388467333,1229.0000000001,2.90747234404889,0.701045346050436,154.0000000001,0.172608268976807,3.08008061292569,0.106577413448958,1.15692710829092,1.59706689749372,-0.89395288372967,-0.940489101433705,-0.0531119268035594,-1.40188718311296,-0.039123351496458,-0.823623873300721,0.142958953741602,0.149124392853544,-1.73092656690495,-1.62233658723994,0.0625463963371133,-0.470408998702976,-0.471792152073761,-0.752292666128179,-1.4058558810172,-1.37829262321507,-1.40813399619979,0.158691859659684,0.958837997900896,-0.766029148415829,0.166060065943599,0.166060065943599,-21.4314392857098,1.06316675953723e-11,0.41437564182587,0.946019757719198,1.90891764937821,0.0067428605052987,-2.13928524252333,-1.87186817437668,0,1229.0000000001,0.100604796027538,0.00597261732141962,0.436261266013408,0.435060221799575,1093.16675250423,0.25,867,2,"SNETWORK (2 29 1093.16675250423 0.436261266013408 100001634 867)",100
17,100001635,0.500769111658564,270,0.152577399052067,0.406018494492994,0.0737102907633875,0.0682577010310203,0.067165878475577,-0.530442206896559,-0.618976486003801,-0.168990966283329,0.643734508150064,-0.236438048621147,-0.381967911762156,0.137317022852131,-0.236438048621147,-0.236438048621147,0.364863756038982,0.249595565703759,0.317798589651344,0.0121044170174652,0.284616402034627,-0.443531827515401,0.0161216029479497,0.044324905863371,-0.265923265923267,0.500769111658564,9,-0.619632854479818,-0.460180316002513,-0.455180007169014,0.822853377835517,0.503704777354237,0.750210327906947,0.644316620749661,-0.475006125711139,4.14557977380274,324.0000000001,2.14746879371097,0.539787003588252,132.0000000001,0.113918151686962,2.26138694529794,0.115070741467833,-0.335758870121883,-0.0705900707866639,1.04474209593434,0.795403962947129,-0.398097074392621,0.752909068201015,-0.445167262239469,0.85994871600526,-0.0710844842973943,-0.127712634063923,-0.590928657663137,-0.623485442789062,0.151161099171828,-0.23785622444989,0.121428129376515,-0.277526342387344,0,-4.51494518067087e-15,-9.69647908186547e-15,0.421152205026948,0.423944229706571,-0.345363014983205,0.469222160206307,0.469222160206307,2.64308316516557,1.06316675953723e-11,-0.158840186271121,0.0348354849332164,0.0251733424286121,-0.165992628045507,0.60564231328732,0.966653244816751,7.39642657168834e-13,324.0000000001,0.109274012866238,0.00579672850159551,0.940385755348142,0.894215327062481,2692.84782158452,0.125,689,2,"SNETWORK (2 17 2692.84782158452 0.940385755348142 100001635 689)",100
17,100001636,0.10523545861712,224,0.152577399052067,0.406018494492994,0,0,0,-0.475923726019285,-0.525626508215538,-0.148444684705739,0.726655544409781,0.0550867667868224,-0.350885491606291,0.206783932761163,0.0550867667868224,0.0550867667868224,0.385165719668678,0.234431591916974,0.297928251971787,0.00177500404001257,0.267388072184576,-0.443531827515401,0.0161216029479497,0.044324905863371,-0.265923265923267,0.10523545861712,9,-0.578601991301829,-0.468801441282082,-0.463654161122797,0.901520627247528,0.104447384441785,0.162068244484429,0.726763657858745,-0.21373957685815,0.157397847672194,1034.0000000001,0.260205158781725,0.0885116808867481,5357.0000000001,0.758086580379187,1.01829173906091,0.0518948270777452,0.548212576319717,1.27819854474012,0.356263944791916,0.217365775219066,-0.207513747058034,0.295440265253118,-0.232796882430525,0.681267509503541,-0.235794410218991,-0.46670973366373,-0.120310863198373,-0.251513474308621,0.159419727278695,0.0730694456558131,0.121428129376515,-0.277526342387342,0.102215627178161,0.139017963839613,0.167198521564845,1.04522803233796,-0.966657884854649,1.71778109532235,1.35853321058853,1.35853321058853,-1.77033997764131,1.06316675953723e-11,-0.511796175182951,-0.345226644200502,-0.267800125717486,-0.481788496126446,-0.420795481900147,-0.0130074037356886,0,5357.0000000001,0.0132607396994931,0.0386340872782521,0.781805480444414,1.35823994625866,2428.79166417428,0.125,643,2,"SNETWORK (2 17 2428.79166417428 0.781805480444414 100001636 643)",100
28,100001637,0.218457227233316,220,-0.268041164135857,-0.507523118116241,-0.715996162004961,-0.715344983900652,-0.711097017555422,0.758386270877163,0.799517467831712,2.03075080920739,-0.571655026597413,-0.774962784558877,-0.307823600635236,2.38867104841087,-0.774962784558877,-0.774962784558877,-0.197529303519752,-0.965254269404165,-1.01396502399583,0.668904485922456,-1.36719763511615,0.468172484599588,-2.26546906187625,-1.53286713286713,0.194922194922195,0.218457227233316,8,-0.454097456361337,-0.429793714407907,-0.425295543278144,0.499500717173206,0.223902484708922,1.57751869590175,-0.568183360400993,0.7158854577936,0.0855342128965977,7831.0000000001,1.07090723436287,0.0299555241236632,1731.0000000001,0.0829027153255704,1.15380994958844,0.0583971985387269,0.566088312869285,1.4397016423927,0.733653086359285,1.75089115379896,1.49714685723243,1.24546806168133,1.66142683450231,-0.196504339155795,1.88529435168721,0.610036127101274,-0.616205650405883,-0.61350507305918,-1.29366908287188,-0.232786294871831,0.121428129376516,-0.277526342387342,-0.897784372821839,-0.860982036160378,-0.83280147843515,0.602969076484105,0.469557960708541,1.38485195421945,0.702125778833482,0.702125778833482,1.55033640509375,1.06316675953723e-11,-0.00523894098690775,-0.137993527676169,0.604548231289135,-0.137727796747385,0.271567015050293,0.973136037153978,0,7831.0000000001,0.0542012853125804,0.00419591312614644,0.390645856290321,0.282005712389946,1926.28239351725,0.125,761,2,"SNETWORK (2 28 1926.28239351725 0.390645856290321 100001637 761)",100
29,100001638,-0.947110429331353,57,-0.790377993358492,-0.853832397374456,-0.959757100198023,-0.960709455694412,-0.961711264614227,0.450046747023747,0.375230221338111,1.59805407613559,0.111615400722518,0.900703011779035,-0.204879941882377,2.95172662235892,0.900703011779035,0.900703011779035,-0.0690590454713627,-0.37407204935576,-0.47483100407834,0.468245039028791,-0.585152847556283,0.388090349075976,-1.93862275449102,-1.29510489510489,0.10534398034398,-0.947110429331353,8,1.08726210384221,0.116991226852613,0.116590552326441,-0.678004065788935,-0.946845856978075,-0.333070558141691,0.114791759970927,-0.083333965224872,0.98872971944952,3336.0000000001,5.27349326901983,0.899563820678835,1100.0000000001,1.58204718059413,6.85554044951396,0.315087602057127,-0.247046440642209,-0.248968872840472,-0.166847850866165,-0.383556786455996,-0.331535634858239,-0.340113303650519,-0.334456692528249,-0.0155510950362498,-0.312031496639594,-0.365500769636076,0.643081163092012,0.283696328486811,0.187261201483877,0.118237397623717,-0.471792152073762,-0.752292666128177,-1.4058558810172,-1.37829262321507,-1.4081339961998,-0.563442929858979,-0.675220592993859,0.494040872462635,-0.499407834723518,-0.499407834723518,0.052045067956715,-0.122378975633665,0.193088824070579,-0.0200742527403402,0.667453447715964,0.0642929103550279,-0.232491989953012,-0.808578833033745,0,3336.0000000001,0.242375106718689,0.0727124952384376,0.343614946226986,0.228429674939293,1007.21738471016,0.25,852,2,"SNETWORK (2 29 1007.21738471016 0.343614946226986 100001638 852)",100
29,100001639,-0.633045089867002,123,-0.790377993358492,-0.853832397374456,-0.715996162004961,-0.715344983900652,-0.711097017555422,0.634249578752949,0.594123104880608,1.85541919724149,-0.0891476354873068,0.985086693788366,-0.120382550572685,3.02021590528378,0.985086693788366,0.985086693788366,0.0611004247986008,-0.708656217147594,-0.83012790735968,0.426360340483325,-0.999298723849448,1.05602816075095,-3.18648417450813,-1.88851148851148,0.604422604422604,-0.633045089867002,8,-0.328318112833222,-0.0966743220457921,-0.0960806811893086,0.343325270963576,-0.63040175941383,1.50449724870495,-0.0868117915473503,-1.86474062488891,0.0775325893939987,2105.0000000001,0.260934289658003,0.0594926081783876,833.0000000001,0.0792323935492116,0.340166683107214,0.0162337946227142,-0.467436896045604,-0.485358478094965,1.50365147350572,-0.222508208873419,-2.72659596252456,1.11061188929857,-2.85477911357121,0.520607933303808,-2.58122596353737,-2.42829298777167,-0.280629327920054,-0.124945172780039,0.0470834818445169,-0.0232817243387568,-0.471792152073761,-0.752292666128179,-0.897784372821835,-0.860982036160378,-0.83280147843515,0.0656166519832787,0.413409006628278,-1.59558291561025,0.0671733471145301,0.0671733471145301,0.0457593256935251,1.06316675953723e-11,0.236076712973481,0.0879534016359992,-2.25476950438496,0.817324870478713,0.240899674684313,0.601469984463764,0,2105.0000000001,0.0124525823727575,0.00378121214995669,0.751703602488503,0.537600306910676,1385.8072962195,0.25,918,2,"SNETWORK (2 29 1385.8072962195 0.751703602488503 100001639 918)",100
41,100001640,0.340313261032954,231,0.680412427894334,0.334368660703197,0.315622755524543,0.310024668600395,0.31737100022456,1.03030203178934,0.923601989983283,-0.470582437100472,-0.531667816940855,0.653232663055265,0.961695700251977,0.244281362545966,0.653232663055265,0.653232663055265,0.381000139129617,-0.748794268865902,-0.868899334373115,-0.448762608850792,-0.889697581599978,-0.720739219712526,0,-0.434965034965035,-0.700859950859951,0.340313261032954,10,-0.193717091589249,-0.184320325225943,-0.182980709445321,0.137276013823465,0.33956002540531,-0.245642191679,-0.527640680205021,0.556136198720524,0.132656166494433,1575.0000000001,1.33617560993806,0.0719674629679499,330.0000000001,0.151881777766556,1.48805738760462,0.0721204030997969,-0.617384409407428,-0.503014301695417,-0.201278386588633,0.230969245522348,0.686511584112189,-0.173512544733241,0.729364942582837,-0.769660337615635,0.616433368648759,0.234883720895232,0.166964409217356,0.51683628362057,-0.940074925298121,0.71449712882179,0.562105955755759,0.451834062908154,0.102215627178161,0.139017963839617,0.167198521564845,0.0867046437995808,0.696373694071663,-1.72462065192543,0.0892027916319835,0.0892027916319835,-0.318312979292004,1.06316675953723e-11,-0.859389176942103,-0.846627287354096,-0.96174329624018,-0.694844189270799,0.484503837989735,-0.443050422420102,0,1575.0000000001,0.0647592789560486,0.00736112404374834,0.718485462792462,1.29861373801424,2981.46285327182,0.0625,1437,2,"SNETWORK (2 41 2981.46285327182 0.718485462792462 100001640 1437)",100
36,100001641,0.86465106026071,197,1.53264647786662,1.1941726428676,1.45807027539656,1.42805593959054,1.43873085382348,0.438901490216189,0.382302484076934,-0.227884518382193,-0.0703400855562099,-0.349826309279189,0.924601340300992,-1.47387000259487,-0.349826309279189,-0.349826309279189,-0.615583719614404,-0.568241577675549,-0.68970663734106,-0.932009032489358,-0.573606868075501,0,0.0419161676646709,0.81118881118881,0.42997542997543,0.86465106026071,12,0.424869806488757,-0.183492214219967,-0.182160577905231,-0.427812324018261,0.86008300224343,-0.413932332040606,-0.0681614951602421,0.792210804836161,0.679170576862408,40.0000000001,0.173738439529895,0.532986596785781,921.0000000001,3.1393011550365,3.31303959446639,0.160546805433117,-0.256138879449034,-0.275887655441357,-0.74277774588033,-0.537770051506833,0.332133474768431,-0.364517693557287,0.352553587690758,-0.187352740896992,0.314620284281774,0.309743829994452,-2.35338664978316,-2.08221599780891,0.15507128557982,-0.485855121557329,0.596004386864676,1.11697181886013,2.19258446122347,2.15155944355969,2.28302402457116,-1.58406081776771,0.130245631740395,-1.05463419982613,-1.12835900341752,-1.12835900341752,2.50618836821637,1.06316675953723e-11,0.769006520788201,0.990400853483631,0.278049168356588,0.789134165532464,-0.258470099660499,0.350816085986248,0,921.0000000001,0.0084192025538908,0.152127602779226,0.836563412496441,0.0652321712113917,5407.01240821246,0.0156249669969604,1045,2,"SNETWORK (2 36 5407.01240821246 0.836563412496441 100001641 1045)",100
37,100001642,-0.0667327455864118,3,1.29896932353205,1.22104076566898,1.50580654500643,1.48232234240258,1.49987706507974,0.0745767503179414,0.00592348056741016,-0.47242095260326,0.729299789170994,-0.272840041075209,0.613120294321476,-1.1106879759219,-0.272840041075209,-0.272840041075209,-0.494812361488421,-0.493804281853542,-0.524535323262351,-0.372004264224029,-0.582282200512123,0.170020533880904,-0.850299401197607,-0.17062937062937,0.240786240786241,-0.0667327455864118,12,3.52783509282851,-2.40688007406032,-2.31426397313012,-0.881332026349864,-0.0677756442656735,-0.242905536758054,0.729462884130811,0.0367009879237799,0.280794713597162,1e-10,1e-10,0.347785115342004,1.0000000001,0.00222417047952124,0.00222417047952124,0.000160179063326499,-0.285503483456701,-2.52168884749431,-0.251481775142044,-0.799559916330958,-0.888103022041224,0.394853557360143,-1.40640079396307,0.731141922698867,1.11124773924867,2.21332832086738,-1.46624849321284,-1.13395420720861,0.159579339387684,-0.436995855712393,0.528207847926239,1.07109749798066,2.70840082864406,2.67872578178212,2.82264244254143,-0.234334054631178,0.2706757502015,0.725253240064847,-0.22376574920953,-0.22376574920953,-5.67699337796616,1.06316675953723e-11,0.965138662749237,1.22747547565623,1.04691736535671,0.818203411779861,-1.69246175554507,0.937358600111986,0,1.0000000001,0,0.000160178963326499,0.0122775879541062,0.531342144868835,4244.17335731241,0.0312499339939208,1051,2,"SNETWORK (2 37 4244.17335731241 0.0122775879541062 100001642 1051)",100
37,100001643,0.466832863990314,110,1.29896932353205,1.22104076566898,1.45807027539656,1.42805593959054,1.43873085382348,0.164231434105147,0.086441549438933,-0.48780707019715,0.573387619219683,-0.453420065180761,0.64657178199056,-1.0012378558715,-0.453420065180761,-0.453420065180761,-0.561305387842514,-0.620773984821354,-0.671039661941825,-0.516676023041249,-0.715870360485683,1.28439425051335,-2.76197604790419,-0.927972027972028,1.1480343980344,0.466832863990314,12,0.0737152832341595,1.6983178240182,1.72430649818361,0.0534890322025382,0.461173178669976,-0.87562986667485,0.573921101163683,0.316853401981303,0.0776372548447681,50.0000000001,0.0248254562197222,0.245229047126427,1032.0000000001,1.61848496615653,1.64331042227625,0.0572744753557827,1.92272937281233,0.296470062590882,-0.833491161140656,-0.0958440263539594,1.09958203256412,-1.33751320487448,0.841837209643325,-0.378665977720192,0.539608467449606,0.974106235008511,0.497766355085741,0.325782598059041,0.247755851617491,0.629214273455458,0.528207847926239,1.07109749798066,2.19258446122347,2.15155944355969,2.28302402457116,0.75694578280234,1.29428738088304,-1.14034349839769,0.915443400957075,0.915443400957075,-1.20969686533751,-1.06638580914416,-0.652670993647194,-0.514881258036052,-0.746313556820894,-0.520481356616351,-0.0455880614514259,-1.45126356809476,0.000843911377870166,1032.0000000001,0.000865244297763023,0.0564092309580197,0.646805150415126,1.43916647015336,4888.29299834918,0.0312499339939208,1158,2,"SNETWORK (2 37 4888.29299834918 0.646805150415126 100001643 1158)",100
43,100001644,-0.0153317342516556,100,0.12371145778112,0.869954874556633,0.965149594579297,0.947078472655203,0.966783102940535,-0.0809656977424279,-0.0702097601362133,-0.482714503775876,-0.302590649291353,-0.504162904413561,0.702473700384476,-0.839446032790598,-0.504162904413561,-0.504162904413561,0.253903426871316,0.530253540605874,0.334052557881713,-0.225779503078738,0.681993300191069,-1.14579055441478,2.23053892215569,2.01958041958041,-0.227886977886978,-0.0153317342516556,11,0.0181051187793699,-0.173371615032132,-0.172136058721871,-0.107134292620628,-0.0176246613735228,-0.630938665454309,-0.299806379523277,0.606060230810431,0.0500956439481808,1.0000000001,0.0493706026175897,0.0576058068381382,1.0000000001,0.0567720698590554,0.106142672376645,0.00513440348384032,-0.300911278973727,-0.126305768425824,-0.484744875746719,-0.614679909006458,-0.192017941269041,-0.64505991368604,-0.204247364724148,-0.617636090109881,-0.146955176879791,-0.0634561059973436,1.407664185892,0.885377198906243,0.160484261186788,0.992223482045641,-0.353148128111646,0.538992472803682,2.19258446122347,2.1515594435597,2.28302402457117,-0.595137840564862,0.555789969230471,-0.430556910710798,-0.523784136609245,-0.523784136609245,-0.0466816952314328,-0.383460793556123,-0.164789099306674,-0.2438622579781,-0.240485859689647,-0.108330231811046,-0.201377133469376,-0.901477255991113,0.000234939118810546,1.0000000001,0.00238818736321117,0.00274621602062916,0.391622771206993,0.903474029769385,3368.82189327652,0.0312500660060792,1569,2,"SNETWORK (2 43 3368.82189327652 0.391622771206993 100001644 1569)",100
17,100001645,0.208137007715231,239,0.152577399052067,0.406018494492994,0,0,0,-0.492476807692353,-0.555615567740743,-0.166267699456069,0.701076369386933,-0.0311389149464098,-0.363122498043665,0.16976056699754,-0.0311389149464098,-0.0311389149464098,0.377478770047961,0.238418606476991,0.30459393140701,0.00913980687780916,0.271066289112747,-0.443531827515401,0.0161216029479497,0.044324905863371,-0.265923265923267,0.208137007715231,9,-0.385303235798185,0.77249815400547,0.776073116292147,0.432125307195594,0.207999945521459,-0.145080869963175,0.701335136838708,0.13958442266434,0.219964033820509,2114.0000000001,0.743452511354395,0.228078202793175,2759.0000000001,1.00607893759718,1.74953144885157,0.0716720312318041,-0.337061806287764,-0.46982244821617,0.270589025542912,0.213876738074465,-0.0894246120515564,-0.295405858365022,-0.0799495560098836,0.362795630694976,-0.0254143788881552,-0.0491564123636799,-0.651912439540738,-0.626743884432736,-1.30321710239684,-0.234401244693033,0.121428129376515,-0.277526342387342,0.102215627178161,0.139017963839617,0.167198521564845,0.531220796850833,-1.37758286503672,1.00603827606569,0.607847883238913,0.607847883238913,0.767865213156194,1.06316675953723e-11,-0.0716901744221503,-0.0573550919768936,-0.216616856368293,-0.012130811132608,1.87173489639961,0.79362521492805,0,2759.0000000001,0.0304565840011997,0.0412154471306044,0.836236532237252,0.144467065037842,2519.42623009958,0.125,658,2,"SNETWORK (2 17 2519.42623009958 0.836236532237252 100001645 658)",100
17,100001646,-0.661324488712768,99,-0.254295665086778,0.276450920905401,-0.358045591966192,-0.357303355798844,-0.355675841278248,-0.0977128779826929,-0.0869372772715936,0.227780355414075,1.18117838976228,0.701894588754308,-7.77587354619549e-05,-0.0704187027774998,0.701894588754308,0.701894588754308,0.491848583687087,-0.0304030980660513,-0.0156989202651163,-0.427140522592877,0.0120304623546559,-0.596303901437372,0.141716566866268,0,-0.395577395577396,-0.661324488712768,9,1.14125204313851,0.38973185687527,0.389722721981282,-0.699871829245551,-0.65674955234639,0.848721399707617,1.180408593492,0.0904232973227892,0.366808047517378,3457.0000000001,2.02737837249256,0.0997729412613036,1515.0000000001,0.24166957725099,2.26904794964355,0.0994068492844013,-0.586965180586342,-0.63826007944386,-0.0199913501007553,0.470891783664298,0.778027864590399,0.587405443470007,0.747764326489747,1.00885446328568,0.42862596360566,1.13715150504424,-1.94674791753267,-2.06674942186074,-1.75605272048593,-0.476171049632979,-0.658232714974315,-2.60749408789749e-15,-1.4058558810172,-1.37829262321507,-1.40813399619979,0.708485037685963,-0.754333830558624,1.68354832719259,0.846644401284972,0.846644401284972,9.00703777716726,1.06316675953723e-11,0.947088144823327,1.22854485371299,0.740457955791045,0.87246822377415,0.697524337595746,0.130169015926928,0,3457.0000000001,0.0888193200785756,0.0105875291058257,0.341616548854107,0.080662194285754,1695.82157769396,0.125,518,2,"SNETWORK (2 17 1695.82157769396 0.341616548854107 100001646 518)",100
3,100001647,0.2079385502444,211,-0.226804037760009,-0.273941878615531,-0.467885001197052,-0.45962963966976,-0.447550990366083,-0.420172526288795,-0.492713100867809,0.500669683017958,0.492261161880241,-0.860814296556253,-1.24328230840345,-0.637645472437388,-0.860814296556253,-0.860814296556253,-4.87780883657143,0.233380016493672,0.327740214208502,1.28447668633597,0.0312466444453441,0.0739219712525668,-0.0898203592814364,1.0005994005994,0.837837837837838,0.2079385502444,7,-0.155592663123968,1.1422808845164,1.15254751521646,0.153883704483244,0.20669288168481,0.844490101334677,0.495364568960707,-0.849104609689688,0.135149034241576,7429.0000000001,1.60523396020837,0.10136279142873,1893.0000000001,0.306777998820881,1.91201195892926,0.0734235662081621,-0.0626282113729554,-0.397028093208145,0.994577615572321,0.551179236141812,-0.699272453584296,0.385307260849675,-0.588323604253912,0.607585014945504,-0.524055712200958,-0.8740429877138,0.872027543300981,0.673431902681073,0.238942165535755,1.52695193695506,0.223123099423871,0.103212322371745,-0.751834212897414,-0.690544926566652,-0.641104661755904,0.558161241168138,-1.58699453904371,0.217318174553001,0.642877862397851,0.642877862397851,-0.0584948191159086,-2.07136294207397,-0.709912254131994,-0.67397762272845,-0.348921849066929,-0.679176059383376,-0.7263675085176,-0.628985411871944,0,7429.0000000001,0.0616429208221335,0.0117806452860286,0.956933127369732,0.0984188956759662,2570.2991738851,0.0624998605480869,212,2,"SNETWORK (2 3 2570.2991738851 0.956933127369732 100001647 212)",100
16,100001648,0.834285774118945,325,0.288659805977357,0.708741764562854,0.0737102907633875,0.0682577010310203,0.067165878475577,-0.739765008016663,-0.839773841227398,-0.414041075331717,0.372515729023119,-0.393295948100651,-0.499398019324688,0.549354142545649,-0.393295948100651,-0.393295948100651,0.356885065778155,0.582426629354397,0.672932776151154,0.258133480640921,0.65918130802229,-0.443531827515401,0.0161216029479497,0.044324905863371,-0.265923265923267,0.834285774118945,9,-0.703643773028154,-0.23642458554492,-0.234546989994956,1.06579611198335,0.829243037668716,-0.00207254773349429,0.373706369420028,-0.912382792075044,0.0456807469876694,33.0000000001,0.00241014809121058,0.0869468500334967,5351.0000000001,0.743850017965443,0.746260165956653,0.0365022896167186,-0.308560452014148,-0.390578021414606,0.296615162378717,-0.212883426543851,-0.796376187701831,0.0855490310841402,-0.855054151989853,0.388037399464343,-0.769192527466656,-1.17015299161627,0.637046143285047,0.850725768810226,0.120492471770217,2.63948355367739,0.562105955755759,0.451834062908154,-4.52365144789511e-15,-9.02989036134174e-15,-4.84823954093274e-15,0.856916774740385,-0.668100095265881,0.349961716251089,1.06238838816158,1.06238838816158,-0.117041416218362,-0.0383880134013997,-0.615081701984236,-0.435013697768905,-0.0124684669005707,-0.656593978609191,-0.702153773037957,-0.368218018945841,0,5351.0000000001,0.000117889073782085,0.0363844004429365,0.589442001639128,0.422943746184806,3003.2356592924,0.0625,393,2,"SNETWORK (2 16 3003.2356592924 0.589442001639128 100001648 393)",100
29,100001649,-1.03711368012541,36,-0.790377993358492,-0.853832397374456,-0.959757100198023,-0.960709455694412,-0.961711264614227,0.423853347899165,0.353012118675548,1.58806349573805,0.124791268700775,0.870831574638843,-0.217765929256901,2.93502029230027,0.870831574638843,0.870831574638843,-0.0902873508891447,-0.333578748222581,-0.434720462304412,0.505353833134602,-0.540894742815292,0.388090349075976,-1.93862275449102,-1.29510489510489,0.10534398034398,-1.03711368012541,8,0.70223977830776,0.0357181339841122,0.0355590927402221,-0.563926242311497,-1.03638095707739,-0.749064231538017,0.126461766741612,0.713764542256406,1.20678425569797,1711.0000000001,3.30121956749427,0.433773270964335,315.0000000001,0.218458077226216,3.51967764462049,0.164098303404019,-0.241692315678259,0.42226707253111,-0.877103111843289,-0.752664068414259,0.205694173772213,-0.857315001736363,0.210088672794213,-0.315212488465885,0.187435360503427,0.229561673240198,-0.235216718385403,-0.428730849686418,-0.0185881899859833,-0.212042348823534,-0.471792152073761,-0.752292666128179,-1.4058558810172,-1.37829262321507,-1.40813399619979,-0.875256839126798,-0.0624874431475444,-0.200706309731904,-0.72422808765659,-0.72422808765659,0.174210410876309,1.06316675953723e-11,0.197559774497691,0.418903499785061,0.241879899323671,0.178963966549883,-0.261067910631304,-0.0714063543151603,0,1711.0000000001,0.15391310925499,0.010185194049029,0.221888637115871,0.194173901726276,894.290078626931,0.25,831,2,"SNETWORK (2 29 894.290078626931 0.221888637115871 100001649 831)",100
12,100001650,0.549294457232169,270,0,-0.0695595240108285,-0.467885001197052,-0.45962963966976,-0.447550990366083,-0.707057337097197,-0.834355884749143,-0.105646992030779,-0.0055266076184184,-1.38872671492311,-1.67310617307911,-0.0829391399557771,-1.38872671492311,-1.38872671492311,-5.65620379774015,0.547187020308051,0.706758676540073,1.79922859337544,0.332634316148832,0.184804928131415,-0.778443113772456,0.103496503496504,0.51023751023751,0.549294457232169,7,-0.451180889036392,3.46724395185337,3.58360633561165,1.04069346035491,0.549207072047937,1.2825787863671,0.00181933882527863,-0.507026497530668,0.0564981281264086,5569.0000000001,0.503044390809546,0.0279416094322703,2272.0000000001,0.101497367458161,0.604541758167707,0.0155086824928469,0.284519595517765,0.110136181177462,0.678028604579236,0.910638057928333,0.349019338457686,0.0475477611073605,0.198693761698044,0.0975059054718358,0.044607168495926,0.444474967168993,2.31141137862641,1.656422773434,0.0642335857374938,3.36850116338284,0.223123099423871,0.299295724414531,0.0921957593701404,0.118239853752815,0.162953260325947,-1.21363503821656,-0.375936451010976,0.0103910530021415,-0.933855424466948,-0.933855424466948,-0.145782598113286,-11.1237643700366,-0.109509403032043,-0.11841378517947,0.436816232223076,-0.211407966970952,-0.131171506605137,-0.195273247077726,0,5569.0000000001,0.0129049078593902,0.00260377453345667,0.993460192572856,0.243531851865297,2911.25508172755,0.0312499302740435,270,2,"SNETWORK (2 12 2911.25508172755 0.993460192572856 100001650 270)",100
37,100001651,0.327611394490647,81,1.29896932353205,1.22104076566898,1.45807027539656,1.42805593959054,1.43873085382348,0.112736896135085,0.0469800287247776,-0.509792258586984,0.638319022309776,-0.39103596865933,0.627834890578314,-1.1009771256457,-0.39103596865933,-0.39103596865933,-0.53628307905181,-0.576308399253574,-0.624755928891564,-0.499702566212833,-0.662917894403149,0.665297741273101,-1.69993346640053,-0.507226107226108,0.644007644007643,0.327611394490647,12,-0.442804395956543,0.0990697539147516,0.0987080604073276,0.569130018760395,0.326934485714154,0.216526642976384,0.639448965774112,-0.700170665267231,0.153503828039305,79.0000000001,0.0775538502515341,0.0810608563145614,1348.0000000001,0.69880843880259,0.776362288954124,0.0357950872120932,0.0109072136607277,-0.300763205056677,0.140086934557599,0.00750193931079591,-0.204072410036745,0.196106421872296,-0.206614882542814,0.589781814545333,-0.190022237853593,-0.351728554284539,0.527799684731042,0.260724792300399,0.254794891635223,0.480560111864817,0.528207847926239,1.07109749798066,2.19258446122348,2.1515594435597,2.28302402457116,-0.0186540547208331,-0.640887406024147,-1.71720645051442,-0.0187245460562048,-0.0187245460562048,0.283138803102888,-0.131407063219078,-0.733210199421112,-0.760460680262394,-1.17051033357036,-0.506213770310214,-0.398921122129561,-0.176608524335194,0.00230945295005175,1348.0000000001,0.00357571054378453,0.0322193765683086,0.471445112467852,2.2310448353329,4710.28206332107,0.0312499339939208,1129,2,"SNETWORK (2 37 4710.28206332107 0.471445112467852 100001651 1129)",100
3,100001652,-0.477054152466163,64,-0.494845044588713,-0.486027089260215,-0.467885001197052,-0.45962963966976,-0.447550990366083,-0.325144614214883,-0.399491020121677,0.647087124700133,0.96785178924961,0.0292244523220552,-1.15371689176458,0.211855100181905,0.0292244523220552,0.0292244523220552,-4.89007881464851,0.236157159130372,0.275060295837639,1.28290788070412,0.03503438557856,0.501026694045174,-0.58882235528942,1.04055944055944,1.3033033033033,-0.477054152466163,7,0.709691517325722,0.927912032004901,0.933921266466759,-0.518359690340202,-0.478274112786665,-0.79167702897432,0.967650753295243,0.543212734787484,0.0540500992628505,136.0000000001,0.0117525049155874,0.179686468059585,1190.0000000001,0.341867147174925,0.353619651990512,0.0140978542757958,-0.547926276942948,0.992517774664926,-0.810622670798854,-0.631168486748817,0.287630653701194,-1.08759216055197,0.252088844408738,-0.0093099881771485,0.122520106295268,0.286931410251477,0.871682575117336,0.856999189699087,0.185014462177166,0.879064454504275,-0.359369612011191,-0.638641445998378,-0.89778437282183,-0.860982036160378,-0.83280147843515,-0.258760901997005,0.393375816274132,-0.933993002621353,-0.245711894787599,-0.245711894787599,0.110094526133348,-5.91833951535142,-0.476087254508267,-0.510538701917758,-0.380771662108296,-0.415386916694832,-0.144919876426537,0.232556896311916,1.93077774331576e-14,1190.0000000001,0.000468540416814247,0.0136293137589816,0.367623783261592,1.92212136631133,1720.57360606186,0.0624998605480869,65,2,"SNETWORK (2 3 1720.57360606186 0.367623783261592 100001652 65)",100
41,100001653,0.0247580020714602,191,-0.419244275461604,0,0.315622755524543,0.310024668600395,0.31737100022456,0.924409878522102,0.850863201217967,-0.396660567115244,-0.418777161526465,0.87974128355493,0.60305395504254,0.758949270065201,0.87974128355493,0.87974128355493,0.466418596617802,-0.621941706908029,-0.748114891484488,-0.22995510256522,-0.769829332654904,-0.720739219712526,0,-0.434965034965035,-0.700859950859951,0.0247580020714602,10,-0.679639517864449,-0.0602610527444543,-0.0599190995442615,1.04199177907196,0.0254320184498499,-0.208976302849888,-0.41534231165357,-0.262790580324643,0.198395576253664,1175.0000000001,1.49082061643791,0.216837323727652,334.0000000001,0.463165331528373,1.95398594786628,0.092653811797898,0.429041853259474,-0.156211128658684,-0.245034722261078,0.200679554070393,0.68837098625179,-0.164160363828774,0.715640675561798,-0.528166269205948,0.855471043009972,0.445283419612008,0.567900086024792,0.611232659535773,0.0616487258921938,1.00882314048657,0.0998734410877988,0.495851840802391,0.102215627178165,0.139017963839622,0.16719852156484,0.380970452128109,1.08511017913922,-0.71863887214999,0.420365387030023,0.420365387030023,-0.590762796003366,-0.138954354765111,-1.17592819818803,-1.09798756276845,-0.930847718507782,-1.04899487270194,0.911991501595123,0.383741184136203,0,1175.0000000001,0.0706915076945265,0.0219623040033715,0.584824035029687,0.519528841578209,2754.25263099808,0.0625,1397,2,"SNETWORK (2 41 2754.25263099808 0.584824035029687 100001653 1397)",100
43,100001654,0.302108333439557,155,0.12371145778112,0.869954874556633,0.965149594579297,0.947078472655203,0.966783102940535,0.120600341581831,0.064874047307911,-0.455536104538258,-0.508832669500398,-0.118310081636046,0.818257410185101,-0.279158609020438,-0.118310081636046,-0.118310081636046,0.0659245182734878,0.617967332965021,0.471492880946985,-0.414678967145168,0.827156410962244,0.147843942505134,-0.958083832335329,-0.581818181818182,-0.163390663390663,0.302108333439557,11,-0.240796361264349,0.270071160992338,0.26966423342523,0.266820052542732,0.298816093368991,-0.140781758637553,-0.505507024774072,-0.320198408487967,0.111883544773522,3.0000000001,0.330792715075918,0.0386249386774136,1.0000000001,0.0380659144847106,0.368858629460629,0.0165029065759733,0.153928466849353,-0.618004520738978,0.556425241626038,-0.540719650672516,-1.70884650343114,-0.173296737828109,-1.67716909566503,-0.716431477970938,-1.70417017131647,-0.685458513458665,0.151660285756595,0.319029270543845,0.0239180431852528,0.0548604643965461,-0.353148128111645,0.538992472803679,2.19258446122347,2.15155944355969,2.28302402457116,-0.995270496436555,0.138176424757305,-0.089312139917486,-0.802397029108894,-0.802397029108894,0.705003410307603,-0.224022905023754,0.451561995488747,0.305470702755235,0.191117358534621,0.462457121531252,0.0386186556511054,-0.0784997826271941,0,3.0000000001,0.0147998197782262,0.00170308669774701,0.604238698639581,1.88696952915052,3678.95812575359,0.0312500660060792,1624,2,"SNETWORK (2 43 3678.95812575359 0.604238698639581 100001654 1624)",100
17,100001655,-0.802430766942154,67,-0.711340194022643,-0.147031598306002,-0.358045591966192,-0.357303355798844,-0.355675841278248,-0.0467220690794584,-0.0387999285272901,0.302109334637039,1.30244021912912,0.688136455090707,0.0524031515021359,-0.0969648967445124,0.688136455090707,0.688136455090707,0.508018708064194,-0.0118987221931752,-0.0121999066095054,-0.451690546233173,0.0398503712224911,-0.596303901437372,0.141716566866268,0,-0.395577395577396,-0.802430766942154,9,0.841770710175715,0.072097839580197,0.0718100434240181,-0.618497649993435,-0.802137627265137,0.111892521297362,1.30295799008675,-0.485644524368874,0.12256175579687,637.0000000001,0.124821955146786,0.146180263458749,2495.0000000001,0.583117217117199,0.707939172163985,0.0327956476742731,0.0996412971209683,-0.838960175521606,0.162462243488208,-0.171666613550725,-0.52119577434668,0.112462305291075,-0.529885387368043,0.819701925127554,-0.167964091611219,-0.449652620754154,0.363657035392669,0.267927254595789,-0.953415760836225,0.383983861755794,-0.573486960481418,-0.669724488096057,-1.4058558810172,-1.37829262321507,-1.40813399619979,0.0509952390898081,0.892081425171431,-0.32701204099392,0.052026089957638,0.052026089957638,-0.431979199211258,1.06316675953723e-11,-0.234996087577917,-0.235796758415779,-0.597965441945547,-0.0988641085568709,0.557242545172275,1.1035693558216,0,2495.0000000001,0.00578244149890914,0.027013206075364,0.227784724236657,0.160183107480407,1506.2772335583,0.125,486,2,"SNETWORK (2 17 1506.2772335583 0.227784724236657 100001655 486)",100
29,100001656,-0.708161258856278,108,-0.790377993358492,-0.853832397374456,-0.715996162004961,-0.715344983900652,-0.711097017555422,0.607901146268527,0.569264622668726,1.83857575747397,-0.0680692704439504,0.957584616789746,-0.11087016990345,2.82545901512049,0.957584616789746,0.957584616789746,0.0583278650873799,-0.671915139481869,-0.794727911062469,0.249663227952758,-0.920632728835119,1.05602816075095,-3.18648417450813,-1.88851148851148,0.604422604422604,-0.708161258856278,8,0.381102375878486,0.0271042307746784,0.0269805802126039,-0.389368458154751,-0.706570916771107,-0.351011106928355,-0.0656809212956889,-0.173613973185796,0.685242915517435,1355.0000000001,1.48449457564115,0.175971863861781,189.0000000001,0.0531740579331829,1.53766863347433,0.0717996845239424,-0.331832178429131,-0.27727490226766,-0.202542730648605,-0.497057478135553,-0.45306728567166,-0.339648436683652,-0.464358916405706,-0.171103576739743,-0.451068298464146,-0.435403189816756,0.0959642037565674,-0.0360838812309633,-1.07358972868245,-0.0762824642896331,-0.471792152073761,-0.752292666128179,-0.897784372821839,-0.860982036160378,-0.83280147843515,-0.620138528074519,0.236340833711607,-0.0431902054348671,-0.542758923988718,-0.542758923988718,0.726033960902964,-1.32758314850425,1.08376376432164,1.14502873139384,-0.813039239290552,1.39745479621878,-0.946017556290384,-0.645119493530568,0,1355.0000000001,0.0693167823934933,0.00248290203044908,0.661005923957325,0.990251465525944,1301.66571187902,0.25,903,2,"SNETWORK (2 29 1301.66571187902 0.661005923957325 100001656 903)",100
17,100001657,-0.101264167205032,197,0.152577399052067,0.406018494492994,0,0,0,-0.358951340495689,-0.37886240253178,-0.0450881485102639,0.893791769882672,0.303117916928147,-0.244060763878268,-0.0225461269888276,0.303117916928147,0.303117916928147,0.429265016422726,0.0906726529643717,0.138254260257402,-0.129090230685743,0.110106623877105,-0.443531827515401,0.0161216029479497,0.044324905863371,-0.265923265923267,-0.101264167205032,9,-0.689398439976233,-0.101077895671216,-0.100451507859126,1.057832207496,-0.100274630523459,0.339111198041953,0.894397672935205,-1.12134406876144,0.216665344338281,1300.0000000001,0.45032844306156,0.155604672620709,6715.0000000001,1.67057210570613,2.12090054866769,0.101294438067537,-0.31694170751512,-0.289962955276503,0.283938437485483,0.421462406634983,0.213412916452714,0.348958050121566,0.223166489238512,0.782222449449133,0.206765693135335,0.473661076408929,0.623824286900952,0.797334878493068,0.278938447368143,2.16859907323263,0.121428129376515,-0.277526342387344,0.0870912692845037,0.118448140058233,0.142458955323867,0.664254306713507,-0.378099704561103,0.654573859493042,0.785195946406602,0.785195946406602,-0.0811910829426239,1.06316675953723e-11,-0.850790441980399,-0.7679066954735,-0.53377346093038,-0.788815506677686,0.050880166359673,-0.475398090838345,0,6715.0000000001,0.021507734797557,0.0797867031699795,0.686864308240052,1.20287671483881,2270.70263874203,0.125,616,2,"SNETWORK (2 17 2270.70263874203 0.686864308240052 100001657 616)",100
43,100001658,-0.252592329296636,56,0.12371145778112,0.869954874556633,0.532114998802948,0.540517197237357,0.552449009633917,-0.355488277162971,-0.334360237239763,-0.820252615962331,-0.0997729940818204,-0.472511719505008,0.567996943533355,-1.14934669213889,-0.472511719505008,-0.472511719505008,0.396756005513424,0.681322052605682,0.473211880008998,0.0587257360734534,0.820364032887697,0,0.0419161676646709,0.81118881118881,0.429975429975429,-0.252592329296636,11,0.799968392176544,-0.149941379881206,-0.148918059986979,-0.612755355920517,-0.25584254375923,-0.875183048279001,-0.0972980594221846,0.50179698134047,0.183015212516649,2.0000000001,0.360732814884364,0.062053187539839,6.0000000001,0.366930497449386,0.72766331223375,0.0350538979942379,-0.438082421621031,-0.777940938896537,-0.891142082528807,-0.896098704992815,0.00756914255216332,-1.02097212290872,0.00752767077761821,-0.620368167471259,0.000669884345944287,0.00828506908775684,0.259763090571012,0.425765481504201,-0.708608720080847,0.356096435575038,-0.353148128111646,0.538992472803681,0.479963183889405,0.523033292470448,0.560387362344949,-0.476615167969698,-0.799549269001581,-0.397374376661919,-0.430750500039645,-0.430750500039645,0.440107336909496,1.06316675953723e-11,-0.354239625246559,-0.272242693272649,0.236425498773108,-0.431036554535947,-0.60932112930216,-0.364392275866463,0,6.0000000001,0.017377667728599,0.0176762301656389,0.221088297266859,1.00343925692141,3120.06856659068,0.0312500660060792,1527,2,"SNETWORK (2 43 3120.06856659068 0.221088297266859 100001658 1527)",100
17,100001659,-0.918927737356613,38,-0.711340194022643,-0.147031598306002,-0.358045591966192,-0.357303355798844,-0.355675841278248,-0.031785902711434,-0.0288051682560273,0.3546618703669,1.35059298965207,0.662666990391445,0.0532658572866789,-0.0864538477522162,0.662666990391445,0.662666990391445,0.511375424502881,0.0123991914251728,0.00607127847842878,-0.483675833682286,0.0763386838771341,-0.596303901437372,0.141716566866268,0,-0.395577395577396,-0.918927737356613,9,0.713721963600981,0.0136684632650777,0.0136037717023333,-0.576257960769134,-0.916201337817562,0.449229088848789,1.34935452301354,-1.17327242444418,0.312073091092901,2716.0000000001,1.35513531361739,0.325066457252838,2024.0000000001,1.05191159134716,2.40704690486454,0.112660496049236,0.276839448522539,0.409905574150272,0.489136566116251,0.117996181846638,-0.566580052250094,0.405412750397578,-0.582016073076377,0.98055308250383,-0.650692997316697,-1.80540196579725,0.423892948108671,-0.0841836846126093,0.210202064714087,-0.144740581100585,-0.675181930528773,-0.587156310063936,-1.4058558810172,-1.37829262321507,-1.40813399619979,-0.763242268606643,-0.830776417032425,0.165636410089181,-0.647206896754237,-0.647206896754237,-1.00339323629154,1.06316675953723e-11,-0.0185506000656079,-0.0477100376645663,-0.912805523150173,0.214255002846918,-1.27421418924523,-1.05336858883293,0,2716.0000000001,0.0634263570838584,0.0492341388653773,0.127424192409435,0.951672687458495,1339.16429087969,0.125,457,2,"SNETWORK (2 17 1339.16429087969 0.127424192409435 100001659 457)",100
17,100001660,0.547307897902645,276,0.152577399052067,0.406018494492994,0.0737102907633875,0.0682577010310203,0.067165878475577,-0.536121064928785,-0.626901374802821,-0.167437361846014,0.637162448700669,-0.263912920095228,-0.380856427351179,0.150655456022637,-0.263912920095228,-0.263912920095228,0.364024488624495,0.250458834340519,0.317785464642113,0.00642499737348692,0.286743456230114,-0.443531827515401,0.0161216029479497,0.044324905863371,-0.265923265923267,0.547307897902645,9,-0.661220152696253,0.445456145007421,0.445751276678666,1.10020701074794,0.546391831966832,0.460893606333339,0.63782339822032,-0.435769061553782,0.121857611387758,1887.0000000001,0.367638626986095,0.154904817380016,2584.0000000001,0.639961735916152,1.00760036280225,0.0437132397457363,0.217537237195091,-0.239070844890669,0.45670136640346,0.965667678822055,0.780345108790735,0.301506367267449,0.742743955395285,0.641259760266622,0.527292369757128,0.994421490393195,0.458576247417959,0.229455452014354,0.254595780933553,0.74514741340746,0.337676328221549,0.0803828949255398,-4.52365144789511e-15,0,-4.84823954093274e-15,0.821405748887987,-1.02715582604056,1.37153695322115,1.0094038658773,1.0094038658773,0.864947959403445,1.06316675953723e-11,-0.593601369712084,-0.443839103842259,0.341094921838165,-0.718481877296399,-0.274056965485328,-1.26820554715411,0,2584.0000000001,0.0159494537665726,0.0277637858791637,0.960534260094948,1.35981670069121,2726.39762306036,0.125,695,2,"SNETWORK (2 17 2726.39762306036 0.960534260094948 100001660 695)",100
15,100001661,1.02054266969507,361,0.288659805977357,0.708741764562854,0.0737102907633875,0.0682577010310203,0.067165878475577,-0.489171952834023,-0.668377221578064,0.0916423913916374,-0.0674872039870796,-1.01441828598755,0.0638092101379404,0.78359938223429,-1.01441828598755,-1.01441828598755,0.252967200164488,0.662874202215639,0.775284143715785,-0.0760876269418947,0.821786198653539,0.850102669404518,-2.28293413173653,-0.85454545454545,0.879299754299754,1.02054266969507,9,1.56197402156176,0.997303271985164,1.0045775013089,-0.771804788610391,1.0140490547778,-0.886564475420405,-0.0653220297578387,0.72800053924442,1.07693083752832,188.0000000001,0.323699655307394,0.159317654382299,335.0000000001,0.0853306955269159,0.40903035073431,0.0161102570889871,2.58483884029613,2.44079397673848,-0.911498756444277,-0.876627645409088,0.0631537981947572,-1.24079386531064,0.0551689072930808,-0.748317913676864,0.248830702443541,0.241309576694527,0.62775055069815,0.493555891391979,-0.0703173483853942,1.10147174259838,0.562105955755759,0.451834062908154,-4.52365144789511e-15,-4.51494518067087e-15,-4.84823954093274e-15,-0.577714011612097,-0.0601499576327073,-0.479736740233497,-0.510428293683428,-0.510428293683428,-0.52386145212717,1.06316675953723e-11,-0.203610130564882,-0.154141414208002,-0.343875798097589,-0.276315859563907,0.00650661936161253,-0.410668084047481,0,335.0000000001,0.0127493830825771,0.00336087390641004,0.0818810071479884,1.17347802853609,3207.43732788713,0.0625,347,2,"SNETWORK (2 15 3207.43732788713 0.0818810071479884 100001661 347)",100
35,100001662,0.998712320770273,224,1.95876350285277,1.6240746339498,1.11742223327512,1.09970853501445,1.1005013034785,0.65963883016458,0.63240073649952,-0.123310148365428,-0.443148359668691,-0.150634538228935,1.12094194768805,-0.775912658996473,-0.150634538228935,-0.150634538228935,-0.77775314174592,-0.521017819438494,-0.629311265246697,-0.920725037598003,-0.516136994973546,-1.3305954825462,1.62674650698603,0.565034965034965,-1.23832923832924,0.998712320770273,12,-0.152171593484109,-0.824763614408686,-0.811782335116812,0.00270636504837218,0.996230718816935,0.648881685390943,-0.439989715797109,0.215312814042139,0.0738390333442664,252.0000000001,0.118999080325115,0.0912036084329924,1098.0000000001,0.640429639224611,0.759428719449726,0.041220060418288,-1.18712005652717,-0.102721689281907,0.295148931862546,-0.0619557660278367,-0.565504587766048,0.78189723063964,-0.674532724770317,-0.10667121184955,-0.162089078985751,0.458471306163155,-0.897568125505159,-0.807969402481886,-1.15091847991312,-0.380523254996075,0.596004386864676,1.11697181886013,2.19258446122348,2.1515594435597,2.28302402457116,-0.255700647321927,0.375528044403889,-1.20561235458738,-0.242976132071889,-0.242976132071889,5.58057937634275,1.06316675953723e-11,0.954792652214351,1.10732035274009,0.264384834186837,0.995916131508752,-0.445512489558459,0.0191434660994915,0,1098.0000000001,0.00645899890235932,0.0347610614159287,0.501254119667522,2.13107817334821,5562.75826585945,0.0156249669969604,997,2,"SNETWORK (2 35 5562.75826585945 0.501254119667522 100001662 997)",100
41,100001663,-0.51763810598833,93,-0.886598059773572,-0.0928456434617663,0.315622755524543,0.310024668600395,0.31737100022456,0.976424063496343,1.12918725621005,0.583669912818059,-0.188168478757976,0.605726299805302,0.529834232712875,0.309201562618387,0.605726299805302,0.605726299805302,0.538021518629309,-0.550956206126648,-0.682919371131617,0.012906871637808,-0.724797260924165,-0.720739219712526,0,-0.434965034965035,-0.700859950859951,-0.51763810598833,10,-0.427709262981087,1.13581678011923,1.14594000702313,0.724675223124516,-0.518320175957778,-0.233898597395391,-0.18561101284319,-0.830971450049247,0.0771570164072872,1042.0000000001,0.514160469332986,0.191320960600889,512.0000000001,0.626452364653653,1.14061283388664,0.0438503890818102,0.0492001512771356,0.008411904279404,-0.108573250681546,0.504334622675783,0.946499912186429,-0.46506885798552,0.798927974357599,-0.367659238768648,0.7104821475658,0.58422437923378,-0.317613045519155,-0.308509170067926,0.12949155572646,-0.194291968297466,-0.658232714974315,0,0.102215627178161,0.139017963839613,0.16719852156484,-0.0953359137632536,-0.00289189660754344,-0.141129011516119,-0.0940019954869846,-0.0940019954869846,1.71683458626884,1.06316675953723e-11,0.451754954249195,0.352556547353455,-0.13589989075112,0.541668766128612,0.627196954880369,-0.09163308190045,0.0264145088182137,1042.0000000001,0.0197666867381171,0.0240837022436931,0.261835856750271,0.543961499969469,2205.20705362402,0.0625,1299,2,"SNETWORK (2 41 2205.20705362402 0.261835856750271 100001663 1299)",100
41,100001664,-0.724933149390779,46,-0.886598059773572,-0.0928456434617663,-0.0369605603324269,-0.0422694509956289,-0.0386919408759992,0.973444583467358,1.1534253057849,0.885332659560147,-0.0955654851221546,0.370271058014765,0.461275840718072,0.365987618592042,0.370271058014765,0.370271058014765,0.552272187769189,-0.337631747501143,-0.481637390299814,0.10473851690325,-0.472666831108599,-0.720739219712526,0,-0.434965034965035,-0.700859950859951,-0.724933149390779,10,0.201495242953778,0.566347608261002,0.567559790237576,-0.203905900836315,-0.724722947233027,-0.631778396695486,-0.0916085729839117,0.55986730459527,0.0684565765508749,209.0000000001,0.0914991378537081,0.078911015928554,144.0000000001,0.0726700846615934,0.164169222415302,0.00697278990311053,0.665434624981356,0.731994150764597,-0.349417136068459,-0.393265975372092,-0.0578482941180849,-0.798945980675968,-0.053670173586128,-0.468080781147219,-0.0600744112556568,-0.0528413624980904,0.125579571918788,0.153686042941955,0.0458942644804796,-0.0516249377512808,-0.658232714974315,0,-1.4058558810172,-1.37829262321507,-1.40813399619979,-1.09778038188231,0.372957507919158,-0.346809109350444,-0.86578089179644,-0.86578089179644,0.667549519347419,5.12021111393129e-12,0.234905718839177,-0.0441382050479788,-0.389780430773708,0.365498812010344,0.905349215260218,0.233538222369928,0,209.0000000001,0.00388625983436236,0.00308652996874817,0.105191963244793,1.54778711055927,1938.92908205865,0.0625,1252,2,"SNETWORK (2 41 1938.92908205865 0.105191963244793 100001664 1252)",100
3,100001665,0.249614714473562,219,0,-0.0695595240108285,-0.467885001197052,-0.45962963966976,-0.447550990366083,-0.464409506562661,-0.543095160093339,0.375703457748023,0.418051468281536,-0.934031800554227,-1.32457365920408,-0.41184193284285,-0.934031800554227,-0.934031800554227,-5.11796371445761,0.314633412967094,0.419553458978887,1.4551057708301,0.102446885597665,0.0739219712525668,-0.0898203592814364,1.0005994005994,0.837837837837838,0.249614714473562,7,-0.0229676963716464,-0.828301814093748,-0.815225121153274,0.238096095595708,0.247450229720056,-0.200966443766066,0.419041307209648,-0.103878386609064,0.0917733623248033,2756.0000000001,0.404381138457964,0.0897897783251371,2392.0000000001,0.343386414230127,0.747767552588092,0.0406125922891463,0.00319863002426815,1.02924764227826,0.00987740103496363,-0.28146534118222,-0.436031192444967,0.0323362542902976,-0.520706054613394,0.387862588608251,0.734340458195421,1.32812125274644,2.01296808017741,1.45623356639904,0.126551677876221,4.63753098368451,0.223123099423871,0.103212322371746,-0.820809539210519,-0.771092664617624,-0.731699632604042,0.0411848770870029,-1.08708922105429,-0.0571540684759724,0.0419207576494502,0.0419207576494502,-0.167355104376519,-0.871287452265889,-0.828112319119415,-0.759705491925845,-0.359435979410228,-0.806093934590443,-0.723205095222272,-1.24737488344026,0,2756.0000000001,0.0219626623360022,0.0186499298531441,0.989658320822457,1.51318688144313,2617.48565390066,0.0624998605480869,220,2,"SNETWORK (2 3 2617.48565390066 0.989658320822457 100001665 220)",100
41,100001666,-0.293476689351561,138,-0.886598059773572,-0.0928456434617663,0.315622755524543,0.310024668600395,0.31737100022456,0.96929359301444,1.00128383494723,0.175671383824335,-0.288501617313227,0.801092813274077,0.556520807436651,0.391887498796358,0.801092813274077,0.801092813274077,0.501389882043909,-0.757456565740528,-0.87441516060735,-0.208968090212505,-0.944516603822313,-0.720739219712526,0,-0.434965034965035,-0.700859950859951,-0.293476689351561,10,0.175412122105532,0.277199330235128,0.276806264683001,-0.209333581514576,-0.291249395774323,0.448957607163645,-0.285688973736076,-0.0433700530507042,0.052305089602499,174.0000000001,0.0582034513122655,0.0769549562400257,1128.0000000001,0.555138354858011,0.613341806070276,0.0274068476771107,1.291803789762,0.658879711576033,-0.330129232295188,0.258015014704432,0.877658340798718,0.336167819193094,0.860240919465322,-0.0707852068889281,1.1025335653047,0.757218204351741,-0.0289012276779949,-0.0733953678658418,-1.10700138497646,-0.124230155671034,-0.658232714974315,0,0.102215627178161,0.139017963839617,0.167198521564845,-0.394095976738293,-0.131169141881773,0.555618432619627,-0.362867532154005,-0.362867532154005,0.014566924222313,1.06316675953723e-11,0.718837655845612,0.683762040209233,0.976544408368445,0.565445173682311,0.5030862618782,0.784504313599508,0,1128.0000000001,0.00260078980481833,0.0248060577722924,0.41553744245777,2.62803248688564,2466.48341462779,0.0625,1344,2,"SNETWORK (2 41 2466.48341462779 0.41553744245777 100001666 1344)",100
3,100001667,0.23155660410365,215,0,-0.0695595240108285,-0.467885001197052,-0.45962963966976,-0.447550990366083,-0.463804079952894,-0.544105677925543,0.381179106738215,0.421403263956555,-0.928000427768138,-1.32287934062631,-0.413083281047509,-0.928000427768138,-0.928000427768138,-5.12791040096937,0.319394002368622,0.424605492098749,1.45939288572837,0.107664953756227,0.0739219712525668,-0.0898203592814364,1.0005994005994,0.837837837837838,0.23155660410365,7,0.0616622320417878,0.228195025169678,0.227731982738699,0.0775393876498167,0.229669979336072,0.420943501724676,0.422334664851098,-0.851438407895171,0.0677979849402032,924.0000000001,0.100157572838933,0.061568811217117,1359.0000000001,0.133775092195544,0.233932664934478,0.0105435692671371,0.731716042055663,1.59330164741424,0.312302509007347,0.462799403492053,0.220200391037846,0.327505132853528,0.217617244365018,0.537894400714793,-0.344244990551828,-0.544889132980555,0.313764427828394,0.28019948765192,-0.949850437002129,0.430080269195817,0.223123099423871,0.103212322371745,-0.751834212897414,-0.690544926566656,-0.641104661755909,0.00345058665979181,-0.646458053571949,0.208733305251973,0.00348074265339487,0.00348074265339487,0.39048227364755,-3.23752292453726,0.277963409061566,0.2990719488115,0.706625594038376,0.147787834848645,-0.539236318819442,-0.201975708115699,0,1359.0000000001,0.00451419769245441,0.00602937147468269,0.972695429386838,0.651873971008768,2593.02684851914,0.0624998605480869,216,2,"SNETWORK (2 3 2593.02684851914 0.972695429386838 100001667 216)",100
